25.9999965526455	52076	428	
27.9999989688821	52096	461	
29.999996405343	52096	494	
31.9999988215795	52092	527	
33.9999962580404	52076	559	
35.999998674277	52096	592	
37.9999961107379	52048	625	
39.9999985269744	52108	658	
41.9999959634353	52080	690	
43.9999983796719	52064	723	
45.9999958161327	52076	756	
47.9999982323693	52080	788	
49.9999956688302	52096	821	
51.9999980850668	52064	853	
53.9999955215276	52064	886	
55.9999979377642	52064	918	
57.9999953742251	52048	951	
59.9999977904616	52076	983	
61.9999952269225	52076	1016	
63.9999976431591	52108	1048	
65.99999507962	52080	1081	
67.9999974958565	52048	1113	
69.9999999120931	52076	1145	
71.999997348554	52112	1178	
73.9999997647905	52048	1210	
75.9999972012514	52060	1242	
77.999999617488	52092	1275	
79.9999970539488	52080	1307	
81.9999994701854	52108	1339	
83.9999919268706	52076	1371	
85.9999943431072	52048	1404	
87.999991779568	52044	1436	
89.9999941958046	52044	1468	
91.9999916322655	52044	1500	
93.999994048502	52092	1532	
95.9999914849629	52064	1564	
97.9999939011995	52096	1596	
99.9999913376603	52028	1628	
101.999993753897	52060	1660	
103.999991190358	52096	1692	
105.999993606594	52092	1724	
107.999991043055	52060	1756	
109.999993459292	52096	1788	
111.999990895753	52096	1820	
113.999993311989	52092	1852	
115.99999074845	52096	1884	
117.999993164687	52112	1916	
119.999990601148	52080	1948	
121.999993017384	52076	1980	
123.999990453845	52064	2011	
125.999992870082	52060	2043	
127.999990306542	52092	2075	
129.999992722779	52076	2107	
131.99999015924	52096	2139	
133.999992575476	52096	2170	
135.999994991713	52080	2202	
137.999992428174	52064	2234	
139.99999484441	52080	2265	
141.999992280871	52092	2297	
143.999994697108	52092	2329	
145.999992133569	52076	2360	
147.999994549805	52064	2392	
149.999991986266	52092	2423	
151.999994402503	52080	2455	
153.999991838964	52080	2487	
155.9999942552	52096	2518	
157.999991691661	52108	2550	
159.999994107898	52064	2581	
161.999991544359	52076	2613	
163.999993960595	52048	2644	
165.999991397056	52064	2675	
167.999988833517	52044	2707	
169.999986269978	52092	2738	
171.999988686214	52080	2770	
173.999986122675	52080	2801	
175.999988538912	52076	2832	
177.999985975373	52076	2864	
179.999988391609	52044	2895	
181.99998582807	52096	2926	
183.999988244307	52096	2957	
185.999985680768	52032	2989	
187.999988097004	52048	3020	
189.999985533465	52044	3051	
191.999987949702	52060	3082	
193.999985386162	52044	3114	
195.999987802399	52080	3145	
197.99998523886	52060	3176	
199.999987655096	52060	3207	
201.999985091557	52044	3238	
203.999987507794	52076	3269	
205.99998992403	52080	3300	
207.999987360491	52092	3331	
209.999989776728	52060	3362	
211.999987213189	52064	3393	
213.999989629425	52064	3424	
215.999987065886	52060	3455	
217.999989482123	52108	3486	
219.999986918584	52108	3517	
221.99998933482	52076	3548	
223.999986771281	52076	3579	
225.999989187518	52092	3610	
227.999986623979	52064	3641	
229.999989040215	52048	3672	
231.999986476676	52096	3703	
233.999988892913	52108	3734	
235.999986329373	52092	3765	
237.99998874561	52096	3795	
239.999986182071	52076	3826	
241.999988598307	52080	3857	
243.999986034768	52044	3888	
245.999988451005	52060	3918	
247.999985887466	52028	3949	
249.999988303702	52080	3980	
251.999980760387	52092	4011	
253.999983176624	52080	4041	
255.999980613085	52076	4072	
257.999983029321	52140	4103	
259.999980465782	52092	4133	
261.999982882019	52140	4164	
263.99998031848	52080	4195	
265.999982734716	52108	4225	
267.999980171177	52048	4256	
269.999982587414	52060	4286	
271.99998500365	52092	4317	
273.999982440111	52064	4347	
275.999984856348	52128	4378	
277.999982292809	52060	4408	
279.999984709045	52064	4439	
281.999982145506	52064	4469	
283.999984561743	52092	4500	
285.999981998204	52092	4530	
287.99998441444	52076	4561	
289.999981850901	52092	4591	
291.999984267138	52096	4622	
293.999981703598	52080	4652	
295.999984119835	52044	4682	
297.999981556296	52080	4713	
299.999983972532	52076	4743	
301.999981408993	52092	4773	
303.99998382523	52076	4804	
305.999981261691	52096	4834	
307.999983677927	52048	4864	
309.999981114388	52044	4894	
311.999983530625	52060	4925	
313.999980967086	52076	4955	
315.999983383322	52080	4985	
317.999980819783	52044	5015	
319.99998323602	52080	5046	
321.999980672481	52080	5076	
323.999983088717	52080	5106	
325.999980525178	52080	5136	
327.999982941415	52076	5166	
329.999980377875	52080	5196	
331.999982794112	52064	5226	
333.999980230573	52096	5257	
335.999977667034	52044	5287	
337.999975103495	52064	5317	
339.999977519731	52064	5347	
341.999979935968	52060	5377	
343.999977372429	52080	5407	
345.999979788665	52060	5437	
347.999977225126	52108	5467	
349.999979641363	52108	5497	
351.999977077824	52128	5527	
353.99997949406	52080	5557	
355.999976930521	52064	5587	
357.999979346758	52064	5617	
359.999976783218	52064	5647	
361.999979199455	52096	5676	
363.999976635916	52092	5706	
365.999979052152	52064	5736	
367.999976488613	52060	5766	
369.99997890485	52108	5796	
371.999976341311	52112	5826	
373.999978757547	52092	5856	
375.999976194008	52064	5885	
377.999978610245	52044	5915	
379.999976046706	52032	5945	
381.999978462942	52080	5975	
383.999975899403	52092	6005	
385.99997831564	52080	6034	
387.999975752101	52092	6064	
389.999978168337	52064	6094	
391.999975604798	52112	6123	
393.999978021035	52124	6153	
395.999975457495	52112	6183	
397.999977873732	52076	6212	
399.999975310193	52076	6242	
401.999977726429	52060	6272	
403.99997516289	52080	6301	
405.999977579127	52092	6331	
407.999979995363	52076	6361	
409.999977431824	52112	6390	
411.999979848061	52064	6420	
413.999977284522	52048	6449	
415.999979700758	52064	6479	
417.999972157443	52124	6508	
419.99997457368	52096	6538	
421.999972010141	52032	6567	
423.999974426377	52092	6597	
425.999971862838	52108	6626	
427.999974279075	52080	6656	
429.999971715536	52076	6685	
431.999974131772	52080	6715	
433.999971568233	52044	6744	
435.99997398447	52076	6774	
437.999971420931	52076	6803	
439.999973837167	52076	6833	
441.999971273628	52080	6862	
443.999973689865	52048	6891	
445.999971126326	52076	6921	
447.999973542562	52092	6950	
449.999970979023	52124	6979	
451.99997339526	52108	7009	
453.99997083172	52080	7038	
455.999973247957	52060	7067	
457.999970684418	52048	7097	
459.999973100654	52060	7126	
461.999970537115	52080	7155	
463.999972953352	52064	7184	
465.999970389813	52092	7214	
467.999972806049	52044	7243	
469.99997024251	52060	7272	
471.999972658747	52092	7301	
473.999975074983	52048	7331	
475.999972511444	52048	7360	
477.999974927681	52096	7389	
479.999972364142	52080	7418	
481.999974780378	52076	7447	
483.999972216839	52092	7476	
485.999974633076	52060	7506	
487.999972069537	52080	7535	
489.999974485773	52080	7564	
491.999971922234	52044	7593	
493.999974338471	52076	7622	
495.999971774931	52060	7651	
497.999974191168	52092	7680	
499.999971627629	52080	7709	
501.99996906409	52096	7738	
503.999966500551	52060	7767	
505.999968916787	52076	7796	
507.999966353248	52092	7825	
509.999968769485	52092	7854	
511.999966205946	52092	7883	
513.999968622182	52064	7912	
515.999966058643	52080	7941	
517.99996847488	52076	7970	
519.99996591134	52044	7999	
521.999968327577	52080	8028	
523.999965764038	52092	8057	
525.999968180274	52076	8086	
527.999965616735	52092	8115	
529.999968032972	52092	8144	
531.999965469433	52076	8173	
533.999967885669	52124	8201	
535.99996532213	52060	8230	
537.999967738367	52096	8259	
539.999965174828	52064	8288	
541.999967591064	52092	8317	
543.999970007301	52092	8346	
545.999967443762	52060	8374	
547.999969859998	52080	8403	
549.999967296459	52092	8432	
551.999969712696	52064	8461	
553.999967149157	52060	8489	
555.999969565393	52044	8518	
557.999967001854	52064	8547	
559.99996941809	52108	8576	
561.999966854551	52064	8604	
563.999969270788	52092	8633	
565.999966707249	52080	8662	
567.999969123485	52108	8690	
569.999966559946	52080	8719	
571.999968976183	52080	8748	
573.999966412644	52064	8776	
575.99996882888	52032	8805	
577.999966265341	52044	8834	
579.999968681578	52048	8862	
581.999966118039	52080	8891	
583.999968534275	52064	8920	
585.99996099096	52060	8948	
587.999963407197	52108	8977	
589.999960843658	52076	9005	
591.999963259894	52092	9034	
593.999960696355	52044	9062	
595.999963112592	52048	9091	
597.999960549053	52048	9120	
599.999962965289	52076	9148	
601.99996040175	52060	9177	
603.999962817987	52064	9205	
605.999960254448	52048	9234	
607.999962670684	52064	9262	
609.999965086921	52060	9291	
611.999962523382	52060	9319	
613.999964939618	52076	9347	
615.999962376079	52044	9376	
617.999964792316	52092	9404	
619.999962228776	52044	9433	
621.999964645013	52064	9461	
623.999962081474	52060	9490	
625.99996449771	52096	9518	
627.999961934171	52028	9546	
629.999964350408	52060	9575	
631.999961786869	52096	9603	
633.999964203105	52048	9631	
635.999961639566	52064	9660	
637.999964055803	52064	9688	
639.999961492264	52060	9716	
641.9999639085	52028	9745	
643.999961344961	52048	9773	
645.999963761198	52044	9801	
647.999961197659	52060	9830	
649.999963613895	52064	9858	
651.999961050356	52064	9886	
653.999963466593	52028	9914	
655.999960903053	52048	9943	
657.99996331929	52048	9971	
659.999960755751	52060	9999	
661.999963171987	52076	10027	
663.999960608448	52044	10056	
665.999963024685	52064	10084	
667.999960461146	52044	10112	
669.999957897607	52076	10140	
671.999955334068	52060	10168	
673.999957750304	52080	10197	
675.999955186765	52060	10225	
677.999957603001	52048	10253	
679.999960019238	52080	10281	
681.999957455699	52044	10309	
683.999959871936	52060	10337	
685.999957308396	52076	10365	
687.999959724633	52076	10393	
689.999957161094	52064	10422	
691.99995957733	52060	10450	
693.999957013791	52048	10478	
695.999959430028	52076	10506	
697.999956866489	52048	10534	
699.999959282725	52064	10562	
701.999956719186	52048	10590	
703.999959135423	52080	10618	
705.999956571884	52080	10646	
707.99995898812	52064	10674	
709.999956424581	52064	10702	
711.999958840818	52080	10730	
713.999956277278	52076	10758	
715.999958693515	52048	10786	
717.999956129976	52060	10814	
719.999958546213	52060	10842	
721.999955982673	52096	10870	
723.99995839891	52064	10898	
725.999955835371	52060	10926	
727.999958251607	52060	10954	
729.999955688068	52044	10982	
731.999958104305	52060	11010	
733.999955540766	52060	11037	
735.999957957002	52080	11065	
737.999955393463	52044	11093	
739.9999578097	52080	11121	
741.999955246161	52080	11149	
743.999957662397	52076	11177	
745.999960078634	52080	11205	
747.999957515095	52048	11232	
749.999959931331	52096	11260	
751.999952388016	52048	11288	
753.999954804253	52048	11316	
755.999952240714	52060	11344	
757.99995465695	52044	11372	
759.999952093411	52064	11399	
761.999954509648	52064	11427	
763.999951946109	52064	11455	
765.999954362345	52060	11483	
767.999951798806	52080	11510	
769.999954215043	52064	11538	
771.999951651504	52080	11566	
773.99995406774	52028	11594	
775.999951504201	52044	11621	
777.999953920438	52060	11649	
779.999951356898	52028	11677	
781.999953773135	52076	11705	
783.999951209596	52092	11732	
785.999953625832	52092	11760	
787.999951062293	52028	11788	
789.99995347853	52032	11815	
791.999950914991	52092	11843	
793.999953331227	52080	11871	
795.999950767688	52064	11898	
797.999953183925	52060	11926	
799.999950620386	52076	11953	
801.999953036622	52048	11981	
803.999950473083	52048	12009	
805.99995288932	52044	12036	
807.999950325781	52064	12064	
809.999952742017	52000	12092	
811.999955158254	52044	12119	
813.999952594715	52076	12147	
815.999955010951	52064	12174	
817.999952447412	52048	12202	
819.999954863649	52096	12229	
821.999952300109	52060	12257	
823.999954716346	52080	12284	
825.999952152807	52032	12312	
827.999954569043	52048	12339	
829.999952005504	52080	12367	
831.999954421741	52076	12394	
833.999951858202	52064	12422	
835.999949294663	52048	12449	
837.999946731123	52076	12477	
839.99994914736	52044	12504	
841.999946583821	52060	12532	
843.999949000058	52076	12559	
845.999946436518	52048	12587	
847.999948852755	52080	12614	
849.999946289216	52080	12642	
851.999948705452	52060	12669	
853.999946141913	52048	12696	
855.99994855815	52064	12724	
857.999945994611	52044	12751	
859.999948410847	52044	12779	
861.999945847308	52060	12806	
863.999948263545	52076	12833	
865.999945700006	52048	12861	
867.999948116242	52064	12888	
869.999945552703	52044	12916	
871.99994796894	52044	12943	
873.9999454054	52060	12970	
875.999947821637	52076	12998	
877.999945258098	52064	13025	
879.999947674335	52060	13052	
881.999950090571	52028	13080	
883.999947527032	52060	13107	
885.999949943268	52064	13134	
887.999947379729	52076	13161	
889.999949795966	52060	13189	
891.999947232427	52060	13216	
893.999949648663	52064	13243	
895.999947085124	52044	13271	
897.999949501361	52064	13298	
899.999946937822	52048	13325	
901.999949354058	52064	13352	
903.999946790519	52092	13380	
905.999949206756	52044	13407	
907.999946643217	52080	13434	
909.999949059453	52028	13461	
911.999946495914	52044	13488	
913.999948912151	52060	13516	
915.999946348612	52044	13543	
917.999948764848	52032	13570	
919.999941221533	52080	13597	
921.99994363777	52064	13624	
923.999941074231	52028	13652	
925.999943490467	52028	13679	
927.999940926928	52044	13706	
929.999943343165	52048	13733	
931.999940779625	52080	13760	
933.999943195862	52092	13787	
935.999940632323	52092	13814	
937.99994304856	52076	13841	
939.99994048502	52060	13869	
941.999942901257	52044	13896	
943.999940337718	52076	13923	
945.999942753954	52060	13950	
947.999945170191	52048	13977	
949.999942606652	52060	14004	
951.999945022888	52048	14031	
953.999942459349	52048	14058	
955.999944875586	52032	14085	
957.999942312047	52080	14112	
959.999944728283	52064	14139	
961.999942164744	52076	14166	
963.999944580981	52076	14193	
965.999942017442	52064	14220	
967.999944433678	52048	14247	
969.999941870139	52064	14274	
971.999944286376	52048	14301	
973.999941722837	52080	14328	
975.999944139073	52064	14355	
977.999941575534	52060	14382	
979.999943991771	52060	14409	
981.999941428231	52028	14436	
983.999943844468	52048	14463	
985.999941280929	52048	14490	
987.999943697165	52048	14517	
989.999941133626	52044	14544	
991.999943549863	52076	14571	
993.999940986324	52048	14598	
995.99994340256	52064	14625	
997.999940839021	52076	14652	
999.999943255258	52064	14679	
1001.99994069172	52076	14706	
1003.99993812818	52064	14732	
1005.99993556464	52064	14759	
1007.99993798088	52048	14786	
1009.99993541734	52048	14813	
1011.99993783357	52064	14840	
1013.99993527004	52048	14867	
1015.99993768627	52060	14894	
1017.99994010251	52028	14921	
1019.99993753897	52076	14947	
1021.99993995521	52048	14974	
1023.99993739167	52076	15001	
1025.9999398079	52048	15028	
1027.99993724436	52060	15055	
1029.9999396606	52032	15082	
1031.99993709706	52044	15108	
1033.9999395133	52044	15135	
1035.99993694976	52064	15162	
1037.999939366	52044	15189	
1039.99993680246	52080	15216	
1041.99993921869	52096	15242	
1043.99993665515	52044	15269	
1045.99993907139	52044	15296	
1047.99993650785	52080	15323	
1049.99993892409	52064	15349	
1051.99993636055	52044	15376	
1053.99993877679	52060	15403	
1055.99993621325	52048	15430	
1057.99993862948	52048	15456	
1059.99993606594	52064	15483	
1061.99993848218	52076	15510	
1063.99993591864	52076	15536	
1065.99993833488	52064	15563	
1067.99993577134	52060	15590	
1069.99993818758	52060	15616	
1071.99993562404	52080	15643	
1073.99993804027	52064	15670	
1075.99993547673	52060	15696	
1077.99993789297	52048	15723	
1079.99993532943	52044	15750	
1081.99993774567	52080	15776	
1083.9999401619	52048	15803	
1085.99993759837	52060	15830	
1087.99993503483	52032	15856	
1089.99993247129	52048	15883	
1091.99993488752	52032	15910	
1093.99993232398	52032	15936	
1095.99993474022	52032	15963	
1097.99993217668	52044	15989	
1099.99993459292	52076	16016	
1101.99993202938	52060	16043	
1103.99993444562	52048	16069	
1105.99993188208	52076	16096	
1107.99993429831	52060	16122	
1109.99993173477	52048	16149	
1111.99993415101	52044	16176	
1113.99993158747	52028	16202	
1115.99993400371	52060	16229	
1117.99993144017	52064	16255	
1119.99993385641	52048	16282	
1121.99993129287	52076	16308	
1123.9999337091	52012	16335	
1125.99993114556	52028	16361	
1127.9999335618	52048	16388	
1129.99993099826	52048	16414	
1131.9999334145	52048	16441	
1133.99993085096	52060	16467	
1135.9999332672	52060	16494	
1137.99993070366	52044	16520	
1139.99993311989	52032	16547	
1141.99993055635	52028	16573	
1143.99993297259	52076	16600	
1145.99993040905	52048	16626	
1147.99993282529	52060	16653	
1149.99993524152	52044	16679	
1151.99993267798	52048	16706	
1153.99993509422	52064	16732	
1155.99993253068	52044	16758	
1157.99993494692	52044	16785	
1159.99993238338	52044	16811	
1161.99993479962	52076	16838	
1163.99993223608	52064	16864	
1165.99993465231	52044	16891	
1167.99993208877	52048	16917	
1169.99992952524	52048	16943	
1171.9999269617	52060	16970	
1173.99992937793	52028	16996	
1175.99992681439	52048	17022	
1177.99992923063	52064	17049	
1179.99992666709	52048	17075	
1181.99992908333	52064	17102	
1183.99992651979	52048	17128	
1185.99992893603	52060	17154	
1187.99992637249	52076	17181	
1189.99992878872	52044	17207	
1191.99992622518	52028	17233	
1193.99992864142	52012	17260	
1195.99992607788	52060	17286	
1197.99992849412	52044	17312	
1199.99992593058	52076	17339	
1201.99992834682	52064	17365	
1203.99992578328	52032	17391	
1205.99992819951	52028	17418	
1207.99992563597	52044	17444	
1209.99992805221	52044	17470	
1211.99992548867	52028	17496	
1213.99992790491	52048	17523	
1215.99992534137	52048	17549	
1217.9999277576	52060	17575	
1219.99993017384	52048	17601	
1221.9999276103	52060	17628	
1223.99993002654	52060	17654	
1225.999927463	52044	17680	
1227.99992987924	52064	17706	
1229.9999273157	52060	17733	
1231.99992973193	52048	17759	
1233.99992716839	52076	17785	
1235.99992958463	52032	17811	
1237.99992702109	52048	17838	
1239.99992943733	52044	17864	
1241.99992687379	52064	17890	
1243.99992929003	52076	17916	
1245.99992672649	52044	17942	
1247.99992914272	52064	17969	
1249.99992657918	52032	17995	
1251.99992899542	52076	18021	
1253.99992145211	52028	18047	
1255.99992386834	52016	18073	
1257.9999213048	52044	18099	
1259.99992372104	52048	18126	
1261.9999211575	52060	18152	
1263.99992357374	52048	18178	
1265.9999210102	52032	18204	
1267.99992342644	52076	18230	
1269.9999208629	52048	18256	
1271.99992327913	52048	18282	
1273.99992071559	52060	18309	
1275.99992313183	52080	18335	
1277.99992056829	52044	18361	
1279.99992298453	52060	18387	
1281.99992042099	52048	18413	
1283.99992283722	52048	18439	
1285.99992525346	52060	18465	
1287.99992268992	52016	18491	
1289.99992510616	52016	18517	
1291.99992254262	52048	18543	
1293.99992495886	52044	18569	
1295.99992239532	52044	18596	
1297.99992481155	52064	18622	
1299.99992224801	52060	18648	
1301.99992466425	52032	18674	
1303.99992210071	52048	18700	
1305.99992451695	52076	18726	
1307.99992195341	52044	18752	
1309.99992436965	52064	18778	
1311.99992180611	52064	18804	
1313.99992422234	52032	18830	
1315.9999216588	52032	18856	
1317.99992407504	52044	18882	
1319.9999215115	52092	18908	
1321.99992392774	52076	18934	
1323.9999213642	52048	18960	
1325.99992378044	52044	18986	
1327.9999212169	52048	19012	
1329.99992363313	52064	19038	
1331.99992106959	52060	19064	
1333.99992348583	52048	19090	
1335.99992092229	52060	19116	
1337.99991835875	52076	19142	
1339.99991579521	52080	19168	
1341.99991821145	52048	19194	
1343.99991564791	52032	19220	
1345.99991806415	52048	19246	
1347.99991550061	52064	19272	
1349.99991791684	52048	19298	
1351.99991535331	52060	19323	
1353.99991776954	52060	19349	
1355.99992018578	52032	19375	
1357.99991762224	52016	19401	
1359.99992003848	52048	19427	
1361.99991747494	52060	19453	
1363.99991989117	52012	19479	
1365.99991732763	52048	19505	
1367.99991974387	52044	19531	
1369.99991718033	52060	19557	
1371.99991959657	52032	19583	
1373.99991703303	52048	19608	
1375.99991944927	52080	19634	
1377.99991688573	52048	19660	
1379.99991930196	52044	19686	
1381.99991673842	52044	19712	
1383.99991915466	52076	19738	
1385.99991659112	52060	19764	
1387.99991900736	52064	19789	
1389.99991644382	52076	19815	
1391.99991886006	52032	19841	
1393.99991629652	52016	19867	
1395.99991871275	52032	19893	
1397.99991614921	52032	19919	
1399.99991856545	52064	19944	
1401.99991600191	52060	19970	
1403.99991841815	52060	19996	
1405.99991585461	52048	20022	
1407.99991827085	52044	20048	
1409.99991570731	52080	20073	
1411.99991812354	52032	20099	
1413.99991556	52060	20125	
1415.99991797624	52076	20151	
1417.9999154127	52044	20177	
1419.99991782894	52048	20202	
1421.9999152654	52064	20228	
1423.99991270186	52076	20254	
1425.9999151181	52076	20280	
1427.99991255456	52044	20305	
1429.99991497079	52032	20331	
1431.99991240725	52028	20357	
1433.99991482349	52060	20383	
1435.99991225995	52048	20408	
1437.99991467619	52032	20434	
1439.99991211265	52060	20460	
1441.99991452889	52044	20486	
1443.99991196535	52012	20511	
1445.99991438158	52060	20537	
1447.99991181804	52060	20563	
1449.99991423428	52044	20588	
1451.99991167074	52048	20614	
1453.99991408698	52060	20640	
1455.99991152344	52048	20666	
1457.99991393968	52060	20691	
1459.99991137614	52028	20717	
1461.99991379237	52028	20743	
1463.99991122883	52064	20768	
1465.99991364507	52064	20794	
1467.99991108153	52032	20820	
1469.99991349777	52028	20845	
1471.99991093423	52028	20871	
1473.99991335047	52032	20897	
1475.99991078693	52044	20922	
1477.99991320316	51984	20948	
1479.99991063962	52016	20974	
1481.99991305586	52032	20999	
1483.99991049232	52048	21025	
1485.99991290856	52044	21051	
1487.99991532479	52064	21076	
1489.99991276126	52064	21102	
1491.99991517749	52080	21127	
1493.99991261395	52048	21153	
1495.99991503019	52060	21179	
1497.99991246665	52016	21204	
1499.99991488289	52044	21230	
1501.99991231935	52080	21255	
1503.99990975581	52048	21281	
1505.99990719227	52060	21307	
1507.99990960851	52048	21332	
1509.99990704497	52060	21358	
1511.9999094612	52016	21383	
1513.99990689766	52048	21409	
1515.9999093139	52044	21435	
1517.99990675036	52028	21460	
1519.9999091666	52044	21486	
1521.99990660306	52048	21511	
1523.9999090193	52092	21537	
1525.99990645576	52064	21562	
1527.99990887199	52048	21588	
1529.99990630845	52028	21613	
1531.99990872469	52028	21639	
1533.99990616115	52064	21664	
1535.99990857739	52044	21690	
1537.99990601385	52048	21716	
1539.99990843009	52044	21741	
1541.99990586655	52032	21767	
1543.99990828278	52048	21792	
1545.99990571924	52064	21818	
1547.99990813548	52044	21843	
1549.99990557194	52032	21869	
1551.99990798818	52044	21894	
1553.99990542464	52060	21920	
1555.99990784088	52060	21945	
1557.99991025711	52028	21971	
1559.99990769357	52028	21996	
1561.99991010981	52044	22022	
1563.99990754627	52048	22047	
1565.99990996251	52016	22073	
1567.99990739897	52044	22098	
1569.9999098152	52044	22123	
1571.99990725166	52096	22149	
1573.9999096679	52060	22174	
1575.99990710436	52012	22200	
1577.9999095206	52028	22225	
1579.99990695706	52044	22251	
1581.9999093733	52048	22276	
1583.99990680976	52012	22302	
1585.99990922599	52044	22327	
1587.99990168268	52048	22352	
1589.99990409892	52028	22378	
1591.99990153538	52016	22403	
1593.99990395161	52048	22429	
1595.99990138807	52028	22454	
1597.99990380431	52048	22480	
1599.99990124077	52032	22505	
1601.99990365701	52032	22530	
1603.99990109347	52028	22556	
1605.99990350971	52032	22581	
1607.99990094617	52028	22606	
1609.9999033624	52000	22632	
1611.99990079886	52060	22657	
1613.9999032151	52016	22683	
1615.99990065156	52032	22708	
1617.9999030678	52032	22733	
1619.99990050426	52028	22759	
1621.9999029205	52060	22784	
1623.99990533673	52044	22809	
1625.99990277319	52076	22835	
1627.99990518943	52060	22860	
1629.99990262589	52028	22886	
1631.99990504213	52060	22911	
1633.99990247859	52048	22936	
1635.99990489482	52048	22962	
1637.99990233128	51996	22987	
1639.99990474752	52044	23012	
1641.99990218398	52048	23038	
1643.99990460022	52032	23063	
1645.99990203668	52080	23088	
1647.99990445292	52028	23113	
1649.99990188938	52076	23139	
1651.99990430561	52044	23164	
1653.99990174207	52076	23189	
1655.99990415831	52076	23215	
1657.99990159477	52044	23240	
1659.99990401101	52032	23265	
1661.99990144747	52032	23291	
1663.99990386371	51996	23316	
1665.99990130017	52032	23341	
1667.9999037164	52032	23366	
1669.99990115286	52032	23392	
1671.99989858933	52048	23417	
1673.99989602579	52044	23442	
1675.99989844202	52012	23468	
1677.99989587848	52016	23493	
1679.99989829472	52016	23518	
1681.99989573118	52028	23543	
1683.99989814742	52048	23569	
1685.99989558388	52028	23594	
1687.99989800012	52048	23619	
1689.99989543658	52028	23644	
1691.99989785281	52044	23669	
1693.99990026905	52048	23695	
1695.99989770551	52012	23720	
1697.99990012175	52048	23745	
1699.99989755821	52044	23770	
1701.99989997444	52044	23796	
1703.9998974109	52028	23821	
1705.99989982714	52032	23846	
1707.9998972636	52028	23871	
1709.99989967984	52016	23896	
1711.9998971163	52032	23922	
1713.99989953254	52012	23947	
1715.999896969	51996	23972	
1717.99989938523	52032	23997	
1719.99989682169	52048	24022	
1721.99989923793	52012	24048	
1723.99989667439	52064	24073	
1725.99989909063	52076	24098	
1727.99989652709	52032	24123	
1729.99989894333	52048	24148	
1731.99989637979	52044	24173	
1733.99989879602	52032	24199	
1735.99989623248	52032	24224	
1737.99989864872	52028	24249	
1739.99989608518	52012	24274	
1741.99989850142	52000	24299	
1743.99989593788	52028	24324	
1745.99989835412	52016	24349	
1747.99989579058	52028	24375	
1749.99989820681	52016	24400	
1751.99989564327	52028	24425	
1753.99989805951	52044	24450	
1755.9998905162	52044	24475	
1757.99989293243	52044	24500	
1759.99989534867	52048	24525	
1761.99989278513	52080	24551	
1763.99989520137	52028	24576	
1765.99989263783	52028	24601	
1767.99989505406	52016	24626	
1769.99989249052	52000	24651	
1771.99989490676	52016	24676	
1773.99989234322	52016	24701	
1775.99989475946	52016	24726	
1777.99989219592	52016	24751	
1779.99989461216	52032	24776	
1781.99989204862	52016	24801	
1783.99989446485	52016	24827	
1785.99989190131	52028	24852	
1787.99989431755	51984	24877	
1789.99989175401	52048	24902	
1791.99989417025	52032	24927	
1793.99989160671	52048	24952	
1795.99989402295	52028	24977	
1797.99989145941	52060	25002	
1799.99989387564	52044	25027	
1801.9998913121	52044	25052	
1803.99989372834	52032	25077	
1805.9998911648	52028	25102	
1807.99989358104	52012	25127	
1809.9998910175	52044	25152	
1811.99989343374	52032	25177	
1813.9998908702	52016	25202	
1815.99989328643	52028	25227	
1817.99989072289	52032	25252	
1819.99989313913	52016	25277	
1821.99989057559	52016	25302	
1823.99989299183	52012	25327	
1825.99989540806	52064	25352	
1827.99989284453	52044	25377	
1829.99989526076	52028	25402	
1831.99989269722	52028	25427	
1833.99989511346	52016	25452	
1835.99989254992	52016	25477	
1837.99989496616	52012	25502	
1839.99988742284	52028	25527	
1841.99988983908	52028	25552	
1843.99988727554	52060	25577	
1845.99988969178	52044	25602	
1847.99988712824	51996	25627	
1849.99988954447	52028	25652	
1851.99988698093	51996	25677	
1853.99988939717	52028	25702	
1855.99988683363	52016	25727	
1857.99988924987	52032	25752	
1859.99988668633	52032	25777	
1861.99988910257	52032	25802	
1863.99988653903	52028	25827	
1865.99988895526	52000	25852	
1867.99988639172	52048	25877	
1869.99988880796	52012	25902	
1871.99988624442	51984	25927	
1873.99988866066	52032	25952	
1875.99988609712	52064	25977	
1877.99988851336	52044	26002	
1879.99988594982	52012	26026	
1881.99988836605	52016	26051	
1883.99988580251	52016	26076	
1885.99988821875	52048	26101	
1887.99988565521	52032	26126	
1889.99988807145	52048	26151	
1891.99988550791	52064	26176	
1893.99988792415	52016	26201	
1895.99989034038	51968	26226	
1897.99988777684	52028	26251	
1899.99989019308	52016	26275	
1901.99988762954	52060	26300	
1903.99989004578	52044	26325	
1905.99988748224	52032	26350	
1907.99988989847	52028	26375	
1909.99988733494	52060	26400	
1911.99988975117	52016	26425	
1913.99988718763	52016	26450	
1915.99988960387	52000	26475	
1917.99988704033	51996	26499	
1919.99988945657	52016	26524	
1921.99988191325	52012	26549	
1923.99988432949	52044	26574	
1925.99988176595	51996	26599	
1927.99988418219	52028	26624	
1929.99988161865	52016	26649	
1931.99988403488	52044	26673	
1933.99988147134	52028	26698	
1935.99988388758	52044	26723	
1937.99988132404	52016	26748	
1939.99988374028	52016	26773	
1941.99988117674	52032	26798	
1943.99988359298	52012	26822	
1945.99988102944	51996	26847	
1947.99988344567	52016	26872	
1949.99988088213	52044	26897	
1951.99988329837	52012	26922	
1953.99988073483	52032	26946	
1955.99988315107	52048	26971	
1957.99988058753	52012	26996	
1959.99988300377	51996	27021	
1961.99988542	52032	27046	
1963.99988285646	52032	27070	
1965.9998852727	51980	27095	
1967.99988270916	52048	27120	
1969.9998851254	52064	27145	
1971.99988256186	52048	27170	
1973.99988497809	52048	27194	
1975.99988241456	52044	27219	
1977.99988483079	52048	27244	
1979.99988226725	52012	27269	
1981.99988468349	52060	27294	
1983.99988211995	52016	27318	
1985.99988453619	51996	27343	
1987.99988197265	52028	27368	
1989.99988438888	52028	27393	
1991.99988182535	52012	27417	
1993.99988424158	52028	27442	
1995.99988167804	52028	27467	
1997.99988409428	52032	27492	
1999.99988153074	52044	27516	
2001.99988394698	52028	27541	
2003.99988138344	52032	27566	
2005.9998788199	52060	27591	
2007.99987625636	52048	27615	
2009.9998786726	51996	27640	
2011.99987610906	52044	27665	
2013.99987852529	52012	27690	
2015.99987596175	52060	27714	
2017.99987837799	52016	27739	
2019.99987581445	52028	27764	
2021.99987823069	52000	27788	
2023.99987566715	51996	27813	
2025.99987808339	52028	27838	
2027.99987551985	52044	27863	
2029.99987793608	52028	27887	
2031.99988035232	52012	27912	
2033.99987778878	52032	27937	
2035.99988020502	52000	27961	
2037.99987764148	52028	27986	
2039.99988005771	52032	28011	
2041.99987749418	52016	28035	
2043.99987991041	52016	28060	
2045.99987734687	52012	28085	
2047.99987976311	51996	28109	
2049.99987719957	52048	28134	
2051.99987961581	52044	28159	
2053.99987705227	52060	28184	
2055.9998794685	52032	28208	
2057.99987690496	52028	28233	
2059.9998793212	52028	28258	
2061.99987675766	52028	28282	
2063.9998791739	52016	28307	
2065.99987661036	52016	28331	
2067.9998790266	52044	28356	
2069.99987646306	51996	28381	
2071.99987887929	52000	28405	
2073.99987631575	52016	28430	
2075.99987873199	52012	28455	
2077.99987616845	52048	28479	
2079.99987858469	52000	28504	
2081.99987602115	52016	28529	
2083.99987843739	52012	28553	
2085.99987587385	51984	28578	
2087.99987829008	52016	28603	
2089.99987074677	51996	28627	
2091.99987316301	51996	28652	
2093.99987059947	52028	28676	
2095.9998730157	52012	28701	
2097.99987543194	52032	28726	
2099.9998728684	52012	28750	
2101.99987528464	52016	28775	
2103.9998727211	51996	28799	
2105.99987513733	52032	28824	
2107.9998725738	52028	28849	
2109.99987499003	52016	28873	
2111.99987242649	51996	28898	
2113.99987484273	52032	28922	
2115.99987227919	52000	28947	
2117.99987469543	52012	28972	
2119.99987213189	51996	28996	
2121.99987454812	52000	29021	
2123.99987198458	52016	29045	
2125.99987440082	52032	29070	
2127.99987183728	52032	29095	
2129.99987425352	52032	29119	
2131.99987168998	52028	29144	
2133.99987410622	52016	29168	
2135.99987154268	52032	29193	
2137.99987395891	52048	29217	
2139.99987139537	52016	29242	
2141.99987381161	52012	29266	
2143.99987124807	52028	29291	
2145.99987366431	52032	29316	
2147.99987110077	52044	29340	
2149.99987351701	52000	29365	
2151.99987095347	52032	29389	
2153.9998733697	51968	29414	
2155.99987080616	52016	29438	
2157.9998732224	52000	29463	
2159.99987065886	52048	29487	
2161.9998730751	52064	29512	
2163.99987549133	52060	29536	
2165.9998729278	52048	29561	
2167.99987534403	52016	29585	
2169.99987278049	51996	29610	
2171.99987519673	52016	29635	
2173.99986765342	52032	29659	
2175.99987006965	52028	29684	
2177.99986750611	52028	29708	
2179.99986992235	52028	29733	
2181.99986735881	52012	29757	
2183.99986977505	52048	29782	
2185.99986721151	52044	29806	
2187.99986962774	52012	29831	
2189.9998670642	52044	29855	
2191.99986948044	52044	29880	
2193.9998669169	52016	29904	
2195.99986933314	52028	29929	
2197.9998667696	52028	29953	
2199.99986918584	52044	29978	
2201.9998666223	52044	30002	
2203.99986903853	52032	30027	
2205.99986647499	52044	30051	
2207.99986889123	52048	30075	
2209.99986632769	52016	30100	
2211.99986874393	52028	30124	
2213.99986618039	52012	30149	
2215.99986859663	52012	30173	
2217.99986603309	52028	30198	
2219.99986844932	52016	30222	
2221.99986588578	51984	30247	
2223.99986830202	52044	30271	
2225.99986573848	52012	30296	
2227.99986815472	52012	30320	
2229.99986559118	52000	30345	
2231.99986800742	52028	30369	
2233.99987042365	52032	30393	
2235.99986786011	52016	30418	
2237.99987027635	52012	30442	
2239.99986771281	52016	30467	
2241.99987012905	52012	30491	
2243.99986756551	51996	30516	
2245.99986998174	52016	30540	
2247.99986741821	52032	30564	
2249.99986983444	52028	30589	
2251.9998672709	52028	30613	
2253.99986968714	52032	30638	
2255.99986214382	52044	30662	
2257.99986456006	52060	30687	
2259.99986199652	52064	30711	
2261.99986441276	52012	30735	
2263.99986184922	52044	30760	
2265.99986426546	52032	30784	
2267.99986170192	52028	30809	
2269.99986411815	52012	30833	
2271.99986155461	51996	30857	
2273.99986397085	52032	30882	
2275.99986140731	52012	30906	
2277.99986382355	52016	30931	
2279.99986126001	52044	30955	
2281.99986367625	52032	30979	
2283.99986111271	51996	31004	
2285.99986352894	52012	31028	
2287.9998609654	52012	31053	
2289.99986338164	52016	31077	
2291.9998608181	52016	31101	
2293.99986323434	52064	31126	
2295.9998606708	52028	31150	
2297.99986308704	52032	31174	
2299.99986550327	52012	31199	
2301.99986293973	52016	31223	
2303.99986535597	52028	31248	
2305.99986279243	51980	31272	
2307.99986520867	51984	31296	
2309.99986264513	51984	31321	
2311.99986506136	52032	31345	
2313.99986249783	52048	31369	
2315.99986491406	52044	31394	
2317.99986235052	52032	31418	
2319.99986476676	52016	31442	
2321.99986220322	52028	31467	
2323.99986461946	52012	31491	
2325.99986205592	52000	31515	
2327.99986447215	52000	31540	
2329.99986190862	52012	31564	
2331.99986432485	52028	31588	
2333.99986176131	52060	31613	
2335.99986417755	52000	31637	
2337.99986161401	52016	31661	
2339.99985905047	51996	31686	
2341.99985648693	52044	31710	
2343.99985890317	52028	31734	
2345.99985633963	52012	31759	
2347.99985875587	52016	31783	
2349.99985619233	52012	31807	
2351.99985860856	52016	31832	
2353.99985604502	51996	31856	
2355.99985846126	52012	31880	
2357.99985589772	52016	31904	
2359.99985831396	52012	31929	
2361.99985575042	52012	31953	
2363.99985816666	52012	31977	
2365.99985560312	52032	32002	
2367.99985801935	52016	32026	
2369.99986043559	52016	32050	
2371.99985787205	52012	32075	
2373.99986028829	52012	32099	
2375.99985772475	51996	32123	
2377.99986014098	52012	32147	
2379.99985757745	52016	32172	
2381.99985999368	52060	32196	
2383.99985743014	52012	32220	
2385.99985984638	52016	32244	
2387.99985728284	52032	32269	
2389.99985969908	52028	32293	
2391.99985713554	51996	32317	
2393.99985955177	51996	32342	
2395.99985698824	52044	32366	
2397.99985940447	52048	32390	
2399.99985684093	52016	32414	
2401.99985925717	52012	32439	
2403.99985669363	52016	32463	
2405.99985910987	51996	32487	
2407.99985654633	52032	32511	
2409.99985896256	52012	32536	
2411.99985639902	51968	32560	
2413.99985881526	51984	32584	
2415.99985625172	52000	32608	
2417.99985866796	52028	32633	
2419.99985610442	52032	32657	
2421.99985852066	52028	32681	
2423.99985097734	52032	32705	
2425.99985339358	52048	32729	
2427.99985083004	52044	32754	
2429.99985324628	52012	32778	
2431.99985068274	52016	32802	
2433.99985309897	51984	32826	
2435.99985551521	52012	32851	
2437.99985295167	52012	32875	
2439.99985536791	52012	32899	
2441.99985280437	51996	32923	
2443.9998552206	51984	32947	
2445.99985265707	51984	32972	
2447.9998550733	51996	32996	
2449.99985250976	52016	33020	
2451.999854926	52012	33044	
2453.99985236246	52032	33068	
2455.9998547787	52012	33093	
2457.99985221516	51980	33117	
2459.99985463139	51980	33141	
2461.99985206786	51996	33165	
2463.99985448409	52016	33189	
2465.99985192055	52000	33214	
2467.99985433679	52032	33238	
2469.99985177325	52012	33262	
2471.99985418949	52016	33286	
2473.99985162595	51996	33310	
2475.99985404218	52016	33335	
2477.99985147864	52000	33359	
2479.99985389488	52028	33383	
2481.99985133134	52016	33407	
2483.99985374758	52032	33431	
2485.99985118404	52044	33455	
2487.99985360028	52044	33480	
2489.99985103674	52012	33504	
2491.99985345297	51996	33528	
2493.99985088943	52012	33552	
2495.99985330567	52016	33576	
2497.99985074213	52044	33600	
2499.99985315837	52016	33625	
2501.99985557461	52016	33649	
2503.99985301107	51980	33673	
2505.9998554273	52012	33697	
2507.99984788399	52044	33721	
2509.99985030022	52012	33745	
2511.99984773669	51996	33769	
2513.99985015292	51984	33794	
2515.99984758938	52000	33818	
2517.99985000562	52032	33842	
2519.99984744208	52000	33866	
2521.99984985832	52016	33890	
2523.99984729478	52048	33914	
2525.99984971101	52012	33938	
2527.99984714748	51968	33963	
2529.99984956371	52012	33987	
2531.99984700017	52028	34011	
2533.99984941641	52012	34035	
2535.99984685287	51980	34059	
2537.99984926911	52012	34083	
2539.99984670557	52032	34107	
2541.9998491218	52012	34131	
2543.99984655826	52016	34156	
2545.9998489745	52044	34180	
2547.99984641096	52032	34204	
2549.9998488272	51996	34228	
2551.99984626366	51996	34252	
2553.9998486799	52016	34276	
2555.99984611636	52012	34300	
2557.99984853259	51984	34324	
2559.99984596905	52064	34348	
2561.99984838529	52064	34372	
2563.99984582175	52048	34397	
2565.99984823799	52044	34421	
2567.99984567445	52028	34445	
2569.99984809069	52032	34469	
2571.99985050692	52032	34493	
2573.99984794338	52028	34517	
2575.99985035962	52032	34541	
2577.99984779608	52012	34565	
2579.99985021232	52028	34589	
2581.99984764878	52012	34613	
2583.99985006501	51984	34637	
2585.99984750148	52016	34661	
2587.99984991771	52028	34686	
2589.9998423744	52028	34710	
2591.99984479063	51996	34734	
2593.9998422271	52016	34758	
2595.99984464333	51984	34782	
2597.99984207979	52032	34806	
2599.99984449603	52012	34830	
2601.99984193249	52012	34854	
2603.99984434873	52000	34878	
2605.99984178519	51968	34902	
2607.99984420142	52016	34926	
2609.99984163788	52000	34950	
2611.99984405412	52012	34974	
2613.99984149058	52000	34998	
2615.99984390682	51980	35022	
2617.99984134328	52000	35046	
2619.99984375952	51996	35070	
2621.99984119598	51980	35094	
2623.99984361221	51984	35118	
2625.99984104867	52000	35143	
2627.99984346491	51984	35167	
2629.99984090137	52012	35191	
2631.99984331761	51980	35215	
2633.99984075407	51996	35239	
2635.99984317031	52016	35263	
2637.99984558654	52016	35287	
2639.999843023	52028	35311	
2641.99984543924	52028	35335	
2643.9998428757	52000	35359	
2645.99984529194	52016	35383	
2647.9998427284	51984	35407	
2649.99984514463	52012	35431	
2651.9998425811	51996	35455	
2653.99984499733	52012	35479	
2655.99984243379	52000	35503	
2657.99984485003	52012	35527	
2659.99984228649	52016	35551	
2661.99984470273	52000	35575	
2663.99984213919	52016	35599	
2665.99984455542	52000	35623	
2667.99984199189	52000	35647	
2669.99984440812	52016	35671	
2671.99984184458	52016	35695	
2673.99983928104	52028	35719	
2675.9998367175	52028	35743	
2677.99983913374	52000	35767	
2679.9998365702	51980	35791	
2681.99983898644	51980	35815	
2683.9998364229	52044	35839	
2685.99983883914	52032	35863	
2687.9998362756	52044	35887	
2689.99983869183	52000	35911	
2691.99983612829	52012	35935	
2693.99983854453	52016	35959	
2695.99983598099	52000	35983	
2697.99983839723	52012	36007	
2699.99983583369	52028	36031	
2701.99983824993	52016	36055	
2703.99983568639	52028	36079	
2705.99983810262	52028	36102	
2707.99984051886	52048	36126	
2709.99983795532	52028	36150	
2711.99984037156	52016	36174	
2713.99983780802	51996	36198	
2715.99984022426	52028	36222	
2717.99983766072	52028	36246	
2719.99984007695	52032	36270	
2721.99983751341	52028	36294	
2723.99983992965	52016	36318	
2725.99983736611	52028	36342	
2727.99983978235	51996	36366	
2729.99983721881	52028	36390	
2731.99983963504	52016	36414	
2733.99983707151	52012	36438	
2735.99983948774	52060	36462	
2737.9998369242	52032	36486	
2739.99983934044	52012	36510	
2741.9998367769	52000	36534	
2743.99983919314	52048	36557	
2745.9998366296	52044	36581	
2747.99983904583	52016	36605	
2749.9998364823	52000	36629	
2751.99983889853	52028	36653	
2753.99983633499	52016	36677	
2755.99983875123	52012	36701	
2757.99983120791	52012	36725	
2759.99983362415	51984	36749	
2761.99983106061	52000	36773	
2763.99983347685	52016	36797	
2765.99983091331	52048	36821	
2767.99983332955	52000	36845	
2769.99983076601	52032	36868	
2771.99983318224	52012	36892	
2773.99983559848	52012	36916	
2775.99983303494	52000	36940	
2777.99983545118	52032	36964	
2779.99983288764	52012	36988	
2781.99983530388	52000	37012	
2783.99983274034	52000	37036	
2785.99983515657	51984	37060	
2787.99983259303	51996	37084	
2789.99983500927	52000	37107	
2791.99983244573	52028	37131	
2793.99983486197	51996	37155	
2795.99983229843	52044	37179	
2797.99983471466	52048	37203	
2799.99983215113	52012	37227	
2801.99983456736	51996	37251	
2803.99983200382	51996	37275	
2805.99983442006	52000	37299	
2807.99983185652	52000	37322	
2809.99983427276	52016	37346	
2811.99983170922	52028	37370	
2813.99983412545	52012	37394	
2815.99983156192	52012	37418	
2817.99983397815	52016	37442	
2819.99983141461	51980	37466	
2821.99983383085	51984	37490	
2823.99983126731	52032	37513	
2825.99983368355	52028	37537	
2827.99983112001	52032	37561	
2829.99983353624	51984	37585	
2831.9998309727	52016	37609	
2833.99983338894	52012	37633	
2835.9998308254	52012	37657	
2837.99983324164	51980	37680	
2839.99983565788	52016	37704	
2841.99982811456	52000	37728	
2843.9998305308	52012	37752	
2845.99982796726	52012	37776	
2847.99983038349	51996	37800	
2849.99982781996	51996	37824	
2851.99983023619	52000	37847	
2853.99982767265	52000	37871	
2855.99983008889	51952	37895	
2857.99982752535	52016	37919	
2859.99982994159	52012	37943	
2861.99982737805	52016	37967	
2863.99982979428	52012	37990	
2865.99982723075	52012	38014	
2867.99982964698	52032	38038	
2869.99982708344	52016	38062	
2871.99982949968	52032	38086	
2873.99982693614	52028	38110	
2875.99982935238	52012	38133	
2877.99982678884	52016	38157	
2879.99982920507	52060	38181	
2881.99982664154	52016	38205	
2883.99982905777	52028	38229	
2885.99982649423	52016	38253	
2887.99982891047	52028	38276	
2889.99982634693	52044	38300	
2891.99982876317	52000	38324	
2893.99982619963	52000	38348	
2895.99982861586	52016	38372	
2897.99982605232	51980	38395	
2899.99982846856	51996	38419	
2901.99982590502	52000	38443	
2903.99982832126	52012	38467	
2905.99982575772	51996	38491	
2907.99982817396	52032	38514	
2909.99983059019	52044	38538	
2911.99982802665	51968	38562	
2913.99983044289	51964	38586	
2915.99982787935	51984	38610	
2917.99983029559	51984	38633	
2919.99982773205	52028	38657	
2921.99983014829	52032	38681	
2923.99982758475	52032	38705	
2925.99982502121	52000	38729	
2927.99982245767	52012	38752	
2929.9998248739	52012	38776	
2931.99982231037	51996	38800	
2933.9998247266	52000	38824	
2935.99982216306	51996	38848	
2937.9998245793	52012	38871	
2939.99982201576	52016	38895	
2941.999824432	52000	38919	
2943.99982186846	51984	38943	
2945.99982428469	51984	38966	
2947.99982172116	52032	38990	
2949.99982413739	52032	39014	
2951.99982157385	52012	39038	
2953.99982399009	51984	39061	
2955.99982142655	51968	39085	
2957.99982384279	52000	39109	
2959.99982127925	51996	39133	
2961.99982369548	51984	39157	
2963.99982113194	51968	39180	
2965.99982354818	52044	39204	
2967.99982098464	52000	39228	
2969.99982340088	52028	39252	
2971.99982083734	52028	39275	
2973.99982325358	51996	39299	
2975.99982566981	52044	39323	
2977.99982310627	52012	39347	
2979.99982552251	51996	39370	
2981.99982295897	51984	39394	
2983.99982537521	52016	39418	
2985.99982281167	51964	39442	
2987.99982522791	51996	39465	
2989.99982266437	52012	39489	
2991.9998250806	52012	39513	
2993.99982251706	52012	39537	
2995.9998249333	51996	39560	
2997.99982236976	52016	39584	
2999.999824786	52000	39608	
3001.99982222246	51984	39631	
3003.99982463869	52012	39655	
3005.99982207516	52028	39679	
3007.99981951162	51980	39703	
3009.99981694808	51984	39726	
3011.99981936431	51996	39750	
3013.99981680078	52016	39774	
3015.99981921701	52012	39798	
3017.99981665347	52044	39821	
3019.99981906971	52016	39845	
3021.99981650617	51980	39869	
3023.99981892241	52028	39892	
3025.99981635887	51980	39916	
3027.9998187751	52016	39940	
3029.99981621156	52012	39964	
3031.9998186278	51980	39987	
3033.99981606426	51984	40011	
3035.9998184805	51980	40035	
3037.99981591696	52012	40058	
3039.9998183332	51968	40082	
3041.99981576966	52012	40106	
3043.99981818589	52012	40130	
3045.99982060213	52000	40153	
3047.99981803859	51984	40177	
3049.99982045483	52000	40201	
3051.99981789129	52016	40224	
3053.99982030753	51984	40248	
3055.99981774399	51964	40272	
3057.99982016022	51984	40295	
3059.99981759668	51984	40319	
3061.99982001292	51984	40343	
3063.99981744938	51996	40366	
3065.99981986562	51980	40390	
3067.99981730208	51996	40414	
3069.99981971831	52000	40438	
3071.99981715478	51996	40461	
3073.99981957101	51964	40485	
3075.99981700747	51996	40509	
3077.99981942371	51952	40532	
3079.99981686017	51964	40556	
3081.99981927641	52012	40580	
3083.99981671287	51996	40603	
3085.9998191291	51964	40627	
3087.99981656557	51952	40651	
3089.9998189818	51980	40674	
3091.99981143849	51996	40698	
3093.99981385472	52028	40722	
3095.99981129118	51968	40745	
3097.99981370742	51996	40769	
3099.99981114388	52028	40793	
3101.99981356012	52000	40816	
3103.99981099658	51996	40840	
3105.99981341282	52000	40864	
3107.99981084928	51984	40887	
3109.99981326551	51964	40911	
3111.99981568175	51984	40935	
3113.99981311821	51996	40958	
3115.99981553445	51984	40982	
3117.99981297091	51996	41006	
3119.99981538715	51996	41029	
3121.99981282361	52016	41053	
3123.99981523984	51984	41077	
3125.9998126763	52028	41100	
3127.99981509254	51996	41124	
3129.999812529	51980	41147	
3131.99981494524	52012	41171	
3133.9998123817	52028	41195	
3135.99981479794	52012	41218	
3137.9998122344	51984	41242	
3139.99981465063	52048	41266	
3141.99981208709	52016	41289	
3143.99981450333	52000	41313	
3145.99981193979	52016	41337	
3147.99981435603	52016	41360	
3149.99981179249	52048	41384	
3151.99981420872	52016	41408	
3153.99981164519	52016	41431	
3155.99981406142	52000	41455	
3157.99981149788	52000	41478	
3159.99981391412	51980	41502	
3161.99981135058	51984	41526	
3163.99981376682	52000	41549	
3165.99981120328	51980	41573	
3167.99981361951	51984	41597	
3169.99981105598	51980	41620	
3171.99981347221	51964	41644	
3173.99981090867	51968	41667	
3175.99980834513	52000	41691	
3177.99981076137	51996	41715	
3179.99980819783	52000	41738	
3181.99981061407	51996	41762	
3183.99980805053	52016	41785	
3185.99981046677	52044	41809	
3187.99980790323	52000	41833	
3189.99981031946	51984	41856	
3191.99980775592	51996	41880	
3193.99981017216	51996	41903	
3195.99980760862	52016	41927	
3197.99981002486	51984	41951	
3199.99980746132	51996	41974	
3201.99980987756	52032	41998	
3203.99980731402	51980	42021	
3205.99980973025	51996	42045	
3207.99980716671	52000	42069	
3209.99980958295	52016	42092	
3211.99980701941	52028	42116	
3213.99980943565	52016	42139	
3215.99980687211	52012	42163	
3217.99980928834	52000	42187	
3219.99980672481	52000	42210	
3221.99980914104	52032	42234	
3223.9998065775	52016	42257	
3225.99980899374	52000	42281	
3227.9998064302	51984	42305	
3229.99980884644	52016	42328	
3231.9998062829	52000	42352	
3233.99980869913	52000	42375	
3235.9998061356	52012	42399	
3237.99980855183	52028	42422	
3239.99980598829	52016	42446	
3241.99980840453	51964	42470	
3243.99980584099	52012	42493	
3245.99980825723	52000	42517	
3247.99981067346	52016	42540	
3249.99980810992	52000	42564	
3251.99981052616	52000	42587	
3253.99980796262	52016	42611	
3255.99981037886	52016	42635	
3257.99980781532	52012	42658	
3259.99980525178	52012	42682	
3261.99980268824	51996	42705	
3263.99980510448	51968	42729	
3265.99980254094	51984	42752	
3267.99980495718	51996	42776	
3269.99980239364	51980	42799	
3271.99980480987	51964	42823	
3273.99980224633	51996	42847	
3275.99980466257	51984	42870	
3277.99980209903	51968	42894	
3279.99980451527	51996	42917	
3281.99980195173	51948	42941	
3283.99980436796	52012	42964	
3285.99980180443	52012	42988	
3287.99980422066	51968	43011	
3289.99980165712	51996	43035	
3291.99980407336	51980	43059	
3293.99980150982	51996	43082	
3295.99980392606	52012	43106	
3297.99980136252	52012	43129	
3299.99980377875	52012	43153	
3301.99980121522	51996	43176	
3303.99980363145	51968	43200	
3305.99980106791	52012	43223	
3307.99980348415	52016	43247	
3309.99980092061	52016	43270	
3311.99980333685	52012	43294	
3313.99980575308	51996	43317	
3315.99980318954	52012	43341	
3317.99980560578	51968	43364	
3319.99980304224	51984	43388	
3321.99980545848	52028	43412	
3323.99980289494	52028	43435	
3325.99980531118	52012	43459	
3327.99980274764	52028	43482	
3329.99980516387	52000	43506	
3331.99980260033	52016	43529	
3333.99980501657	52012	43553	
3335.99980245303	52012	43576	
3337.99980486927	52016	43600	
3339.99980230573	52016	43623	
3341.99979974219	51968	43647	
3343.99979717865	51964	43670	
3345.99979959489	51952	43694	
3347.99979703135	51968	43717	
3349.99979944758	52000	43741	
3351.99979688405	51980	43764	
3353.99979930028	52012	43788	
3355.99979673674	52012	43811	
3357.99979915298	52028	43835	
3359.99979658944	52012	43858	
3361.99979900568	52000	43882	
3363.99979644214	51996	43905	
3365.99979885837	51968	43929	
3367.99979629484	52012	43952	
3369.99979871107	52012	43976	
3371.99979614753	52016	43999	
3373.99979856377	52016	44023	
3375.99979600023	52000	44046	
3377.99979841647	51984	44070	
3379.99979585293	51984	44093	
3381.99979826916	52000	44117	
3383.9998006854	52000	44140	
3385.99979812186	51996	44164	
3387.9998005381	51980	44187	
3389.99979797456	52000	44211	
3391.9998003908	52000	44234	
3393.99979782726	52028	44258	
3395.99980024349	51984	44281	
3397.99979767995	51984	44305	
3399.99980009619	51952	44328	
3401.99979753265	52000	44352	
3403.99979994889	52000	44375	
3405.99979738535	52032	44399	
3407.99979980159	52012	44422	
3409.99979723805	51980	44446	
3411.99979965428	52016	44469	
3413.99979709074	51964	44493	
3415.99979950698	52000	44516	
3417.99979694344	51980	44539	
3419.99979935968	52012	44563	
3421.99979679614	51996	44586	
3423.99979921237	52028	44610	
3425.99979166906	52000	44633	
3427.9997940853	52012	44657	
3429.99979152176	51980	44680	
3431.99979393799	51984	44704	
3433.99979137446	52016	44727	
3435.99979379069	51984	44751	
3437.99979122715	52012	44774	
3439.99979364339	51968	44798	
3441.99979107985	51996	44821	
3443.99979349609	51996	44844	
3445.99979093255	52012	44868	
3447.99979334878	51996	44891	
3449.99979576502	51964	44915	
3451.99979320148	51980	44938	
3453.99979561772	51984	44962	
3455.99979305418	51980	44985	
3457.99979547042	51984	45009	
3459.99979290688	52012	45032	
3461.99979532311	51984	45056	
3463.99979275957	51984	45079	
3465.99979517581	52012	45102	
3467.99979261227	52012	45126	
3469.99979502851	51968	45149	
3471.99979246497	51984	45173	
3473.99979488121	51980	45196	
3475.99979231767	52012	45220	
3477.9997947339	51996	45243	
3479.99979217036	51984	45267	
3481.9997945866	52012	45290	
3483.99979202306	52012	45313	
3485.9997944393	52012	45337	
3487.99979187576	51984	45360	
3489.99979429199	51984	45384	
3491.99979172846	51980	45407	
3493.99979414469	51996	45431	
3495.99979158115	51952	45454	
3497.99979399739	51984	45477	
3499.99979143385	52000	45501	
3501.99979385009	51996	45524	
3503.99979128655	51980	45548	
3505.99979370278	52016	45571	
3507.99979113925	52048	45595	
3509.99978857571	52044	45618	
3511.99978601217	51996	45641	
3513.9997884284	51968	45665	
3515.99979084464	51984	45688	
3517.9997882811	51980	45712	
3519.99979069734	51964	45735	
3521.9997881338	52000	45758	
3523.99979055004	51980	45782	
3525.9997879865	51980	45805	
3527.99979040273	51984	45829	
3529.99978783919	51980	45852	
3531.99979025543	52000	45876	
3533.99978769189	52016	45899	
3535.99979010813	51964	45922	
3537.99978754459	51968	45946	
3539.99978996083	51996	45969	
3541.99978739729	52016	45993	
3543.99978981352	51968	46016	
3545.99978724998	51996	46039	
3547.99978966622	51968	46063	
3549.99978710268	52000	46086	
3551.99978951892	51996	46110	
3553.99978695538	51984	46133	
3555.99978937162	51996	46156	
3557.99978680808	51996	46180	
3559.99978922431	51984	46203	
3561.99978666077	52012	46227	
3563.99978907701	51980	46250	
3565.99978651347	52028	46273	
3567.99978892971	52000	46297	
3569.99978636617	51996	46320	
3571.9997887824	51996	46344	
3573.99978621887	51984	46367	
3575.9997886351	52000	46390	
3577.99978607156	52016	46414	
3579.9997884878	51980	46437	
3581.99978592426	51996	46461	
3583.9997883405	51984	46484	
3585.99979075673	52012	46507	
3587.99978819319	51980	46531	
3589.99979060943	51964	46554	
3591.99978804589	51996	46577	
3593.99978548235	52000	46601	
3595.99978291881	52028	46624	
3597.99978533505	51968	46648	
3599.99978277151	52012	46671	
3601.99978518775	52012	46694	
3603.99978262421	52000	46718	
3605.99978504045	51996	46741	
3607.99978247691	52016	46764	
3609.99978489314	51980	46788	
3611.9997823296	51980	46811	
3613.99978474584	51996	46835	
3615.9997821823	52016	46858	
3617.99978459854	51996	46881	
3619.999782035	51984	46905	
3621.99978445124	51984	46928	
3623.9997818877	51996	46951	
3625.99978430393	52012	46975	
3627.99978174039	52012	46998	
3629.99978415663	52000	47021	
3631.99978159309	52000	47045	
3633.99978400933	51984	47068	
3635.99978144579	51984	47092	
3637.99978386202	51980	47115	
3639.99978129849	51984	47138	
3641.99978371472	51964	47162	
3643.99978115118	52012	47185	
3645.99978356742	51984	47208	
3647.99978100388	51984	47232	
3649.99978342012	51996	47255	
3651.99978583635	51984	47278	
3653.99978327281	52000	47302	
3655.99978568905	51968	47325	
3657.99978312551	51980	47348	
3659.99978554175	51996	47372	
3661.99978297821	52000	47395	
3663.99978539445	51996	47418	
3665.99978283091	51968	47442	
3667.99978524714	51980	47465	
3669.9997826836	52012	47489	
3671.99978509984	52012	47512	
3673.9997825363	51968	47535	
3675.99978495254	51996	47559	
3677.99977740922	51984	47582	
3679.99977982546	51980	47605	
3681.99977726192	51980	47629	
3683.99977967816	51996	47652	
3685.99977711462	52000	47675	
3687.99977953086	51980	47699	
3689.99977696732	51968	47722	
3691.99977938355	51980	47745	
3693.99977682001	52012	47769	
3695.99977923625	52000	47792	
3697.99977667271	51964	47815	
3699.99977908895	51968	47839	
3701.99977652541	52028	47862	
3703.99977894164	52032	47885	
3705.99977637811	51968	47909	
3707.99977879434	52000	47932	
3709.9997762308	51968	47955	
3711.99977864704	52016	47978	
3713.9997760835	51996	48002	
3715.99977849974	52032	48025	
3717.9997759362	51980	48048	
3719.99977835243	52012	48072	
3721.99978076867	51984	48095	
3723.99977820513	52012	48118	
3725.99978062137	52000	48142	
3727.99977805783	52000	48165	
3729.99978047407	51980	48188	
3731.99977791053	52000	48212	
3733.99978032676	51984	48235	
3735.99977776322	51980	48258	
3737.99978017946	51996	48282	
3739.99977761592	51996	48305	
3741.99978003216	51964	48328	
3743.99977746862	51984	48352	
3745.99977988486	51996	48375	
3747.99977732132	51952	48398	
3749.99977973755	51980	48421	
3751.99977717401	51968	48445	
3753.99977959025	51996	48468	
3755.99977702671	51984	48491	
3757.99977944295	52000	48515	
3759.99977189963	52012	48538	
3761.99977431587	52012	48561	
3763.99977175233	51984	48585	
3765.99977416857	52000	48608	
3767.99977160503	52012	48631	
3769.99977402126	51968	48654	
3771.99977145773	51952	48678	
3773.99977387396	51996	48701	
3775.99977131042	52028	48724	
3777.99977372666	51996	48748	
3779.99977116312	51996	48771	
3781.99977357936	51984	48794	
3783.99977101582	51984	48818	
3785.99977343205	51984	48841	
3787.99977584829	51984	48864	
3789.99977328475	51984	48887	
3791.99977570099	52012	48911	
3793.99977313745	51984	48934	
3795.99977555369	52012	48957	
3797.99977299015	51980	48981	
3799.99977540638	51948	49004	
3801.99977284284	51968	49027	
3803.99977525908	51980	49050	
3805.99977269554	51984	49074	
3807.99977511178	52000	49097	
3809.99977254824	51980	49120	
3811.99977496448	51952	49144	
3813.99977240094	51952	49167	
3815.99977481717	51984	49190	
3817.99977225363	51968	49213	
3819.99977466987	51980	49237	
3821.99977210633	51968	49260	
3823.99977452257	52000	49283	
3825.99977195903	51964	49306	
3827.99977437527	52012	49330	
3829.99977181173	51980	49353	
3831.99977422796	51980	49376	
3833.99977166442	52000	49400	
3835.99977408066	51980	49423	
3837.99977151712	51980	49446	
3839.99977393336	51980	49469	
3841.99977136982	51984	49493	
3843.99976880628	51948	49516	
3845.99976624274	51952	49539	
3847.99976865898	51968	49562	
3849.99976609544	51968	49586	
3851.99976851167	51996	49609	
3853.99977092791	51952	49632	
3855.99976836437	51996	49655	
3857.99977078061	51980	49679	
3859.99976821707	51936	49702	
3861.99977063331	51952	49725	
3863.99976806977	51964	49748	
3865.999770486	51984	49772	
3867.99976792246	51984	49795	
3869.9997703387	51968	49818	
3871.99976777516	51952	49841	
3873.9997701914	51948	49865	
3875.99976762786	51964	49888	
3877.9997700441	52000	49911	
3879.99976748056	51984	49934	
3881.99976989679	51968	49958	
3883.99976733325	51968	49981	
3885.99976974949	51968	50004	
3887.99976718595	52000	50027	
3889.99976960219	51984	50051	
3891.99976703865	51964	50074	
3893.99976945489	51964	50097	
3895.99976689135	52012	50120	
3897.99976930758	52000	50144	
3899.99976674404	52044	50167	
3901.99976916028	52108	50190	
3903.99976659674	52188	50213	
3905.99976901298	52288	50237	
3907.99976644944	52524	50260	
3909.99976886567	52668	50283	
3911.99976630214	52832	50306	
3913.99976871837	52988	50330	
3915.99976615483	53148	50353	
3917.99976857107	53324	50376	
3919.99976600753	53504	50399	
3921.99976842377	53676	50423	
3923.99977084	53808	50446	
3925.99976827646	54028	50469	
3927.99976571293	54156	50492	
3929.99976314939	54336	50515	
3931.99976556562	54492	50539	
3933.99976300208	54652	50562	
3935.99976541832	54784	50585	
3937.99976285478	54896	50608	
3939.99976527102	54992	50632	
3941.99976270748	55132	50655	
3943.99976512372	55232	50678	
3945.99976256018	55376	50701	
3947.99976497641	55548	50724	
3945.99976256018	55644	50687	
3943.99976512372	55804	50649	
3941.99976270748	55968	50612	
3939.99976527102	56220	50575	
3937.99976285478	56364	50537	
3935.99976541832	56572	50500	
3933.99976300208	56752	50462	
3931.99976556562	56876	50425	
3929.99976314939	56924	50387	
3927.99976571293	56972	50350	
3925.99976827646	56924	50313	
3923.99977084	56896	50275	
3921.99976842377	56860	50238	
3919.99976600753	56736	50201	
3917.99976857107	56572	50163	
3915.99976615483	56336	50126	
3913.99976871837	56124	50089	
3911.99976630214	55904	50051	
3909.99976886567	55712	50014	
3907.99976644944	55552	49977	
3905.99976901298	55360	49940	
3903.99976659674	55088	49902	
3901.99976916028	54876	49865	
3899.99976674404	54672	49828	
3897.99976930758	54444	49791	
3895.99976689135	54224	49754	
3893.99976945489	54012	49716	
3891.99976703865	53756	49679	
3889.99976960219	53532	49642	
3887.99976718595	53360	49605	
3885.99976974949	53152	49568	
3883.99976733325	52960	49531	
3881.99976989679	52736	49493	
3879.99976748056	52588	49456	
3877.9997700441	52432	49419	
3875.99976762786	52316	49382	
3873.9997701914	52236	49345	
3871.99976777516	52064	49308	
3869.9997703387	51968	49271	
3867.99976792246	51868	49234	
3865.999770486	51712	49197	
3863.99976806977	51644	49160	
3861.99977063331	51564	49123	
3859.99976821707	51488	49086	
3857.99977078061	51548	49049	
3855.99976836437	51916	49012	
3853.99977092791	51984	48975	
3851.99976851167	51980	48938	
3849.99976609544	51984	48901	
3847.99976865898	51980	48864	
3845.99976624274	51968	48827	
3843.99976880628	51980	48790	
3841.99977136982	51984	48753	
3839.99977393336	51984	48716	
3837.99977151712	51968	48680	
3835.99977408066	51980	48643	
3833.99977166442	51980	48606	
3831.99977422796	52000	48569	
3829.99977181173	51984	48532	
3827.99977437527	51984	48495	
3825.99977195903	51984	48459	
3823.99977452257	51996	48422	
3821.99977210633	51984	48385	
3819.99977466987	51980	48348	
3817.99977225363	51984	48311	
3815.99977481717	52000	48275	
3813.99977240094	51996	48238	
3811.99977496448	52028	48201	
3809.99977254824	51984	48164	
3807.99977511178	51996	48128	
3805.99977269554	51996	48091	
3803.99977525908	51968	48054	
3801.99977284284	51996	48018	
3799.99977540638	51968	47981	
3797.99977299015	51964	47944	
3795.99977555369	51964	47908	
3793.99977313745	51996	47871	
3791.99977570099	51984	47834	
3789.99977328475	52012	47798	
3787.99977584829	52012	47761	
3785.99977343205	52000	47725	
3783.99977101582	51984	47688	
3781.99977357936	52028	47651	
3779.99977116312	52000	47615	
3777.99977372666	51980	47578	
3775.99977131042	51996	47542	
3773.99977387396	51996	47505	
3771.99977145773	52012	47469	
3769.99977402126	51996	47432	
3767.99977160503	51984	47396	
3765.99977416857	52012	47359	
3763.99977175233	51984	47323	
3761.99977431587	51980	47286	
3759.99977189963	52000	47250	
3757.99977944295	52000	47213	
3755.99977702671	52000	47177	
3753.99977959025	51996	47140	
3751.99977717401	51984	47104	
3749.99977973755	52048	47068	
3747.99977732132	52000	47031	
3745.99977988486	52000	46995	
3743.99977746862	51996	46958	
3741.99978003216	51920	46922	
3739.99977761592	51948	46886	
3737.99978017946	51984	46849	
3735.99977776322	51980	46813	
3733.99978032676	52012	46777	
3731.99977791053	52000	46740	
3729.99978047407	51980	46704	
3727.99977805783	51968	46668	
3725.99978062137	52012	46631	
3723.99977820513	51996	46595	
3721.99978076867	51984	46559	
3719.99977835243	51984	46523	
3717.9997759362	52012	46486	
3715.99977849974	52012	46450	
3713.9997760835	52012	46414	
3711.99977864704	51984	46378	
3709.9997762308	51984	46341	
3707.99977879434	52012	46305	
3705.99977637811	51984	46269	
3703.99977894164	52012	46233	
3701.99977652541	51996	46197	
3699.99977908895	52012	46160	
3697.99977667271	51980	46124	
3695.99977923625	52012	46088	
3693.99977682001	51964	46052	
3691.99977938355	51996	46016	
3689.99977696732	51980	45980	
3687.99977953086	52000	45944	
3685.99977711462	52012	45908	
3683.99977967816	52012	45872	
3681.99977726192	51980	45835	
3679.99977982546	51964	45799	
3677.99977740922	51980	45763	
3675.99978495254	51984	45727	
3673.9997825363	51996	45691	
3671.99978509984	51996	45655	
3669.9997826836	52028	45619	
3667.99978524714	51996	45583	
3665.99978283091	51996	45547	
3663.99978539445	52000	45511	
3661.99978297821	51968	45475	
3659.99978554175	52000	45439	
3657.99978312551	51980	45403	
3655.99978568905	51996	45367	
3653.99978327281	51984	45331	
3651.99978583635	51968	45295	
3649.99978342012	51964	45260	
3647.99978100388	52000	45224	
3645.99978356742	51964	45188	
3643.99978115118	52016	45152	
3641.99978371472	52016	45116	
3639.99978129849	52000	45080	
3637.99978386202	51996	45044	
3635.99978144579	51948	45008	
3633.99978400933	51984	44973	
3631.99978159309	52000	44937	
3629.99978415663	52012	44901	
3627.99978174039	51964	44865	
3625.99978430393	52012	44829	
3623.9997818877	51980	44794	
3621.99978445124	51980	44758	
3619.999782035	52012	44722	
3617.99978459854	51996	44686	
3615.9997821823	51996	44650	
3613.99978474584	52000	44615	
3611.9997823296	52000	44579	
3609.99978489314	51952	44543	
3607.99978247691	51964	44508	
3605.99978504045	52012	44472	
3603.99978262421	52044	44436	
3601.99978518775	51984	44400	
3599.99978277151	51984	44365	
3597.99978533505	51968	44329	
3595.99978291881	51984	44293	
3593.99978548235	52012	44258	
3591.99978804589	52016	44222	
3589.99979060943	52012	44186	
3587.99978819319	52000	44151	
3585.99979075673	51964	44115	
3583.9997883405	51980	44080	
3581.99978592426	51964	44044	
3579.9997884878	51964	44008	
3577.99978607156	51964	43973	
3575.9997886351	51996	43937	
3573.99978621887	51948	43902	
3571.9997887824	51980	43866	
3569.99978636617	52028	43831	
3567.99978892971	51964	43795	
3565.99978651347	51968	43760	
3563.99978907701	51980	43724	
3561.99978666077	51964	43689	
3559.99978922431	52012	43653	
3557.99978680808	51980	43618	
3555.99978937162	51984	43582	
3553.99978695538	52028	43547	
3551.99978951892	52000	43511	
3549.99978710268	51996	43476	
3547.99978966622	52000	43440	
3545.99978724998	51984	43405	
3543.99978981352	51984	43369	
3541.99978739729	51984	43334	
3539.99978996083	51984	43299	
3537.99978754459	51984	43263	
3535.99979010813	51996	43228	
3533.99978769189	51984	43192	
3531.99979025543	51996	43157	
3529.99978783919	51984	43122	
3527.99979040273	52016	43086	
3525.9997879865	51996	43051	
3523.99979055004	52032	43016	
3521.9997881338	51984	42980	
3519.99979069734	51984	42945	
3517.9997882811	52000	42910	
3515.99979084464	52000	42874	
3513.9997884284	52016	42839	
3511.99978601217	52028	42804	
3509.99978857571	51980	42769	
3507.99979113925	51984	42733	
3505.99979370278	51968	42698	
3503.99979128655	51984	42663	
3501.99979385009	51984	42628	
3499.99979143385	51996	42592	
3497.99979399739	52000	42557	
3495.99979158115	51952	42522	
3493.99979414469	51980	42487	
3491.99979172846	51980	42451	
3489.99979429199	52000	42416	
3487.99979187576	52016	42381	
3485.9997944393	51996	42346	
3483.99979202306	51964	42311	
3481.9997945866	51996	42276	
3479.99979217036	52016	42240	
3477.9997947339	52012	42205	
3475.99979231767	51968	42170	
