SiN%SampleName
Probe3%ProbeName
6000%MaxDepth
0.1%step_size_nm
40%StiffnessPRC_nN_per_nm
28%PRC_ADCValue_per_nm
3000%TriggerForce_nN
104%LoopDelay_uS
4096%NumberOfSamplingPoints
%
%
%
%
%
%
%
%
%
%
%
5000%XL
5000%YL

0	70612	0	
4242.76570054487	70584	0	
4242.86570076304	70540	0	
4242.96570098122	70552	0	
4243.06570119939	70568	0	
4243.16570141756	70588	0	
4243.26570163573	70596	0	
4243.36570015429	70560	0	
4243.46570037246	70580	0	
4243.56570059063	70552	0	
4243.6657008088	70584	0	
4243.76570102697	70588	0	
4243.86570124514	70568	0	
4243.96570146331	70636	0	
4244.06570168148	70560	0	
4244.16570020004	70560	0	
4244.26570041821	70596	0	
4244.36570063638	70564	0	
4244.46570085455	70576	0	
4244.56570107273	70588	0	
4244.6657012909	70552	0	
4244.76570150907	70596	0	
4244.86570002762	70544	0	
4244.9657002458	70616	0	
4245.06570046397	70588	0	
4245.16570068214	70560	0	
4245.26570090031	70576	0	
4245.36570111848	70568	0	
4245.46570133665	70604	0	
4245.56570155482	70576	0	
4245.66570007338	70560	0	
4245.76570029155	70548	0	
4245.86570050972	70588	0	
4245.96570072789	70556	0	
4246.06570094606	70564	0	
4246.16570116423	70592	0	
4246.26570138241	70532	0	
4246.36570160058	70552	0	
4246.46570011913	70512	0	
4246.5657003373	70560	0	
4246.66570055548	70608	0	
4246.76570077365	70584	0	
4246.86570099182	70572	0	
4246.96570120999	70556	0	
4247.06570142816	70596	0	
4247.16570164633	70576	0	
4247.26570016489	70580	0	
4247.36570038306	70568	0	
4247.46570060123	70572	0	
4247.5657008194	70580	0	
4247.66570103757	70600	0	
4247.76570125574	70580	0	
4247.86570147392	70576	0	
4247.96570169209	70576	0	
4248.06570021064	70572	0	
4248.16570042881	70592	0	
4248.26570064699	70576	0	
4248.36570086516	70552	0	
4248.46570108333	70528	0	
4248.5657013015	70556	0	
4248.66570151967	70580	0	
4248.76570003823	70580	0	
4248.86569855678	70548	0	
4248.96569877495	70596	0	
4249.06569899313	70572	0	
4249.1656992113	70608	0	
4249.26569942947	70556	0	
4249.36569964764	70576	0	
4249.46569986581	70568	0	
4249.56569838437	70560	0	
4249.66569860254	70592	0	
4249.76569882071	70572	0	
4249.86569903888	70556	0	
4249.96569925705	70532	0	
4250.06569947522	70580	0	
4250.16569969339	70556	0	
4250.26569991157	70616	0	
4250.36569843012	70564	0	
4250.46569864829	70532	0	
4250.56569886646	70584	0	
4250.66569908464	70552	0	
4250.76569930281	70576	0	
4250.86569952098	70544	0	
4250.96569973915	70540	0	
4251.06569995732	70600	0	
4251.16569847588	70580	0	
4251.26569869405	70548	0	
4251.36569891222	70588	0	
4251.46569913039	70580	0	
4251.56569934856	70540	0	
4251.66569956673	70592	0	
4251.7656997849	70584	0	
4251.86570000307	70588	0	
4251.96569852163	70600	0	
4252.0656987398	70572	0	
4252.16569895797	70580	0	
4252.26569917614	70568	0	
4252.36569939432	70584	0	
4252.46569961249	70576	0	
4252.56569983066	70572	0	
4252.66570004883	70560	0	
4252.76569856739	70588	0	
4252.86569878556	70552	0	
4252.96569900373	70580	0	
4253.0656992219	70600	0	
4253.16569944007	70580	0	
4253.26569965824	70588	0	
4253.36569987641	70584	0	
4253.46570009458	70588	0	
4253.56569861314	70584	0	
4253.66569883131	70564	0	
4253.76569904948	70572	0	
4253.86569926765	70608	0	
4253.96569948583	70608	0	
4254.065699704	70584	0	
4254.16569992217	70596	0	
4254.26570014034	70600	0	
4254.36569865889	70568	0	
4254.46569887707	70556	0	
4254.56569909524	70552	0	
4254.66569931341	70584	0	
4254.76569953158	70584	0	
4254.86569974975	70572	0	
4254.96569996792	70588	0	
4255.06569848648	70616	0	
4255.16569870465	70576	0	
4255.26569892282	70600	0	
4255.36569914099	70544	0	
4255.46569935916	70612	0	
4255.56569957733	70628	0	
4255.66569979551	70572	0	
4255.76570001368	70568	0	
4255.86569853223	70576	0	
4255.96569875041	70576	0	
4256.06569896858	70568	0	
4256.16569918675	70552	0	
4256.26569940492	70572	0	
4256.36569962309	70580	0	
4256.46569984126	70576	0	
4256.56570005943	70560	0	
4256.66569857799	70592	0	
4256.76569879616	70576	0	
4256.86569901433	70612	0	
4256.9656992325	70536	0	
4257.06569945067	70612	0	
4257.16569966884	70540	0	
4257.26569988702	70552	0	
4257.36570010519	70564	0	
4257.46569862374	70556	0	
4257.56569884191	70580	0	
4257.66569906009	70564	0	
4257.76569927826	70552	0	
4257.86569949643	70564	0	
4257.9656997146	70564	0	
4258.06569993277	70552	0	
4258.16570015094	70572	0	
4258.2656986695	70600	0	
4258.36569888767	70600	0	
4258.46569910584	70548	0	
4258.56569932401	70580	0	
4258.66569954218	70560	0	
4258.76569976035	70596	0	
4258.86569997852	70604	0	
4258.9657001967	70572	0	
4259.06569871525	70592	0	
4259.16569893342	70596	0	
4259.26569915159	70600	0	
4259.36569936977	70548	0	
4259.46569958794	70564	0	
4259.56569980611	70544	0	
4259.66570002428	70556	0	
4259.76569854284	70616	0	
4259.86569876101	70592	0	
4259.96569897918	70568	0	
4260.06569919735	70576	0	
4260.16569941552	70592	0	
4260.26569963369	70600	0	
4260.36569985186	70584	0	
4260.46570007003	70576	0	
4260.56569858859	70588	0	
4260.66569880676	70564	0	
4260.76569902493	70608	0	
4260.8656992431	70604	0	
4260.96569946128	70612	0	
4261.06569967945	70560	0	
4261.16569989762	70556	0	
4261.26570011579	70616	0	
4261.36569863434	70576	0	
4261.46569885252	70592	0	
4261.56569907069	70500	0	
4261.66569928886	70584	0	
4261.76569950703	70560	0	
4261.8656997252	70608	0	
4261.96569994337	70568	0	
4262.06570016154	70548	0	
4262.1656986801	70564	0	
4262.26569889827	70608	0	
4262.36569911644	70552	0	
4262.46569933461	70580	0	
4262.56569955278	70568	0	
4262.66569977096	70568	0	
4262.76569998913	70580	0	
4262.8657002073	70548	0	
4262.96569872586	70552	0	
4263.06569894403	70584	0	
4263.1656991622	70568	0	
4263.26569938037	70556	0	
4263.36569959854	70556	0	
4263.46569981671	70572	0	
4263.56570003488	70576	0	
4263.66570025305	70560	0	
4263.76569877161	70596	0	
4263.86569898978	70584	0	
4263.96569920795	70568	0	
4264.06569942612	70552	0	
4264.16569964429	70572	0	
4264.26569986247	70572	0	
4264.36570008064	70588	0	
4264.46570029881	70556	0	
4264.56569881736	70548	0	
4264.66569903554	70584	0	
4264.76569925371	70552	0	
4264.86569947188	70556	0	
4264.96569969005	70624	0	
4265.06569990822	70596	0	
4265.16570012639	70600	0	
4265.26569864495	70572	0	
4265.36569886312	70592	0	
4265.46569908129	70592	0	
4265.56569929946	70600	0	
4265.66569951763	70592	0	
4265.7656997358	70556	0	
4265.86569995397	70584	0	
4265.96570017215	70604	0	
4266.0656986907	70580	0	
4266.16569890887	70616	0	
4266.26569912705	70552	0	
4266.36569934522	70616	0	
4266.46569956339	70592	0	
4266.56569978156	70588	0	
4266.66569999973	70532	0	
4266.7657002179	70592	0	
4266.86569873646	70572	0	
4266.96569895463	70596	0	
4267.0656991728	70588	0	
4267.16569939097	70576	0	
4267.26569960914	70596	0	
4267.36569982731	70560	0	
4267.46570004548	70592	0	
4267.56570026366	70556	0	
4267.66569878221	70572	0	
4267.76569900038	70588	0	
4267.86569921855	70548	0	
4267.96569943673	70576	0	
4268.0656996549	70564	0	
4268.16569987307	70580	0	
4268.26570009124	70568	0	
4268.36570030941	70536	0	
4268.46569882797	70584	0	
4268.56569904614	70592	0	
4268.66569926431	70592	0	
4268.76569948248	70584	0	
4268.86569970065	70544	0	
4268.96569991882	70584	0	
4269.06570013699	70568	0	
4269.16570035516	70580	0	
4269.26569887372	70560	0	
4269.36569909189	70572	0	
4269.46569931006	70648	0	
4269.56569952823	70580	0	
4269.66569974641	70588	0	
4269.76569996458	70592	0	
4269.86570018275	70572	0	
4269.96569870131	70576	0	
4270.06569891948	70572	0	
4270.16569913765	70548	0	
4270.26569935582	70548	0	
4270.36569957399	70592	0	
4270.46569979216	70560	0	
4270.56570001033	70580	0	
4270.6657002285	70572	0	
4270.76569874706	70564	0	
4270.86569896523	70560	0	
4270.9656991834	70604	0	
4271.06569940157	70548	0	
4271.16569961974	70556	0	
4271.26569983792	70592	0	
4271.36570005609	70576	0	
4271.46570027426	70580	0	
4271.56569879281	70568	0	
4271.66569901099	70568	0	
4271.76569922916	70560	0	
4271.86569944733	70600	0	
4271.9656996655	70596	0	
4272.06569988367	70584	0	
4272.16570010184	70568	0	
4272.26570032001	70604	0	
4272.36569883857	70544	0	
4272.46569905674	70564	0	
4272.56569927491	70572	0	
4272.66569949308	70572	0	
4272.76569971125	70556	0	
4272.86569992942	70568	0	
4272.9657001476	70588	0	
4273.06570036577	70588	0	
4273.16569888432	70572	0	
4273.2656991025	70564	0	
4273.36569932067	70580	0	
4273.46569953884	70556	0	
4273.56569975701	70568	0	
4273.66569997518	70616	0	
4273.76570019335	70564	0	
4273.86570041152	70600	0	
4273.96569893008	70548	0	
4274.06569914825	70620	0	
4274.16569936642	70572	0	
4274.26569958459	70600	0	
4274.36569980276	70564	0	
4274.46570002093	70564	0	
4274.56570023911	70568	0	
4274.66569875766	70544	0	
4274.76569897583	70584	0	
4274.865699194	70548	0	
4274.96569941218	70568	0	
4275.06569963035	70588	0	
4275.16569984852	70552	0	
4275.26570006669	70564	0	
4275.36570028486	70564	0	
4275.46569880342	70588	0	
4275.56569902159	70552	0	
4275.66569923976	70560	0	
4275.76569945793	70552	0	
4275.8656996761	70584	0	
4275.96569989427	70576	0	
4276.06570011244	70588	0	
4276.16570033061	70588	0	
4276.26569884917	70596	0	
4276.36569906734	70588	0	
4276.46569928551	70576	0	
4276.56569950368	70560	0	
4276.66569972186	70548	0	
4276.76569994003	70580	0	
4276.8657001582	70572	0	
4276.96570037637	70596	0	
4277.06569889493	70604	0	
4277.1656991131	70596	0	
4277.26569763165	70576	0	
4277.36569784982	70568	0	
4277.465698068	70568	0	
4277.56569828617	70572	0	
4277.66569850434	70596	0	
4277.76569872251	70612	0	
4277.86569724107	70596	0	
4277.96569745924	70568	0	
4278.06569767741	70592	0	
4278.16569789558	70580	0	
4278.26569811375	70576	0	
4278.36569833192	70584	0	
4278.46569855009	70580	0	
4278.56569876826	70580	0	
4278.66569728682	70560	0	
4278.76569750499	70556	0	
4278.86569772316	70584	0	
4278.96569794133	70564	0	
4279.06569815951	70572	0	
4279.16569837768	70604	0	
4279.26569859585	70612	0	
4279.36569881402	70600	0	
4279.46569733258	70576	0	
4279.56569755075	70564	0	
4279.66569776892	70556	0	
4279.76569798709	70628	0	
4279.86569820526	70600	0	
4279.96569842343	70576	0	
4280.0656986416	70596	0	
4280.16569716016	70556	0	
4280.26569737833	70544	0	
4280.3656975965	70568	0	
4280.46569781467	70568	0	
4280.56569803284	70580	0	
4280.66569825101	70608	0	
4280.76569846919	70596	0	
4280.86569868736	70576	0	
4280.96569720591	70568	0	
4281.06569742408	70576	0	
4281.16569764226	70556	0	
4281.26569786043	70580	0	
4281.3656980786	70556	0	
4281.46569829677	70584	0	
4281.56569851494	70568	0	
4281.66569873311	70584	0	
4281.76569725167	70544	0	
4281.86569746984	70568	0	
4281.96569768801	70608	0	
4282.06569790618	70576	0	
4282.16569812435	70576	0	
4282.26569834252	70572	0	
4282.3656985607	70564	0	
4282.46569877887	70596	0	
4282.56569729742	70568	0	
4282.66569751559	70576	0	
4282.76569773377	70588	0	
4282.86569795194	70576	0	
4282.96569817011	70576	0	
4283.06569838828	70584	0	
4283.16569860645	70588	0	
4283.26569882462	70556	0	
4283.36569734318	70560	0	
4283.46569756135	70532	0	
4283.56569777952	70544	0	
4283.66569799769	70552	0	
4283.76569821586	70596	0	
4283.86569843403	70592	0	
4283.96569865221	70564	0	
4284.06569887038	70584	0	
4284.16569738893	70572	0	
4284.2656976071	70564	0	
4284.36569782527	70548	0	
4284.46569804345	70560	0	
4284.56569826162	70568	0	
4284.66569847979	70580	0	
4284.76569869796	70556	0	
4284.86569721652	70584	0	
4284.96569743469	70596	0	
4285.06569765286	70616	0	
4285.16569787103	70592	0	
4285.2656980892	70576	0	
4285.36569830737	70584	0	
4285.46569852554	70588	0	
4285.56569874371	70624	0	
4285.66569726227	70568	0	
4285.76569748044	70592	0	
4285.86569769861	70580	0	
4285.96569791678	70564	0	
4286.06569813496	70580	0	
4286.16569835313	70548	0	
4286.2656985713	70584	0	
4286.36569878947	70588	0	
4286.46569730803	70556	0	
4286.5656975262	70560	0	
4286.66569774437	70576	0	
4286.76569796254	70564	0	
4286.86569818071	70564	0	
4286.96569839888	70552	0	
4287.06569861705	70568	0	
4287.16569883522	70580	0	
4287.26569735378	70588	0	
4287.36569757195	70552	0	
4287.46569779012	70600	0	
4287.56569800829	70548	0	
4287.66569822646	70544	0	
4287.76569844464	70560	0	
4287.86569866281	70556	0	
4287.96569888098	70544	0	
4288.06569739954	70580	0	
4288.16569761771	70608	0	
4288.26569783588	70580	0	
4288.36569805405	70580	0	
4288.46569827222	70596	0	
4288.56569849039	70556	0	
4288.66569870856	70556	0	
4288.76569892673	70580	0	
4288.86569744529	70572	0	
4288.96569766346	70532	0	
4289.06569788163	70580	0	
4289.1656980998	70564	0	
4289.26569831797	70564	0	
4289.36569853615	70556	0	
4289.46569875432	70584	0	
4289.56569897249	70576	0	
4289.66569749104	70584	0	
4289.76569770922	70568	0	
4289.86569792739	70564	0	
4289.96569814556	70556	0	
4290.06569836373	70584	0	
4290.1656985819	70556	0	
4290.26569880007	70572	0	
4290.36569731863	70552	0	
4290.4656975368	70580	0	
4290.56569775497	70580	0	
4290.66569797314	70612	0	
4290.76569819131	70556	0	
4290.86569840948	70604	0	
4290.96569862766	70592	0	
4291.06569884583	70612	0	
4291.16569736438	70580	0	
4291.26569758255	70588	0	
4291.36569780072	70584	0	
4291.4656980189	70620	0	
4291.56569823707	70580	0	
4291.66569845524	70584	0	
4291.76569867341	70572	0	
4291.86569889158	70592	0	
4291.96569741014	70576	0	
4292.06569762831	70596	0	
4292.16569784648	70596	0	
4292.26569806465	70552	0	
4292.36569828282	70588	0	
4292.46569850099	70556	0	
4292.56569871916	70552	0	
4292.66569893734	70580	0	
4292.76569745589	70576	0	
4292.86569767406	70580	0	
4292.96569789223	70596	0	
4293.06569811041	70616	0	
4293.16569832858	70584	0	
4293.26569854675	70580	0	
4293.36569876492	70572	0	
4293.46569898309	70604	0	
4293.56569750165	70544	0	
4293.66569771982	70592	0	
4293.76569793799	70612	0	
4293.86569815616	70572	0	
4293.96569837433	70612	0	
4294.0656985925	70588	0	
4294.16569881067	70580	0	
4294.26569902885	70588	0	
4294.3656975474	70584	0	
4294.46569776557	70608	0	
4294.56569798374	70592	0	
4294.66569820191	70612	0	
4294.76569842009	70624	0	
4294.86569863826	70576	0	
4294.96569885643	70568	0	
4295.06569737499	70608	0	
4295.16569759316	70580	0	
4295.26569781133	70588	0	
4295.3656980295	70592	0	
4295.46569824767	70588	0	
4295.56569846584	70596	0	
4295.66569868401	70528	0	
4295.76569890218	70608	0	
4295.86569742074	70600	0	
4295.96569763891	70592	0	
4296.06569785708	70560	0	
4296.16569807525	70576	0	
4296.26569829343	70560	0	
4296.3656985116	70564	0	
4296.46569872977	70564	0	
4296.56569894794	70580	0	
4296.66569746649	70588	0	
4296.76569768467	70588	0	
4296.86569790284	70564	0	
4296.96569812101	70572	0	
4297.06569833918	70620	0	
4297.16569855735	70612	0	
4297.26569877552	70548	0	
4297.36569899369	70584	0	
4297.46569751225	70580	0	
4297.56569773042	70616	0	
4297.66569794859	70620	0	
4297.76569816676	70592	0	
4297.86569838493	70576	0	
4297.96569860311	70580	0	
4298.06569882128	70568	0	
4298.16569903945	70536	0	
4298.265697558	70584	0	
4298.36569777617	70580	0	
4298.46569799435	70576	0	
4298.56569821252	70580	0	
4298.66569843069	70588	0	
4298.76569864886	70568	0	
4298.86569886703	70572	0	
4298.9656990852	70584	0	
4299.06569760376	70568	0	
4299.16569782193	70556	0	
4299.2656980401	70576	0	
4299.36569825827	70612	0	
4299.46569847644	70572	0	
4299.56569869461	70600	0	
4299.66569891279	70568	0	
4299.76569743134	70616	0	
4299.86569764951	70592	0	
4299.96569786768	70604	0	
4300.06569808586	70588	0	
4300.16569830403	70592	0	
4300.2656985222	70588	0	
4300.36569874037	70596	0	
4300.46569895854	70584	0	
4300.5656974771	70568	0	
4300.66569769527	70580	0	
4300.76569791344	70592	0	
4300.86569813161	70580	0	
4300.96569834978	70596	0	
4301.06569856795	70604	0	
4301.16569878612	70576	0	
4301.2656990043	70580	0	
4301.36569752285	70568	0	
4301.46569774102	70596	0	
4301.56569795919	70584	0	
4301.66569817736	70612	0	
4301.76569839554	70588	0	
4301.86569861371	70552	0	
4301.96569883188	70572	0	
4302.06569905005	70556	0	
4302.16569756861	70580	0	
4302.26569778678	70560	0	
4302.36569800495	70580	0	
4302.46569822312	70580	0	
4302.56569844129	70596	0	
4302.66569865946	70588	0	
4302.76569887763	70572	0	
4302.8656990958	70616	0	
4302.96569761436	70560	0	
4303.06569783253	70520	0	
4303.1656980507	70592	0	
4303.26569826888	70600	0	
4303.36569848705	70572	0	
4303.46569870522	70588	0	
4303.56569892339	70548	0	
4303.66569914156	70592	0	
4303.76569766012	70592	0	
4303.86569787829	70560	0	
4303.96569809646	70592	0	
4304.06569831463	70572	0	
4304.1656985328	70584	0	
4304.26569875097	70568	0	
4304.36569896914	70572	0	
4304.46569918731	70572	0	
4304.56569770587	70600	0	
4304.66569792404	70540	0	
4304.76569814221	70564	0	
4304.86569836038	70576	0	
4304.96569857856	70568	0	
4305.06569879673	70556	0	
4305.1656990149	70600	0	
4305.26569753345	70540	0	
4305.36569775163	70584	0	
4305.4656979698	70556	0	
4305.56569818797	70596	0	
4305.66569840614	70576	0	
4305.7656969247	70564	0	
4305.86569714287	70576	0	
4305.96569736104	70568	0	
4306.06569587959	70584	0	
4306.16569609777	70556	0	
4306.26569631594	70552	0	
4306.36569653411	70580	0	
4306.46569675228	70560	0	
4306.56569697045	70580	0	
4306.66569718862	70544	0	
4306.76569740679	70588	0	
4306.86569592535	70588	0	
4306.96569614352	70564	0	
4307.06569636169	70540	0	
4307.16569657986	70580	0	
4307.26569679803	70576	0	
4307.3656970162	70588	0	
4307.46569723438	70592	0	
4307.56569745255	70596	0	
4307.6656959711	70572	0	
4307.76569618928	70576	0	
4307.86569640745	70568	0	
4307.96569662562	70552	0	
4308.06569684379	70552	0	
4308.16569706196	70608	0	
4308.26569728013	70616	0	
4308.3656974983	70624	0	
4308.46569601686	70576	0	
4308.56569623503	70596	0	
4308.6656964532	70572	0	
4308.76569667137	70560	0	
4308.86569688954	70556	0	
4308.96569710771	70584	0	
4309.06569732589	70564	0	
4309.16569754406	70568	0	
4309.26569606261	70580	0	
4309.36569628078	70556	0	
4309.46569649896	70568	0	
4309.56569671713	70604	0	
4309.6656969353	70576	0	
4309.76569715347	70572	0	
4309.86569737164	70584	0	
4309.9656958902	70560	0	
4310.06569610837	70564	0	
4310.16569632654	70556	0	
4310.26569654471	70580	0	
4310.36569676288	70560	0	
4310.46569698105	70568	0	
4310.56569719922	70588	0	
4310.66569741739	70580	0	
4310.76569593595	70564	0	
4310.86569615412	70556	0	
4310.96569637229	70552	0	
4311.06569659046	70588	0	
4311.16569680864	70600	0	
4311.26569702681	70536	0	
4311.36569724498	70572	0	
4311.46569746315	70608	0	
4311.56569598171	70576	0	
4311.66569619988	70608	0	
4311.76569641805	70568	0	
4311.86569663622	70564	0	
4311.96569685439	70584	0	
4312.06569707256	70544	0	
4312.16569729073	70580	0	
4312.2656975089	70560	0	
4312.36569602746	70588	0	
4312.46569624563	70580	0	
4312.5656964638	70548	0	
4312.66569668197	70580	0	
4312.76569690015	70548	0	
4312.86569711832	70564	0	
4312.96569733649	70612	0	
4313.06569755466	70620	0	
4313.16569607322	70600	0	
4313.26569629139	70600	0	
4313.36569650956	70564	0	
4313.46569672773	70576	0	
4313.5656969459	70612	0	
4313.66569716407	70564	0	
4313.76569738224	70576	0	
4313.86569760041	70608	0	
4313.96569611897	70572	0	
4314.06569633714	70600	0	
4314.16569655531	70612	0	
4314.26569677348	70568	0	
4314.36569699165	70572	0	
4314.46569720983	70592	0	
4314.565697428	70596	0	
4314.66569764617	70588	0	
4314.76569616473	70576	0	
4314.8656963829	70588	0	
4314.96569660107	70580	0	
4315.06569681924	70584	0	
4315.16569703741	70612	0	
4315.26569725558	70576	0	
4315.36569747375	70600	0	
4315.46569599231	70588	0	
4315.56569621048	70564	0	
4315.66569642865	70564	0	
4315.76569664682	70564	0	
4315.86569686499	70556	0	
4315.96569708316	70544	0	
4316.06569730134	70576	0	
4316.16569751951	70544	0	
4316.26569603806	70576	0	
4316.36569625623	70596	0	
4316.46569647441	70600	0	
4316.56569669258	70596	0	
4316.66569691075	70584	0	
4316.76569712892	70568	0	
4316.86569734709	70548	0	
4316.96569756526	70580	0	
4317.06569608382	70580	0	
4317.16569630199	70600	0	
4317.26569652016	70604	0	
4317.36569673833	70552	0	
4317.4656969565	70556	0	
4317.56569717467	70576	0	
4317.66569739284	70556	0	
4317.76569761102	70528	0	
4317.86569612957	70564	0	
4317.96569634774	70580	0	
4318.06569656592	70564	0	
4318.16569678409	70612	0	
4318.26569700226	70612	0	
4318.36569722043	70572	0	
4318.4656974386	70556	0	
4318.56569765677	70524	0	
4318.66569617533	70544	0	
4318.7656963935	70596	0	
4318.86569661167	70572	0	
4318.96569682984	70544	0	
4319.06569704801	70576	0	
4319.16569726618	70588	0	
4319.26569748435	70572	0	
4319.36569770253	70568	0	
4319.46569622108	70556	0	
4319.56569643925	70580	0	
4319.66569665742	70556	0	
4319.7656968756	70556	0	
4319.86569709377	70580	0	
4319.96569731194	70548	0	
4320.06569753011	70556	0	
4320.16569604867	70572	0	
4320.26569626684	70600	0	
4320.36569648501	70560	0	
4320.46569670318	70572	0	
4320.56569692135	70592	0	
4320.66569713952	70584	0	
4320.76569735769	70548	0	
4320.86569757586	70576	0	
4320.96569609442	70616	0	
4321.06569631259	70560	0	
4321.16569653076	70600	0	
4321.26569674893	70576	0	
4321.3656969671	70592	0	
4321.46569718528	70580	0	
4321.56569740345	70584	0	
4321.66569762162	70520	0	
4321.76569614018	70560	0	
4321.86569635835	70592	0	
4321.96569657652	70576	0	
4322.06569679469	70560	0	
4322.16569701286	70572	0	
4322.26569723103	70544	0	
4322.3656974492	70568	0	
4322.46569766737	70556	0	
4322.56569618593	70588	0	
4322.6656964041	70556	0	
4322.76569662227	70620	0	
4322.86569684044	70556	0	
4322.96569705861	70600	0	
4323.06569727679	70564	0	
4323.16569749496	70576	0	
4323.26569771313	70552	0	
4323.36569623168	70556	0	
4323.46569644986	70580	0	
4323.56569666803	70572	0	
4323.6656968862	70552	0	
4323.76569710437	70568	0	
4323.86569732254	70588	0	
4323.96569754071	70584	0	
4324.06569775888	70584	0	
4324.16569627744	70584	0	
4324.26569649561	70592	0	
4324.36569671378	70580	0	
4324.46569693195	70572	0	
4324.56569715012	70564	0	
4324.66569736829	70576	0	
4324.76569758647	70568	0	
4324.86569780464	70572	0	
4324.96569632319	70592	0	
4325.06569654137	70556	0	
4325.16569675954	70608	0	
4325.26569697771	70584	0	
4325.36569719588	70556	0	
4325.46569741405	70560	0	
4325.56569763222	70560	0	
4325.66569615078	70576	0	
4325.76569636895	70580	0	
4325.86569658712	70564	0	
4325.96569680529	70572	0	
4326.06569702346	70596	0	
4326.16569724163	70576	0	
4326.2656974598	70568	0	
4326.36569767798	70548	0	
4326.46569619653	70552	0	
4326.5656964147	70576	0	
4326.66569663287	70552	0	
4326.76569685105	70584	0	
4326.86569706922	70572	0	
4326.96569728739	70636	0	
4327.06569750556	70588	0	
4327.16569772373	70576	0	
4327.26569624229	70576	0	
4327.36569646046	70592	0	
4327.46569667863	70568	0	
4327.5656968968	70568	0	
4327.66569711497	70556	0	
4327.76569733314	70612	0	
4327.86569755131	70600	0	
4327.96569776948	70584	0	
4328.06569628804	70588	0	
4328.16569650621	70576	0	
4328.26569672438	70576	0	
4328.36569694256	70576	0	
4328.46569716073	70576	0	
4328.5656973789	70584	0	
4328.66569759707	70584	0	
4328.76569781524	70548	0	
4328.8656963338	70532	0	
4328.96569655197	70552	0	
4329.06569677014	70576	0	
4329.16569698831	70608	0	
4329.26569720648	70580	0	
4329.36569742465	70576	0	
4329.46569764282	70564	0	
4329.56569786099	70556	0	
4329.66569637955	70576	0	
4329.76569659772	70552	0	
4329.86569681589	70568	0	
4329.96569703406	70576	0	
4330.06569725224	70588	0	
4330.16569747041	70596	0	
4330.26569768858	70568	0	
4330.36569620713	70572	0	
4330.46569642531	70564	0	
4330.56569664348	70612	0	
4330.66569686165	70576	0	
4330.76569707982	70588	0	
4330.86569729799	70548	0	
4330.96569751616	70560	0	
4331.06569773433	70544	0	
4331.16569625289	70588	0	
4331.26569647106	70584	0	
4331.36569668923	70576	0	
4331.4656969074	70608	0	
4331.56569712557	70572	0	
4331.66569734374	70596	0	
4331.76569756192	70596	0	
4331.86569778009	70572	0	
4331.96569629864	70584	0	
4332.06569651682	70568	0	
4332.16569673499	70556	0	
4332.26569695316	70568	0	
4332.36569717133	70576	0	
4332.4656973895	70560	0	
4332.56569760767	70576	0	
4332.66569782584	70572	0	
4332.7656963444	70568	0	
4332.86569656257	70572	0	
4332.96569678074	70612	0	
4333.06569699891	70604	0	
4333.16569721708	70556	0	
4333.26569743525	70580	0	
4333.36569765343	70580	0	
4333.4656978716	70560	0	
4333.56569639015	70556	0	
4333.66569660832	70576	0	
4333.7656968265	70596	0	
4333.86569704467	70588	0	
4333.96569726284	70560	0	
4334.06569748101	70556	0	
4334.16569769918	70584	0	
4334.26569621774	70604	0	
4334.36569473629	70576	0	
4334.46569495447	70608	0	
4334.56569517264	70560	0	
4334.66569539081	70640	0	
4334.76569560898	70584	0	
4334.86569582715	70572	0	
4334.96569604532	70600	0	
4335.06569456388	70588	0	
4335.16569478205	70588	0	
4335.26569500022	70592	0	
4335.36569521839	70556	0	
4335.46569543656	70588	0	
4335.56569565473	70600	0	
4335.6656958729	70588	0	
4335.76569609108	70568	0	
4335.86569460963	70584	0	
4335.9656948278	70552	0	
4336.06569504597	70544	0	
4336.16569526415	70580	0	
4336.26569548232	70576	0	
4336.36569570049	70588	0	
4336.46569591866	70576	0	
4336.56569613683	70580	0	
4336.66569465539	70572	0	
4336.76569487356	70580	0	
4336.86569509173	70604	0	
4336.9656953099	70572	0	
4337.06569552807	70588	0	
4337.16569574624	70568	0	
4337.26569596441	70548	0	
4337.36569618258	70576	0	
4337.46569470114	70580	0	
4337.56569491931	70632	0	
4337.66569513748	70592	0	
4337.76569535566	70572	0	
4337.86569557383	70576	0	
4337.965695792	70580	0	
4338.06569601017	70588	0	
4338.16569622834	70604	0	
4338.2656947469	70556	0	
4338.36569496507	70544	0	
4338.46569518324	70580	0	
4338.56569540141	70612	0	
4338.66569561958	70564	0	
4338.76569583775	70568	0	
4338.86569605592	70568	0	
4338.96569627409	70576	0	
4339.06569479265	70548	0	
4339.16569501082	70556	0	
4339.26569522899	70608	0	
4339.36569544716	70588	0	
4339.46569566534	70540	0	
4339.56569588351	70576	0	
4339.66569610168	70604	0	
4339.76569631985	70568	0	
4339.86569483841	70544	0	
4339.96569505658	70580	0	
4340.06569527475	70592	0	
4340.16569549292	70588	0	
4340.26569571109	70588	0	
4340.36569592926	70600	0	
4340.46569614743	70560	0	
4340.56569466599	70560	0	
4340.66569488416	70536	0	
4340.76569510233	70584	0	
4340.8656953205	70596	0	
4340.96569553867	70544	0	
4341.06569575684	70572	0	
4341.16569597502	70576	0	
4341.26569619319	70548	0	
4341.36569471174	70552	0	
4341.46569492992	70556	0	
4341.56569514809	70560	0	
4341.66569536626	70592	0	
4341.76569558443	70596	0	
4341.8656958026	70580	0	
4341.96569602077	70576	0	
4342.06569623894	70560	0	
4342.1656947575	70568	0	
4342.26569497567	70592	0	
4342.36569519384	70572	0	
4342.46569541201	70572	0	
4342.56569563018	70580	0	
4342.66569584835	70564	0	
4342.76569606653	70572	0	
4342.8656962847	70568	0	
4342.96569480325	70572	0	
4343.06569502142	70596	0	
4343.1656952396	70584	0	
4343.26569545777	70552	0	
4343.36569567594	70564	0	
4343.46569589411	70564	0	
4343.56569611228	70580	0	
4343.66569633045	70552	0	
4343.76569484901	70540	0	
4343.86569506718	70588	0	
4343.96569528535	70568	0	
4344.06569550352	70584	0	
4344.16569572169	70580	0	
4344.26569593986	70612	0	
4344.36569615803	70600	0	
4344.46569637621	70576	0	
4344.56569489476	70544	0	
4344.66569511293	70592	0	
4344.76569533111	70580	0	
4344.86569554928	70576	0	
4344.96569576745	70568	0	
4345.06569598562	70580	0	
4345.16569620379	70580	0	
4345.26569472235	70556	0	
4345.36569494052	70556	0	
4345.46569515869	70572	0	
4345.56569537686	70584	0	
4345.66569559503	70588	0	
4345.7656958132	70572	0	
4345.86569603137	70584	0	
4345.96569624954	70592	0	
4346.0656947681	70608	0	
4346.16569498627	70596	0	
4346.26569520444	70580	0	
4346.36569542261	70568	0	
4346.46569564079	70580	0	
4346.56569585896	70564	0	
4346.66569607713	70576	0	
4346.7656962953	70544	0	
4346.86569481386	70584	0	
4346.96569503203	70568	0	
4347.0656952502	70588	0	
4347.16569546837	70580	0	
4347.26569568654	70536	0	
4347.36569590471	70564	0	
4347.46569612288	70572	0	
4347.56569634105	70592	0	
4347.66569485961	70564	0	
4347.76569507778	70544	0	
4347.86569529595	70528	0	
4347.96569551412	70564	0	
4348.0656957323	70560	0	
4348.16569595047	70580	0	
4348.26569616864	70568	0	
4348.36569638681	70620	0	
4348.46569490537	70608	0	
4348.56569512354	70596	0	
4348.66569534171	70568	0	
4348.76569555988	70536	0	
4348.86569577805	70592	0	
4348.96569599622	70600	0	
4349.06569621439	70592	0	
4349.16569643256	70568	0	
4349.26569495112	70584	0	
4349.36569516929	70560	0	
4349.46569538746	70572	0	
4349.56569560563	70604	0	
4349.6656958238	70568	0	
4349.76569604198	70584	0	
4349.86569626015	70568	0	
4349.96569647832	70540	0	
4350.06569499687	70588	0	
4350.16569521505	70616	0	
4350.26569543322	70560	0	
4350.36569565139	70564	0	
4350.46569586956	70556	0	
4350.56569608773	70580	0	
4350.6656963059	70604	0	
4350.76569482446	70596	0	
4350.86569504263	70576	0	
4350.9656952608	70560	0	
4351.06569547897	70552	0	
4351.16569569714	70580	0	
4351.26569591531	70556	0	
4351.36569613348	70568	0	
4351.46569635166	70568	0	
4351.56569487021	70548	0	
4351.66569508838	70576	0	
4351.76569530656	70564	0	
4351.86569552473	70572	0	
4351.9656957429	70592	0	
4352.06569596107	70600	0	
4352.16569617924	70608	0	
4352.26569639741	70568	0	
4352.36569491597	70580	0	
4352.46569513414	70600	0	
4352.56569535231	70596	0	
4352.66569557048	70564	0	
4352.76569578865	70584	0	
4352.86569600682	70584	0	
4352.96569622499	70568	0	
4353.06569644317	70588	0	
4353.16569496172	70548	0	
4353.26569517989	70588	0	
4353.36569539806	70580	0	
4353.46569561624	70564	0	
4353.56569583441	70560	0	
4353.66569605258	70592	0	
4353.76569627075	70564	0	
4353.86569648892	70584	0	
4353.96569500748	70564	0	
4354.06569522565	70568	0	
4354.16569544382	70580	0	
4354.26569566199	70564	0	
4354.36569588016	70568	0	
4354.46569609833	70600	0	
4354.5656963165	70576	0	
4354.66569653467	70548	0	
4354.76569505323	70556	0	
4354.8656952714	70544	0	
4354.96569548957	70556	0	
4355.06569570775	70572	0	
4355.16569592592	70564	0	
4355.26569614409	70584	0	
4355.36569636226	70560	0	
4355.46569488082	70544	0	
4355.56569509899	70556	0	
4355.66569531716	70572	0	
4355.76569553533	70564	0	
4355.8656957535	70564	0	
4355.96569597167	70584	0	
4356.06569618984	70604	0	
4356.16569640801	70552	0	
4356.26569492657	70572	0	
4356.36569514474	70564	0	
4356.46569536291	70568	0	
4356.56569558108	70552	0	
4356.66569579925	70560	0	
4356.76569601743	70556	0	
4356.8656962356	70532	0	
4356.96569645377	70528	0	
4357.06569497232	70576	0	
4357.1656951905	70600	0	
4357.26569540867	70576	0	
4357.36569562684	70568	0	
4357.46569584501	70596	0	
4357.56569606318	70576	0	
4357.66569628135	70540	0	
4357.76569649952	70556	0	
4357.86569501808	70600	0	
4357.96569523625	70580	0	
4358.06569545442	70576	0	
4358.16569567259	70572	0	
4358.26569589076	70572	0	
4358.36569610894	70604	0	
4358.46569632711	70580	0	
4358.56569654528	70584	0	
4358.66569506383	70552	0	
4358.76569528201	70544	0	
4358.86569550018	70596	0	
4358.96569571835	70576	0	
4359.06569593652	70560	0	
4359.16569615469	70532	0	
4359.26569637286	70600	0	
4359.36569659103	70548	0	
4359.46569510959	70580	0	
4359.56569532776	70604	0	
4359.66569554593	70584	0	
4359.7656957641	70572	0	
4359.86569598227	70552	0	
4359.96569620044	70568	0	
4360.06569641862	70556	0	
4360.16569493717	70584	0	
4360.26569515534	70560	0	
4360.36569537351	70572	0	
4360.46569559169	70560	0	
4360.56569580986	70600	0	
4360.66569602803	70580	0	
4360.7656962462	70580	0	
4360.86569646437	70556	0	
4360.96569498293	70592	0	
4361.0656952011	70572	0	
4361.16569541927	70564	0	
4361.26569563744	70584	0	
4361.36569585561	70588	0	
4361.46569607378	70604	0	
4361.56569629195	70556	0	
4361.66569651012	70568	0	
4361.76569502868	70540	0	
4361.86569524685	70564	0	
4361.96569546502	70604	0	
4362.0656956832	70592	0	
4362.16569590137	70532	0	
4362.26569611954	70540	0	
4362.36569633771	70588	0	
4362.46569655588	70568	0	
4362.56569507444	70580	0	
4362.66569529261	70564	0	
4362.76569381116	70536	0	
4362.86569402933	70556	0	
4362.96569424751	70564	0	
4363.06569446568	70584	0	
4363.16569468385	70540	0	
4363.26569490202	70560	0	
4363.36569342058	70556	0	
4363.46569363875	70576	0	
4363.56569385692	70600	0	
4363.66569407509	70588	0	
4363.76569429326	70592	0	
4363.86569451143	70596	0	
4363.9656947296	70584	0	
4364.06569494777	70596	0	
4364.16569346633	70608	0	
4364.2656936845	70616	0	
4364.36569390267	70552	0	
4364.46569412085	70556	0	
4364.56569433902	70572	0	
4364.66569455719	70608	0	
4364.76569477536	70612	0	
4364.86569499353	70588	0	
4364.96569351209	70560	0	
4365.06569373026	70612	0	
4365.16569394843	70580	0	
4365.2656941666	70540	0	
4365.36569438477	70588	0	
4365.46569460294	70556	0	
4365.56569482111	70580	0	
4365.66569333967	70580	0	
4365.76569355784	70524	0	
4365.86569377601	70548	0	
4365.96569399418	70588	0	
4366.06569421235	70576	0	
4366.16569443053	70536	0	
4366.2656946487	70612	0	
4366.36569486687	70584	0	
4366.46569338542	70596	0	
4366.5656936036	70580	0	
4366.66569382177	70596	0	
4366.76569403994	70576	0	
4366.86569425811	70572	0	
4366.96569447628	70596	0	
4367.06569469445	70600	0	
4367.16569491262	70564	0	
4367.26569343118	70588	0	
4367.36569364935	70592	0	
4367.46569386752	70568	0	
4367.56569408569	70552	0	
4367.66569430386	70552	0	
4367.76569452204	70552	0	
4367.86569474021	70560	0	
4367.96569495838	70584	0	
4368.06569347693	70580	0	
4368.1656936951	70584	0	
4368.26569391328	70596	0	
4368.36569413145	70568	0	
4368.46569434962	70536	0	
4368.56569456779	70576	0	
4368.66569478596	70596	0	
4368.76569500413	70552	0	
4368.86569352269	70580	0	
4368.96569374086	70576	0	
4369.06569395903	70568	0	
4369.1656941772	70584	0	
4369.26569439537	70592	0	
4369.36569461354	70612	0	
4369.46569483172	70584	0	
4369.56569504989	70544	0	
4369.66569356844	70540	0	
4369.76569378661	70532	0	
4369.86569400479	70528	0	
4369.96569422296	70556	0	
4370.06569444113	70572	0	
4370.1656946593	70540	0	
4370.26569487747	70556	0	
4370.36569339603	70564	0	
4370.4656936142	70588	0	
4370.56569383237	70608	0	
4370.66569405054	70504	0	
4370.76569426871	70600	0	
4370.86569448688	70612	0	
4370.96569470505	70568	0	
4371.06569492322	70600	0	
4371.16569344178	70576	0	
4371.26569365995	70568	0	
4371.36569387812	70580	0	
4371.4656940963	70588	0	
4371.56569431447	70576	0	
4371.66569453264	70572	0	
4371.76569475081	70572	0	
4371.86569496898	70552	0	
4371.96569348754	70596	0	
4372.06569370571	70568	0	
4372.16569392388	70596	0	
4372.26569414205	70568	0	
4372.36569436022	70540	0	
4372.46569457839	70580	0	
4372.56569479656	70560	0	
4372.66569501473	70576	0	
4372.76569353329	70596	0	
4372.86569375146	70568	0	
4372.96569396963	70556	0	
4373.0656941878	70580	0	
4373.16569440598	70596	0	
4373.26569462415	70600	0	
4373.36569484232	70572	0	
4373.46569506049	70560	0	
4373.56569357905	70584	0	
4373.66569379722	70584	0	
4373.76569401539	70580	0	
4373.86569423356	70568	0	
4373.96569445173	70584	0	
4374.0656946699	70604	0	
4374.16569488807	70576	0	
4374.26569510624	70556	0	
4374.3656936248	70548	0	
4374.46569384297	70552	0	
4374.56569406114	70588	0	
4374.66569427931	70564	0	
4374.76569449749	70560	0	
4374.86569471566	70560	0	
4374.96569493383	70560	0	
4375.065695152	70572	0	
4375.16569367055	70544	0	
4375.26569388873	70548	0	
4375.3656941069	70564	0	
4375.46569432507	70596	0	
4375.56569454324	70616	0	
4375.66569476141	70580	0	
4375.76569497958	70556	0	
4375.86569349814	70548	0	
4375.96569371631	70544	0	
4376.06569393448	70580	0	
4376.16569415265	70572	0	
4376.26569437082	70572	0	
4376.36569458899	70588	0	
4376.46569480717	70588	0	
4376.56569502534	70584	0	
4376.66569354389	70596	0	
4376.76569376206	70612	0	
4376.86569398024	70584	0	
4376.96569419841	70604	0	
4377.06569441658	70584	0	
4377.16569463475	70580	0	
4377.26569485292	70584	0	
4377.36569507109	70568	0	
4377.46569358965	70580	0	
4377.56569380782	70564	0	
4377.66569402599	70616	0	
4377.76569424416	70616	0	
4377.86569446233	70604	0	
4377.9656946805	70572	0	
4378.06569489868	70592	0	
4378.16569511685	70604	0	
4378.2656936354	70572	0	
4378.36569385357	70592	0	
4378.46569407175	70588	0	
4378.56569428992	70588	0	
4378.66569450809	70572	0	
4378.76569472626	70560	0	
4378.86569494443	70588	0	
4378.9656951626	70568	0	
4379.06569368116	70572	0	
4379.16569389933	70588	0	
4379.2656941175	70564	0	
4379.36569433567	70572	0	
4379.46569455384	70616	0	
4379.56569477201	70628	0	
4379.66569499018	70620	0	
4379.76569520836	70560	0	
4379.86569372691	70596	0	
4379.96569394508	70584	0	
4380.06569416325	70552	0	
4380.16569438143	70604	0	
4380.2656945996	70584	0	
4380.36569481777	70568	0	
4380.46569503594	70556	0	
4380.5656935545	70568	0	
4380.66569377267	70576	0	
4380.76569399084	70588	0	
4380.86569420901	70580	0	
4380.96569442718	70580	0	
4381.06569464535	70612	0	
4381.16569486352	70616	0	
4381.26569508169	70576	0	
4381.36569360025	70572	0	
4381.46569381842	70568	0	
4381.56569403659	70548	0	
4381.66569425476	70560	0	
4381.76569447294	70596	0	
4381.86569469111	70604	0	
4381.96569490928	70596	0	
4382.06569512745	70596	0	
4382.165693646	70580	0	
4382.26569386418	70612	0	
4382.36569408235	70608	0	
4382.46569430052	70592	0	
4382.56569451869	70576	0	
4382.66569473686	70568	0	
4382.76569495503	70620	0	
4382.8656951732	70584	0	
4382.96569369176	70576	0	
4383.06569390993	70580	0	
4383.1656941281	70548	0	
4383.26569434627	70576	0	
4383.36569456444	70600	0	
4383.46569478262	70580	0	
4383.56569500079	70552	0	
4383.66569521896	70576	0	
4383.76569373751	70596	0	
4383.86569395569	70616	0	
4383.96569417386	70604	0	
4384.06569439203	70588	0	
4384.1656946102	70592	0	
4384.26569482837	70592	0	
4384.36569504654	70568	0	
4384.46569526471	70596	0	
4384.56569378327	70592	0	
4384.66569400144	70564	0	
4384.76569421961	70588	0	
4384.86569443778	70576	0	
4384.96569465595	70564	0	
4385.06569487413	70572	0	
4385.1656950923	70620	0	
4385.26569361085	70584	0	
4385.36569382902	70612	0	
4385.4656940472	70568	0	
4385.56569426537	70604	0	
4385.66569448354	70576	0	
4385.76569470171	70572	0	
4385.86569491988	70572	0	
4385.96569513805	70604	0	
4386.06569365661	70592	0	
4386.16569387478	70576	0	
4386.26569409295	70568	0	
4386.36569431112	70588	0	
4386.46569452929	70552	0	
4386.56569474746	70584	0	
4386.66569496563	70584	0	
4386.76569518381	70588	0	
4386.86569370236	70588	0	
4386.96569392053	70576	0	
4387.0656941387	70568	0	
4387.16569435688	70580	0	
4387.26569457505	70604	0	
4387.36569479322	70584	0	
4387.46569501139	70564	0	
4387.56569522956	70600	0	
4387.66569374812	70604	0	
4387.76569396629	70540	0	
4387.86569418446	70580	0	
4387.96569440263	70576	0	
4388.0656946208	70572	0	
4388.16569483897	70532	0	
4388.26569505714	70564	0	
4388.36569527532	70580	0	
4388.46569379387	70532	0	
4388.56569401204	70544	0	
4388.66569423021	70572	0	
4388.76569444839	70600	0	
4388.86569466656	70580	0	
4388.96569488473	70608	0	
4389.0656951029	70568	0	
4389.16569532107	70580	0	
4389.26569383963	70592	0	
4389.3656940578	70580	0	
4389.46569427597	70572	0	
4389.56569449414	70544	0	
4389.66569471231	70572	0	
4389.76569493048	70560	0	
4389.86569514865	70596	0	
4389.96569536682	70588	0	
4390.06569388538	70576	0	
4390.16569410355	70564	0	
4390.26569432172	70572	0	
4390.36569453989	70596	0	
4390.46569475807	70560	0	
4390.56569497624	70504	0	
4390.66569519441	70556	0	
4390.76569371297	70544	0	
4390.86569393114	70596	0	
4390.96569414931	70572	0	
4391.06569436748	70516	0	
4391.16569458565	70568	0	
4391.26569480382	70564	0	
4391.36569332238	70580	0	
4391.46569354055	70592	0	
4391.5656920591	70640	0	
4391.66569227728	70644	0	
4391.76569249545	70620	0	
4391.86569271362	70644	0	
4391.96569293179	70640	0	
4392.06569314996	70624	0	
4392.16569336813	70632	0	
4392.2656935863	70668	0	
4392.36569210486	70632	0	
4392.46569232303	70664	0	
4392.5656925412	70688	0	
4392.66569275937	70688	0	
4392.76569297754	70612	0	
4392.86569319571	70628	0	
4392.96569341389	70652	0	
4393.06569363206	70632	0	
4393.16569215061	70628	0	
4393.26569236879	70664	0	
4393.36569258696	70644	0	
4393.46569280513	70684	0	
4393.5656930233	70684	0	
4393.66569324147	70640	0	
4393.76569345964	70668	0	
4393.86569367781	70628	0	
4393.96569219637	70672	0	
4394.06569241454	70644	0	
4394.16569263271	70660	0	
4394.26569285088	70700	0	
4394.36569306905	70704	0	
4394.46569328722	70680	0	
4394.5656935054	70688	0	
4394.66569372357	70708	0	
4394.76569224212	70732	0	
4394.86569246029	70704	0	
4394.96569267847	70700	0	
4395.06569289664	70728	0	
4395.16569311481	70736	0	
4395.26569333298	70764	0	
4395.36569355115	70752	0	
4395.46569206971	70744	0	
4395.56569228788	70792	0	
4395.66569250605	70800	0	
4395.76569272422	70784	0	
4395.86569294239	70788	0	
4395.96569316056	70784	0	
4396.06569337873	70744	0	
4396.1656935969	70772	0	
4396.26569211546	70788	0	
4396.36569233363	70772	0	
4396.4656925518	70732	0	
4396.56569276998	70760	0	
4396.66569298815	70760	0	
4396.76569320632	70780	0	
4396.86569342449	70748	0	
4396.96569364266	70772	0	
4397.06569216122	70796	0	
4397.16569237939	70784	0	
4397.26569259756	70780	0	
4397.36569281573	70780	0	
4397.4656930339	70796	0	
4397.56569325207	70848	0	
4397.66569347024	70808	0	
4397.76569368842	70816	0	
4397.86569220697	70820	0	
4397.96569242514	70812	0	
4398.06569264331	70832	0	
4398.16569286148	70856	0	
4398.26569307966	70784	0	
4398.36569329783	70812	0	
4398.465693516	70832	0	
4398.56569373417	70824	0	
4398.66569225273	70856	0	
4398.7656924709	70844	0	
4398.86569268907	70848	0	
4398.96569290724	70848	0	
4399.06569312541	70856	0	
4399.16569334358	70860	0	
4399.26569356175	70876	0	
4399.36569377992	70904	0	
4399.46569229848	70880	0	
4399.56569251665	70904	0	
4399.66569273482	70896	0	
4399.76569295299	70900	0	
4399.86569317117	70876	0	
4399.96569338934	70908	0	
4400.06569360751	70900	0	
4400.16569382568	70908	0	
4400.26569234424	70896	0	
4400.36569256241	70888	0	
4400.46569278058	70896	0	
4400.56569299875	70872	0	
4400.66569321692	70896	0	
4400.76569343509	70876	0	
4400.86569365326	70924	0	
4400.96569217182	70904	0	
4401.06569238999	70908	0	
4401.16569260816	70920	0	
4401.26569282633	70932	0	
4401.3656930445	70916	0	
4401.46569326267	70936	0	
4401.56569348085	70932	0	
4401.66569369902	70928	0	
4401.76569221757	70940	0	
4401.86569243574	70936	0	
4401.96569265392	70940	0	
4402.06569287209	71020	0	
4402.16569309026	71000	0	
4402.26569330843	70988	0	
4402.3656935266	71004	0	
4402.46569374477	70988	0	
4402.56569226333	71020	0	
4402.6656924815	71000	0	
4402.76569269967	71008	0	
4402.86569291784	71016	0	
4402.96569313601	71004	0	
4403.06569335418	71016	0	
4403.16569357235	71004	0	
4403.26569379053	71020	0	
4403.36569230908	71044	0	
4403.46569252725	71056	0	
4403.56569274543	71020	0	
4403.6656929636	71040	0	
4403.76569318177	71012	0	
4403.86569339994	71024	0	
4403.96569361811	71036	0	
4404.06569383628	71032	0	
4404.16569235484	71036	0	
4404.26569257301	71016	0	
4404.36569279118	71012	0	
4404.46569300935	70996	0	
4404.56569322752	71004	0	
4404.66569344569	71044	0	
4404.76569366387	71052	0	
4404.86569388204	71072	0	
4404.96569240059	71032	0	
4405.06569261876	71084	0	
4405.16569283693	71076	0	
4405.26569305511	71096	0	
4405.36569327328	71076	0	
4405.46569349145	71076	0	
4405.56569370962	71104	0	
4405.66569222818	71100	0	
4405.76569244635	71104	0	
4405.86569266452	71112	0	
4405.96569288269	71116	0	
4406.06569310086	71140	0	
4406.16569331903	71160	0	
4406.2656935372	71160	0	
4406.36569375537	71120	0	
4406.46569227393	71120	0	
4406.5656924921	71108	0	
4406.66569271027	71080	0	
4406.76569292844	71124	0	
4406.86569314662	71124	0	
4406.96569336479	71140	0	
4407.06569358296	71056	0	
4407.16569380113	71108	0	
4407.26569231969	71112	0	
4407.36569253786	71092	0	
4407.46569275603	71128	0	
4407.5656929742	71132	0	
4407.66569319237	71172	0	
4407.76569341054	71152	0	
4407.86569362871	71148	0	
4407.96569384688	71172	0	
4408.06569236544	71192	0	
4408.16569258361	71204	0	
4408.26569280178	71208	0	
4408.36569301995	71252	0	
4408.46569323812	71216	0	
4408.5656934563	71196	0	
4408.66569367447	71228	0	
4408.76569389264	71168	0	
4408.86569241119	71224	0	
4408.96569262937	71224	0	
4409.06569284754	71208	0	
4409.16569306571	71224	0	
4409.26569328388	71212	0	
4409.36569350205	71224	0	
4409.46569372022	71240	0	
4409.56569393839	71268	0	
4409.66569245695	71276	0	
4409.76569267512	71228	0	
4409.86569289329	71232	0	
4409.96569311146	71296	0	
4410.06569332963	71264	0	
4410.16569354781	71304	0	
4410.26569376598	71264	0	
4410.36569228453	71280	0	
4410.4656925027	71264	0	
4410.56569272088	71264	0	
4410.66569293905	71260	0	
4410.76569315722	71240	0	
4410.86569337539	71228	0	
4410.96569359356	71260	0	
4411.06569381173	71268	0	
4411.16569233029	71280	0	
4411.26569254846	71256	0	
4411.36569276663	71292	0	
4411.4656929848	71300	0	
4411.56569320297	71288	0	
4411.66569342114	71272	0	
4411.76569363932	71272	0	
4411.86569385749	71320	0	
4411.96569237604	71312	0	
4412.06569259421	71328	0	
4412.16569281238	71308	0	
4412.26569303056	71312	0	
4412.36569324873	71348	0	
4412.4656934669	71336	0	
4412.56569368507	71388	0	
4412.66569390324	71348	0	
4412.7656924218	71284	0	
4412.86569263997	71312	0	
4412.96569285814	71348	0	
4413.06569307631	71360	0	
4413.16569329448	71392	0	
4413.26569351265	71352	0	
4413.36569373082	71372	0	
4413.465693949	71380	0	
4413.56569246755	71384	0	
4413.66569268572	71336	0	
4413.76569290389	71368	0	
4413.86569312207	71392	0	
4413.96569334024	71352	0	
4414.06569355841	71416	0	
4414.16569377658	71380	0	
4414.26569399475	71392	0	
4414.36569251331	71424	0	
4414.46569273148	71408	0	
4414.56569294965	71424	0	
4414.66569316782	71412	0	
4414.76569338599	71436	0	
4414.86569360416	71432	0	
4414.96569382233	71460	0	
4415.06569404051	71424	0	
4415.16569255906	71444	0	
4415.26569277723	71468	0	
4415.3656929954	71492	0	
4415.46569321357	71500	0	
4415.56569343175	71452	0	
4415.66569364992	71448	0	
4415.76569386809	71464	0	
4415.86569238664	71488	0	
4415.96569260482	71424	0	
4416.06569282299	71436	0	
4416.16569304116	71464	0	
4416.26569325933	71428	0	
4416.3656934775	71464	0	
4416.46569369567	71516	0	
4416.56569391384	71484	0	
4416.6656924324	71432	0	
4416.76569265057	71480	0	
4416.86569286874	71496	0	
4416.96569308691	71492	0	
4417.06569330508	71504	0	
4417.16569352326	71504	0	
4417.26569374143	71480	0	
4417.3656939596	71544	0	
4417.46569247815	71496	0	
4417.56569269633	71488	0	
4417.6656929145	71512	0	
4417.76569313267	71512	0	
4417.86569335084	71552	0	
4417.96569356901	71548	0	
4418.06569378718	71556	0	
4418.16569400535	71576	0	
4418.26569252391	71536	0	
4418.36569274208	71568	0	
4418.46569296025	71592	0	
4418.56569317842	71564	0	
4418.66569339659	71624	0	
4418.76569361477	71616	0	
4418.86569383294	71616	0	
4418.96569405111	71564	0	
4419.06569256966	71596	0	
4419.16569278783	71544	0	
4419.26569300601	71592	0	
4419.36569322418	71564	0	
4419.46569344235	71552	0	
4419.56569366052	71600	0	
4419.66569387869	71548	0	
4419.76569409686	71544	0	
4419.8656909158	71540	0	
4419.96569113398	71600	0	
4420.06569135215	71572	0	
4420.16569157032	71600	0	
4420.26569178849	71600	0	
4420.36569200666	71556	0	
4420.46569222483	71576	0	
4420.56569074339	71620	0	
4420.66569096156	71600	0	
4420.76569117973	71608	0	
4420.8656913979	71636	0	
4420.96569161607	71624	0	
4421.06569183424	71632	0	
4421.16569205241	71648	0	
4421.26569227059	71688	0	
4421.36569078914	71664	0	
4421.46569100731	71736	0	
4421.56569122548	71696	0	
4421.66569144366	71752	0	
4421.76569166183	71704	0	
4421.86569188	71700	0	
4421.96569209817	71708	0	
4422.06569231634	71696	0	
4422.1656908349	71720	0	
4422.26569105307	71728	0	
4422.36569127124	71684	0	
4422.46569148941	71672	0	
4422.56569170758	71668	0	
4422.66569192575	71692	0	
4422.76569214392	71688	0	
4422.86569236209	71676	0	
4422.96569088065	71704	0	
4423.06569109882	71736	0	
4423.16569131699	71708	0	
4423.26569153517	71708	0	
4423.36569175334	71704	0	
4423.46569197151	71704	0	
4423.56569218968	71716	0	
4423.66569240785	71736	0	
4423.76569092641	71728	0	
4423.86569114458	71748	0	
4423.96569136275	71768	0	
4424.06569158092	71756	0	
4424.16569179909	71764	0	
4424.26569201726	71784	0	
4424.36569223543	71780	0	
4424.4656924536	71804	0	
4424.56569097216	71772	0	
4424.66569119033	71792	0	
4424.7656914085	71824	0	
4424.86569162667	71848	0	
4424.96569184485	71836	0	
4425.06569206302	71860	0	
4425.16569228119	71812	0	
4425.26569249936	71828	0	
4425.36569101792	71820	0	
4425.46569123609	71812	0	
4425.56569145426	71812	0	
4425.66569167243	71816	0	
4425.7656918906	71796	0	
4425.86569210877	71804	0	
4425.96569232694	71816	0	
4426.0656908455	71832	0	
4426.16569106367	71740	0	
4426.26569128184	71804	0	
4426.36569150001	71812	0	
4426.46569171818	71824	0	
4426.56569193636	71852	0	
4426.66569215453	71840	0	
4426.7656923727	71872	0	
4426.86569089125	71856	0	
4426.96569110943	71908	0	
4427.0656913276	71924	0	
4427.16569154577	71904	0	
4427.26569176394	71896	0	
4427.36569198211	71916	0	
4427.46569220028	71892	0	
4427.56569241845	71928	0	
4427.66569093701	71920	0	
4427.76569115518	71896	0	
4427.86569137335	71908	0	
4427.96569159152	71904	0	
4428.06569180969	71908	0	
4428.16569202786	71940	0	
4428.26569224604	71920	0	
4428.36569246421	71896	0	
4428.46569098276	71940	0	
4428.56569120093	71892	0	
4428.66569141911	71880	0	
4428.76569163728	71896	0	
4428.86569185545	71928	0	
4428.96569207362	71924	0	
4429.06569229179	71936	0	
4429.16569250996	71972	0	
4429.26569102852	71972	0	
4429.36569124669	71944	0	
4429.46569146486	71948	0	
4429.56569168303	71964	0	
4429.6656919012	71992	0	
4429.76569211937	72008	0	
4429.86569233755	71984	0	
4429.96569255572	72052	0	
4430.06569107427	72028	0	
4430.16569129244	72028	0	
4430.26569151062	72012	0	
4430.36569172879	72012	0	
4430.46569194696	71996	0	
4430.56569216513	72008	0	
4430.6656923833	72024	0	
4430.76569090186	71988	0	
4430.86569112003	71996	0	
4430.9656913382	71996	0	
4431.06569155637	71988	0	
4431.16569177454	71972	0	
4431.26569199271	72008	0	
4431.36569221088	72036	0	
4431.46569242905	72008	0	
4431.56569094761	72012	0	
4431.66569116578	72036	0	
4431.76569138395	72028	0	
4431.86569160212	72056	0	
4431.9656918203	72012	0	
4432.06569203847	72060	0	
4432.16569225664	72084	0	
4432.26569247481	72084	0	
4432.36569099337	72072	0	
4432.46569121154	72164	0	
4432.56569142971	72140	0	
4432.66569164788	72140	0	
4432.76569186605	72132	0	
4432.86569208422	72096	0	
4432.96569230239	72108	0	
4433.06569252056	72092	0	
4433.16569103912	72084	0	
4433.26569125729	72056	0	
4433.36569147546	72060	0	
4433.46569169363	72024	0	
4433.56569191181	72056	0	
4433.66569212998	72052	0	
4433.76569234815	72024	0	
4433.86569256632	72060	0	
4433.96569108488	72032	0	
4434.06569130305	72044	0	
4434.16569152122	72076	0	
4434.26569173939	72080	0	
4434.36569195756	72076	0	
4434.46569217573	72068	0	
4434.5656923939	72088	0	
4434.66569261207	72112	0	
4434.76569113063	72140	0	
4434.8656913488	72136	0	
4434.96569156697	72172	0	
4435.06569178514	72188	0	
4435.16569200331	72192	0	
4435.26569222149	72164	0	
4435.36569243966	72216	0	
4435.46569095821	72192	0	
4435.56569117638	72204	0	
4435.66569139456	72168	0	
4435.76569161273	72208	0	
4435.8656918309	72256	0	
4435.96569204907	72244	0	
4436.06569226724	72192	0	
4436.16569248541	72184	0	
4436.26569100397	72188	0	
4436.36569122214	72172	0	
4436.46569144031	72188	0	
4436.56569165848	72220	0	
4436.66569187665	72216	0	
4436.76569209482	72232	0	
4436.865692313	72248	0	
4436.96569253117	72232	0	
4437.06569104972	72280	0	
4437.16569126789	72208	0	
4437.26569148607	72256	0	
4437.36569170424	72252	0	
4437.46569192241	72232	0	
4437.56569214058	72260	0	
4437.66569235875	72256	0	
4437.76569257692	72232	0	
4437.86569109548	72240	0	
4437.96569131365	72252	0	
4438.06569153182	72236	0	
4438.16569174999	72304	0	
4438.26569196816	72280	0	
4438.36569218633	72332	0	
4438.4656924045	72320	0	
4438.56569262268	72352	0	
4438.66569114123	72324	0	
4438.7656913594	72296	0	
4438.86569157757	72352	0	
4438.96569179575	72364	0	
4439.06569201392	72336	0	
4439.16569223209	72340	0	
4439.26569245026	72356	0	
4439.36569266843	72316	0	
4439.46569118699	72324	0	
4439.56569140516	72376	0	
4439.66569162333	72312	0	
4439.7656918415	72316	0	
4439.86569205967	72308	0	
4439.96569227784	72332	0	
4440.06569249601	72328	0	
4440.16569271419	72348	0	
4440.26569123274	72324	0	
4440.36569145091	72356	0	
4440.46569166908	72312	0	
4440.56569188726	72344	0	
4440.66569210543	72360	0	
4440.7656923236	72364	0	
4440.86569254177	72380	0	
4440.96569106033	72420	0	
4441.0656912785	72380	0	
4441.16569149667	72408	0	
4441.26569171484	72412	0	
4441.36569193301	72444	0	
4441.46569215118	72416	0	
4441.56569236935	72344	0	
4441.66569258752	72392	0	
4441.76569110608	72364	0	
4441.86569132425	72328	0	
4441.96569154242	72388	0	
4442.06569176059	72404	0	
4442.16569197876	72400	0	
4442.26569219694	72436	0	
4442.36569241511	72416	0	
4442.46569263328	72392	0	
4442.56569115184	72412	0	
4442.66569137001	72420	0	
4442.76569158818	72420	0	
4442.86569180635	72440	0	
4442.96569202452	72436	0	
4443.06569224269	72464	0	
4443.16569246086	72452	0	
4443.26569267903	72492	0	
4443.36569119759	72480	0	
4443.46569141576	72504	0	
4443.56569163393	72520	0	
4443.6656918521	72532	0	
4443.76569207027	72544	0	
4443.86569228845	72508	0	
4443.96569250662	72492	0	
4444.06569272479	72484	0	
4444.16569124334	72528	0	
4444.26569146152	72520	0	
4444.36569167969	72496	0	
4444.46569189786	72476	0	
4444.56569211603	72504	0	
4444.6656923342	72536	0	
4444.76569255237	72544	0	
4444.86569277054	72500	0	
4444.9656912891	72568	0	
4445.06569150727	72568	0	
4445.16569172544	72576	0	
4445.26569194361	72572	0	
4445.36569216178	72556	0	
4445.46569237995	72592	0	
4445.56569259813	72572	0	
4445.66569111668	72580	0	
4445.76569133485	72584	0	
4445.86569155302	72612	0	
4445.9656917712	72572	0	
4446.06569198937	72532	0	
4446.16569220754	72524	0	
4446.26569242571	72556	0	
4446.36569264388	72572	0	
4446.46569116244	72580	0	
4446.56569138061	72564	0	
4446.66569159878	72536	0	
4446.76569181695	72556	0	
4446.86569203512	72572	0	
4446.96569225329	72600	0	
4447.06569247146	72616	0	
4447.16569268964	72628	0	
4447.26569120819	72668	0	
4447.36569142636	72656	0	
4447.46569164453	72636	0	
4447.56569186271	72700	0	
4447.46569164453	72680	0	
4447.36569142636	72668	0	
4447.26569120819	72676	0	
4447.16569268964	72704	0	
4447.06569247146	72704	0	
4446.96569225329	72712	0	
4446.86569203512	72696	0	
4446.76569181695	72700	0	
4446.66569159878	72676	0	
4446.56569138061	72676	0	
4446.46569116244	72656	0	
4446.36569264388	72632	0	
4446.26569242571	72600	0	
4446.16569220754	72604	0	
4446.06569198937	72564	0	
4445.9656917712	72592	0	
4445.86569155302	72616	0	
4445.76569133485	72600	0	
4445.66569111668	72560	0	
4445.56569259813	72524	0	
4445.46569237995	72536	0	
4445.36569216178	72556	0	
4445.26569194361	72568	0	
4445.16569172544	72580	0	
4445.06569150727	72568	0	
4444.9656912891	72592	0	
4444.86569277054	72652	0	
4444.76569255237	72632	0	
4444.6656923342	72656	0	
4444.56569211603	72656	0	
4444.46569189786	72664	0	
4444.36569167969	72652	0	
4444.26569146152	72668	0	
4444.16569124334	72652	0	
4444.06569272479	72624	0	
4443.96569250662	72636	0	
4443.86569228845	72644	0	
4443.76569207027	72592	0	
4443.6656918521	72616	0	
4443.56569163393	72580	0	
4443.46569141576	72584	0	
4443.36569119759	72576	0	
4443.26569267903	72544	0	
4443.16569246086	72524	0	
4443.06569224269	72548	0	
4442.96569202452	72512	0	
4442.86569180635	72528	0	
4442.76569158818	72496	0	
4442.66569137001	72508	0	
4442.56569115184	72520	0	
4442.46569263328	72508	0	
4442.36569241511	72476	0	
4442.26569219694	72476	0	
4442.16569197876	72476	0	
4442.06569176059	72512	0	
4441.96569154242	72476	0	
4441.86569132425	72452	0	
4441.76569110608	72504	0	
4441.66569258752	72468	0	
4441.56569236935	72472	0	
4441.46569215118	72468	0	
4441.36569193301	72452	0	
4441.26569171484	72504	0	
4441.16569149667	72520	0	
4441.0656912785	72496	0	
4440.96569106033	72504	0	
4440.86569254177	72504	0	
4440.7656923236	72496	0	
4440.66569210543	72504	0	
4440.56569188726	72508	0	
4440.46569166908	72500	0	
4440.36569145091	72468	0	
4440.26569123274	72468	0	
4440.16569271419	72476	0	
4440.06569249601	72452	0	
4439.96569227784	72432	0	
4439.86569205967	72444	0	
4439.7656918415	72420	0	
4439.66569162333	72440	0	
4439.56569140516	72412	0	
4439.46569118699	72388	0	
4439.36569266843	72364	0	
4439.26569245026	72352	0	
4439.16569223209	72340	0	
4439.06569201392	72340	0	
4438.96569179575	72336	0	
4438.86569157757	72340	0	
4438.7656913594	72348	0	
4438.66569114123	72332	0	
4438.56569262268	72364	0	
4438.4656924045	72324	0	
4438.36569218633	72328	0	
4438.26569196816	72360	0	
4438.16569174999	72336	0	
4438.06569153182	72364	0	
4437.96569131365	72332	0	
4437.86569109548	72388	0	
4437.76569257692	72408	0	
4437.66569235875	72408	0	
4437.56569214058	72428	0	
4437.46569192241	72424	0	
4437.36569170424	72416	0	
4437.26569148607	72444	0	
4437.16569126789	72420	0	
4437.06569104972	72408	0	
4436.96569253117	72412	0	
4436.865692313	72412	0	
4436.76569209482	72376	0	
4436.66569187665	72348	0	
4436.56569165848	72320	0	
4436.46569144031	72332	0	
4436.36569122214	72324	0	
4436.26569100397	72280	0	
4436.16569248541	72296	0	
4436.06569226724	72272	0	
4435.96569204907	72280	0	
4435.8656918309	72256	0	
4435.76569161273	72248	0	
4435.66569139456	72212	0	
4435.56569117638	72192	0	
4435.46569095821	72208	0	
4435.36569243966	72224	0	
4435.26569222149	72248	0	
4435.16569200331	72232	0	
4435.06569178514	72240	0	
4434.96569156697	72268	0	
4434.8656913488	72256	0	
4434.76569113063	72240	0	
4434.66569261207	72208	0	
4434.5656923939	72244	0	
4434.46569217573	72240	0	
4434.36569195756	72264	0	
4434.26569173939	72280	0	
4434.16569152122	72280	0	
4434.06569130305	72296	0	
4433.96569108488	72256	0	
4433.86569256632	72244	0	
4433.76569234815	72268	0	
4433.66569212998	72260	0	
4433.56569191181	72244	0	
4433.46569169363	72252	0	
4433.36569147546	72244	0	
4433.26569125729	72212	0	
4433.16569103912	72212	0	
4433.06569252056	72220	0	
4432.96569230239	72220	0	
4432.86569208422	72188	0	
4432.76569186605	72200	0	
4432.66569164788	72204	0	
4432.56569142971	72164	0	
4432.46569121154	72148	0	
4432.36569099337	72152	0	
4432.26569247481	72172	0	
4432.16569225664	72156	0	
4432.06569203847	72112	0	
4431.9656918203	72136	0	
4431.86569160212	72132	0	
4431.76569138395	72100	0	
4431.66569116578	72140	0	
4431.56569094761	72144	0	
4431.46569242905	72144	0	
4431.36569221088	72156	0	
4431.26569199271	72112	0	
4431.16569177454	72068	0	
4431.06569155637	72080	0	
4430.9656913382	72108	0	
4430.86569112003	72104	0	
4430.76569090186	72120	0	
4430.6656923833	72064	0	
4430.56569216513	72052	0	
4430.46569194696	72064	0	
4430.36569172879	72112	0	
4430.26569151062	72092	0	
4430.16569129244	72120	0	
4430.06569107427	72104	0	
4429.96569255572	72152	0	
4429.86569233755	72096	0	
4429.76569211937	72096	0	
4429.6656919012	72140	0	
4429.56569168303	72100	0	
4429.46569146486	72092	0	
4429.36569124669	72096	0	
4429.26569102852	72104	0	
4429.16569250996	72112	0	
4429.06569229179	72096	0	
4428.96569207362	72072	0	
4428.86569185545	72028	0	
4428.76569163728	72020	0	
4428.66569141911	71988	0	
4428.56569120093	71984	0	
4428.46569098276	71968	0	
4428.36569246421	71984	0	
4428.26569224604	71968	0	
4428.16569202786	71956	0	
4428.06569180969	71972	0	
4427.96569159152	71996	0	
4427.86569137335	71964	0	
4427.76569115518	71976	0	
4427.66569093701	71952	0	
4427.56569241845	71944	0	
4427.46569220028	71948	0	
4427.36569198211	71944	0	
4427.26569176394	71924	0	
4427.16569154577	71972	0	
4427.0656913276	71988	0	
4426.96569110943	72008	0	
4426.86569089125	72016	0	
4426.7656923727	71996	0	
4426.66569215453	71984	0	
4426.56569193636	71980	0	
4426.46569171818	72016	0	
4426.36569150001	72040	0	
4426.26569128184	72036	0	
4426.16569106367	72048	0	
4426.0656908455	71988	0	
4425.96569232694	71956	0	
4425.86569210877	71976	0	
4425.7656918906	71896	0	
4425.66569167243	71916	0	
4425.56569145426	71884	0	
4425.46569123609	71912	0	
4425.36569101792	71872	0	
4425.26569249936	71900	0	
4425.16569228119	71904	0	
4425.06569206302	71888	0	
4424.96569184485	71876	0	
4424.86569162667	71852	0	
4424.7656914085	71864	0	
4424.66569119033	71844	0	
4424.56569097216	71884	0	
4424.4656924536	71836	0	
4424.36569223543	71852	0	
4424.26569201726	71852	0	
4424.16569179909	71868	0	
4424.06569158092	71880	0	
4423.96569136275	71912	0	
4423.86569114458	71924	0	
4423.76569092641	71908	0	
4423.66569240785	71892	0	
4423.56569218968	71900	0	
4423.46569197151	71900	0	
4423.36569175334	71896	0	
4423.26569153517	71888	0	
4423.16569131699	71920	0	
4423.06569109882	71884	0	
4422.96569088065	71876	0	
4422.86569236209	71856	0	
4422.76569214392	71860	0	
4422.66569192575	71864	0	
4422.56569170758	71844	0	
4422.46569148941	71844	0	
4422.36569127124	71796	0	
4422.26569105307	71808	0	
4422.1656908349	71772	0	
4422.06569231634	71768	0	
4421.96569209817	71772	0	
4421.86569188	71756	0	
4421.76569166183	71724	0	
4421.66569144366	71748	0	
4421.56569122548	71768	0	
4421.46569100731	71768	0	
4421.36569078914	71752	0	
4421.26569227059	71760	0	
4421.16569205241	71744	0	
4421.06569183424	71756	0	
4420.96569161607	71760	0	
4420.8656913979	71776	0	
4420.76569117973	71792	0	
4420.66569096156	71744	0	
4420.56569074339	71756	0	
4420.46569222483	71776	0	
4420.36569200666	71776	0	
4420.26569178849	71756	0	
4420.16569157032	71772	0	
4420.06569135215	71744	0	
4419.96569113398	71740	0	
4419.8656909158	71696	0	
4419.76569409686	71696	0	
4419.66569387869	71664	0	
4419.56569366052	71644	0	
4419.46569344235	71644	0	
4419.36569322418	71636	0	
4419.26569300601	71628	0	
4419.16569278783	71644	0	
4419.06569256966	71664	0	
4418.96569405111	71676	0	
4418.86569383294	71608	0	
4418.76569361477	71640	0	
4418.66569339659	71652	0	
4418.56569317842	71676	0	
4418.46569296025	71676	0	
4418.36569274208	71648	0	
4418.26569252391	71592	0	
4418.16569400535	71640	0	
4418.06569378718	71712	0	
4417.96569356901	71708	0	
4417.86569335084	71672	0	
4417.76569313267	71656	0	
4417.6656929145	71672	0	
4417.56569269633	71664	0	
4417.46569247815	71652	0	
4417.3656939596	71636	0	
4417.26569374143	71612	0	
4417.16569352326	71596	0	
4417.06569330508	71560	0	
4416.96569308691	71568	0	
4416.86569286874	71540	0	
4416.76569265057	71544	0	
4416.6656924324	71532	0	
4416.56569391384	71552	0	
4416.46569369567	71536	0	
4416.3656934775	71536	0	
4416.26569325933	71496	0	
4416.16569304116	71520	0	
4416.06569282299	71536	0	
4415.96569260482	71488	0	
4415.86569238664	71500	0	
4415.76569386809	71512	0	
4415.66569364992	71504	0	
4415.56569343175	71548	0	
4415.46569321357	71548	0	
4415.3656929954	71548	0	
4415.26569277723	71520	0	
4415.16569255906	71580	0	
4415.06569404051	71556	0	
4414.96569382233	71572	0	
4414.86569360416	71592	0	
4414.76569338599	71584	0	
4414.66569316782	71576	0	
4414.56569294965	71576	0	
4414.46569273148	71584	0	
4414.36569251331	71544	0	
4414.26569399475	71528	0	
4414.16569377658	71532	0	
4414.06569355841	71520	0	
4413.96569334024	71544	0	
4413.86569312207	71496	0	
4413.76569290389	71460	0	
4413.66569268572	71416	0	
4413.56569246755	71420	0	
4413.465693949	71396	0	
4413.36569373082	71380	0	
4413.26569351265	71404	0	
4413.16569329448	71368	0	
4413.06569307631	71392	0	
4412.96569285814	71348	0	
4412.86569263997	71356	0	
4412.7656924218	71384	0	
4412.66569390324	71392	0	
4412.56569368507	71420	0	
4412.4656934669	71440	0	
4412.36569324873	71436	0	
4412.26569303056	71460	0	
4412.16569281238	71436	0	
4412.06569259421	71448	0	
4411.96569237604	71476	0	
4411.86569385749	71512	0	
4411.76569363932	71484	0	
4411.66569342114	71412	0	
4411.56569320297	71476	0	
4411.4656929848	71420	0	
4411.36569276663	71416	0	
4411.26569254846	71396	0	
4411.16569233029	71388	0	
4411.06569381173	71408	0	
4410.96569359356	71352	0	
4410.86569337539	71312	0	
4410.76569315722	71332	0	
4410.66569293905	71332	0	
4410.56569272088	71320	0	
4410.4656925027	71272	0	
4410.36569228453	71324	0	
4410.26569376598	71320	0	
4410.16569354781	71324	0	
4410.06569332963	71316	0	
4409.96569311146	71332	0	
4409.86569289329	71324	0	
4409.76569267512	71316	0	
4409.66569245695	71312	0	
4409.56569393839	71276	0	
4409.46569372022	71244	0	
4409.36569350205	71272	0	
4409.26569328388	71276	0	
4409.16569306571	71312	0	
4409.06569284754	71300	0	
4408.96569262937	71292	0	
4408.86569241119	71268	0	
4408.76569389264	71268	0	
4408.66569367447	71284	0	
4408.5656934563	71268	0	
4408.46569323812	71256	0	
4408.36569301995	71304	0	
4408.26569280178	71296	0	
4408.16569258361	71288	0	
4408.06569236544	71272	0	
4407.96569384688	71292	0	
4407.86569362871	71308	0	
4407.76569341054	71300	0	
4407.66569319237	71288	0	
4407.5656929742	71284	0	
4407.46569275603	71244	0	
4407.36569253786	71240	0	
4407.26569231969	71260	0	
4407.16569380113	71192	0	
4407.06569358296	71196	0	
4406.96569336479	71196	0	
4406.86569314662	71224	0	
4406.76569292844	71168	0	
4406.66569271027	71172	0	
4406.5656924921	71188	0	
4406.46569227393	71136	0	
4406.36569375537	71100	0	
4406.2656935372	71124	0	
4406.16569331903	71140	0	
4406.06569310086	71100	0	
4405.96569288269	71156	0	
4405.86569266452	71148	0	
4405.76569244635	71132	0	
4405.66569222818	71136	0	
4405.56569370962	71160	0	
4405.46569349145	71156	0	
4405.36569327328	71152	0	
4405.26569305511	71164	0	
4405.16569283693	71140	0	
4405.06569261876	71172	0	
4404.96569240059	71148	0	
4404.86569388204	71148	0	
4404.76569366387	71176	0	
4404.66569344569	71196	0	
4404.56569322752	71188	0	
4404.46569300935	71184	0	
4404.36569279118	71164	0	
4404.26569257301	71116	0	
4404.16569235484	71140	0	
4404.06569383628	71104	0	
4403.96569361811	71088	0	
4403.86569339994	71068	0	
4403.76569318177	71060	0	
4403.6656929636	71060	0	
4403.56569274543	71048	0	
4403.46569252725	71064	0	
4403.36569230908	71064	0	
4403.26569379053	71028	0	
4403.16569357235	71044	0	
4403.06569335418	70980	0	
4402.96569313601	71024	0	
4402.86569291784	70988	0	
4402.76569269967	70996	0	
4402.6656924815	71020	0	
4402.56569226333	71040	0	
4402.46569374477	71016	0	
4402.3656935266	71028	0	
4402.26569330843	71000	0	
4402.16569309026	71060	0	
4402.06569287209	71020	0	
4401.96569265392	71020	0	
4401.86569243574	71004	0	
4401.76569221757	71028	0	
4401.66569369902	71040	0	
4401.56569348085	71036	0	
4401.46569326267	71028	0	
4401.3656930445	71024	0	
4401.26569282633	71056	0	
4401.16569260816	71016	0	
4401.06569238999	70984	0	
4400.96569217182	71016	0	
4400.86569365326	70988	0	
4400.76569343509	71028	0	
4400.66569321692	70988	0	
4400.56569299875	70988	0	
4400.46569278058	70988	0	
4400.36569256241	70976	0	
4400.26569234424	70964	0	
4400.16569382568	70944	0	
4400.06569360751	70940	0	
4399.96569338934	70924	0	
4399.86569317117	70924	0	
4399.76569295299	70920	0	
4399.66569273482	70920	0	
4399.56569251665	70956	0	
4399.46569229848	70916	0	
4399.36569377992	70908	0	
4399.26569356175	70924	0	
4399.16569334358	70896	0	
4399.06569312541	70892	0	
4398.96569290724	70892	0	
4398.86569268907	70884	0	
4398.7656924709	70900	0	
4398.66569225273	70888	0	
4398.56569373417	70880	0	
4398.465693516	70880	0	
4398.36569329783	70900	0	
4398.26569307966	70856	0	
4398.16569286148	70880	0	
4398.06569264331	70924	0	
4397.96569242514	70872	0	
4397.86569220697	70904	0	
4397.76569368842	70940	0	
4397.66569347024	70940	0	
4397.56569325207	70896	0	
4397.4656930339	70828	0	
4397.36569281573	70868	0	
4397.26569259756	70876	0	
4397.16569237939	70860	0	
4397.06569216122	70876	0	
4396.96569364266	70844	0	
4396.86569342449	70904	0	
4396.76569320632	70880	0	
4396.66569298815	70836	0	
4396.56569276998	70860	0	
4396.4656925518	70852	0	
4396.36569233363	70848	0	
4396.26569211546	70856	0	
4396.1656935969	70860	0	
4396.06569337873	70816	0	
4395.96569316056	70804	0	
4395.86569294239	70832	0	
4395.76569272422	70776	0	
4395.66569250605	70788	0	
4395.56569228788	70816	0	
4395.46569206971	70808	0	
4395.36569355115	70808	0	
4395.26569333298	70836	0	
4395.16569311481	70764	0	
4395.06569289664	70732	0	
4394.96569267847	70760	0	
4394.86569246029	70740	0	
4394.76569224212	70768	0	
4394.66569372357	70780	0	
4394.5656935054	70832	0	
4394.46569328722	70840	0	
4394.36569306905	70820	0	
4394.26569285088	70796	0	
4394.16569263271	70776	0	
4394.06569241454	70808	0	
4393.96569219637	70820	0	
4393.86569367781	70796	0	
4393.76569345964	70756	0	
4393.66569324147	70788	0	
4393.5656930233	70760	0	
4393.46569280513	70768	0	
4393.36569258696	70796	0	
4393.26569236879	70764	0	
4393.16569215061	70708	0	
4393.06569363206	70700	0	
4392.96569341389	70732	0	
4392.86569319571	70696	0	
4392.76569297754	70700	0	
4392.66569275937	70700	0	
4392.5656925412	70716	0	
4392.46569232303	70692	0	
4392.36569210486	70720	0	
4392.2656935863	70692	0	
4392.16569336813	70652	0	
4392.06569314996	70664	0	
4391.96569293179	70672	0	
4391.86569271362	70668	0	
4391.76569249545	70660	0	
4391.66569227728	70680	0	
4391.5656920591	70664	0	
4391.46569354055	70644	0	
4391.36569332238	70652	0	
4391.26569480382	70668	0	
4391.16569458565	70684	0	
4391.06569436748	70664	0	
4390.96569414931	70648	0	
4390.86569393114	70692	0	
4390.76569371297	70672	0	
4390.66569519441	70608	0	
4390.56569497624	70644	0	
4390.46569475807	70664	0	
4390.36569453989	70672	0	
4390.26569432172	70692	0	
4390.16569410355	70676	0	
4390.06569388538	70652	0	
4389.96569536682	70596	0	
4389.86569514865	70584	0	
4389.76569493048	70600	0	
4389.66569471231	70604	0	
4389.56569449414	70576	0	
4389.46569427597	70620	0	
4389.3656940578	70628	0	
4389.26569383963	70628	0	
4389.16569532107	70620	0	
4389.0656951029	70604	0	
4388.96569488473	70624	0	
4388.86569466656	70596	0	
4388.76569444839	70580	0	
4388.66569423021	70572	0	
4388.56569401204	70576	0	
4388.46569379387	70584	0	
4388.36569527532	70552	0	
4388.26569505714	70556	0	
4388.16569483897	70592	0	
4388.0656946208	70608	0	
4387.96569440263	70572	0	
4387.86569418446	70576	0	
4387.76569396629	70556	0	
4387.66569374812	70520	0	
4387.56569522956	70552	0	
4387.46569501139	70560	0	
4387.36569479322	70592	0	
4387.26569457505	70560	0	
4387.16569435688	70556	0	
4387.0656941387	70560	0	
4386.96569392053	70592	0	
4386.86569370236	70588	0	
4386.76569518381	70568	0	
4386.66569496563	70556	0	
4386.56569474746	70576	0	
4386.46569452929	70568	0	
4386.36569431112	70548	0	
4386.26569409295	70592	0	
4386.16569387478	70528	0	
4386.06569365661	70536	0	
4385.96569513805	70552	0	
4385.86569491988	70548	0	
4385.76569470171	70528	0	
4385.66569448354	70580	0	
4385.56569426537	70556	0	
4385.4656940472	70548	0	
4385.36569382902	70548	0	
4385.26569361085	70548	0	
4385.1656950923	70504	0	
4385.06569487413	70556	0	
4384.96569465595	70524	0	
4384.86569443778	70568	0	
4384.76569421961	70560	0	
4384.66569400144	70544	0	
4384.56569378327	70588	0	
4384.46569526471	70592	0	
4384.36569504654	70592	0	
4384.26569482837	70608	0	
4384.1656946102	70592	0	
4384.06569439203	70560	0	
4383.96569417386	70576	0	
4383.86569395569	70576	0	
4383.76569373751	70584	0	
4383.66569521896	70592	0	
4383.56569500079	70556	0	
4383.46569478262	70564	0	
4383.36569456444	70608	0	
4383.26569434627	70608	0	
4383.1656941281	70600	0	
4383.06569390993	70584	0	
4382.96569369176	70580	0	
4382.8656951732	70536	0	
4382.76569495503	70588	0	
4382.66569473686	70564	0	
4382.56569451869	70552	0	
4382.46569430052	70568	0	
4382.36569408235	70556	0	
4382.26569386418	70584	0	
4382.165693646	70576	0	
4382.06569512745	70564	0	
4381.96569490928	70592	0	
4381.86569469111	70596	0	
4381.76569447294	70540	0	
4381.66569425476	70572	0	
4381.56569403659	70556	0	
4381.46569381842	70552	0	
4381.36569360025	70572	0	
4381.26569508169	70572	0	
4381.16569486352	70616	0	
4381.06569464535	70584	0	
4380.96569442718	70604	0	
4380.86569420901	70576	0	
4380.76569399084	70588	0	
4380.66569377267	70596	0	
4380.5656935545	70544	0	
4380.46569503594	70548	0	
4380.36569481777	70548	0	
4380.2656945996	70540	0	
4380.16569438143	70548	0	
4380.06569416325	70544	0	
4379.96569394508	70584	0	
4379.86569372691	70548	0	
4379.76569520836	70576	0	
4379.66569499018	70576	0	
4379.56569477201	70540	0	
4379.46569455384	70564	0	
4379.36569433567	70580	0	
4379.2656941175	70580	0	
4379.16569389933	70580	0	
4379.06569368116	70568	0	
4378.9656951626	70572	0	
4378.86569494443	70596	0	
4378.76569472626	70600	0	
4378.66569450809	70536	0	
4378.56569428992	70556	0	
4378.46569407175	70572	0	
4378.36569385357	70564	0	
4378.2656936354	70580	0	
4378.16569511685	70556	0	
4378.06569489868	70568	0	
4377.9656946805	70588	0	
4377.86569446233	70580	0	
4377.76569424416	70580	0	
4377.66569402599	70600	0	
4377.56569380782	70560	0	
4377.46569358965	70568	0	
4377.36569507109	70552	0	
4377.26569485292	70564	0	
4377.16569463475	70580	0	
4377.06569441658	70556	0	
4376.96569419841	70544	0	
4376.86569398024	70564	0	
4376.76569376206	70564	0	
4376.66569354389	70572	0	
4376.56569502534	70568	0	
4376.46569480717	70552	0	
4376.36569458899	70544	0	
4376.26569437082	70548	0	
4376.16569415265	70572	0	
4376.06569393448	70576	0	
4375.96569371631	70580	0	
4375.86569349814	70608	0	
4375.76569497958	70628	0	
4375.66569476141	70592	0	
4375.56569454324	70600	0	
4375.46569432507	70560	0	
4375.3656941069	70548	0	
4375.26569388873	70564	0	
4375.16569367055	70576	0	
4375.065695152	70604	0	
4374.96569493383	70616	0	
4374.86569471566	70584	0	
4374.76569449749	70572	0	
4374.66569427931	70560	0	
4374.56569406114	70588	0	
4374.46569384297	70580	0	
4374.3656936248	70552	0	
4374.26569510624	70552	0	
4374.16569488807	70564	0	
4374.0656946699	70632	0	
4373.96569445173	70584	0	
4373.86569423356	70572	0	
4373.76569401539	70548	0	
4373.66569379722	70564	0	
4373.56569357905	70616	0	
4373.46569506049	70592	0	
4373.36569484232	70572	0	
4373.26569462415	70548	0	
4373.16569440598	70556	0	
4373.0656941878	70548	0	
4372.96569396963	70552	0	
4372.86569375146	70584	0	
4372.76569353329	70552	0	
4372.66569501473	70568	0	
4372.56569479656	70548	0	
4372.46569457839	70584	0	
4372.36569436022	70568	0	
4372.26569414205	70544	0	
4372.16569392388	70544	0	
4372.06569370571	70580	0	
4371.96569348754	70612	0	
4371.86569496898	70600	0	
4371.76569475081	70572	0	
4371.66569453264	70544	0	
4371.56569431447	70572	0	
4371.4656940963	70592	0	
4371.36569387812	70544	0	
4371.26569365995	70572	0	
4371.16569344178	70580	0	
4371.06569492322	70580	0	
4370.96569470505	70556	0	
4370.86569448688	70584	0	
4370.76569426871	70556	0	
4370.66569405054	70536	0	
4370.56569383237	70572	0	
4370.4656936142	70592	0	
4370.36569339603	70596	0	
4370.26569487747	70568	0	
4370.1656946593	70544	0	
4370.06569444113	70544	0	
4369.96569422296	70608	0	
4369.86569400479	70588	0	
4369.76569378661	70576	0	
4369.66569356844	70572	0	
4369.56569504989	70564	0	
4369.46569483172	70564	0	
4369.36569461354	70576	0	
4369.26569439537	70572	0	
4369.1656941772	70560	0	
4369.06569395903	70556	0	
4368.96569374086	70588	0	
4368.86569352269	70588	0	
4368.76569500413	70588	0	
4368.66569478596	70536	0	
4368.56569456779	70584	0	
4368.46569434962	70596	0	
4368.36569413145	70588	0	
4368.26569391328	70552	0	
4368.1656936951	70544	0	
4368.06569347693	70568	0	
4367.96569495838	70556	0	
4367.86569474021	70556	0	
4367.76569452204	70568	0	
4367.66569430386	70604	0	
4367.56569408569	70588	0	
4367.46569386752	70576	0	
4367.36569364935	70576	0	
4367.26569343118	70548	0	
4367.16569491262	70564	0	
4367.06569469445	70576	0	
4366.96569447628	70560	0	
4366.86569425811	70524	0	
4366.76569403994	70576	0	
4366.66569382177	70568	0	
4366.5656936036	70544	0	
4366.46569338542	70544	0	
4366.36569486687	70552	0	
4366.2656946487	70576	0	
4366.16569443053	70604	0	
4366.06569421235	70604	0	
4365.96569399418	70596	0	
4365.06569373026	70560	0	
4365.76569355784	70568	0	
4365.66569333967	70580	0	
4365.56569482111	70568	0	
4365.46569460294	70544	0	
4365.36569438477	70564	0	
4365.2656941666	70572	0	
4365.16569394843	70588	0	
4365.06569373026	70560	0	
4363.36569342058	70568	0	
4363.26569490202	70568	0	
4363.16569468385	70580	0	
4363.06569446568	70564	0	
4362.96569424751	70568	0	
4362.86569402933	70576	0	
4362.76569381116	70552	0	
4362.66569529261	70568	0	
4362.56569507444	70608	0	
4362.46569655588	70556	0	
4362.36569633771	70556	0	
4362.26569611954	70572	0	
4362.16569590137	70540	0	
4362.0656956832	70576	0	
4361.96569546502	70548	0	
4361.86569524685	70580	0	
4360.96569498293	70592	0	
4360.86569646437	70588	0	
4360.7656962462	70604	0	
4360.66569602803	70572	0	
4360.56569580986	70556	0	
4360.46569559169	70600	0	
4360.36569537351	70588	0	
4360.26569515534	70552	0	
4360.96569498293	70592	0	
4360.86569646437	70588	0	
4360.7656962462	70604	0	
4360.66569602803	70572	0	
4360.56569580986	70556	0	
4360.46569559169	70600	0	
4360.36569537351	70588	0	
4360.26569515534	70552	0	
4359.36569659103	70544	0	
4359.26569637286	70568	0	
4359.96569620044	70588	0	
4359.86569598227	70532	0	
4359.7656957641	70564	0	
4359.66569554593	70580	0	
4359.56569532776	70580	0	
4359.46569510959	70568	0	
4359.36569659103	70544	0	
4359.26569637286	70568	0	
4359.16569615469	70576	0	
4357.46569584501	70604	0	
4357.36569562684	70600	0	
4357.26569540867	70568	0	
4357.96569523625	70552	0	
4357.86569501808	70580	0	
4357.76569649952	70576	0	
4357.66569628135	70584	0	
4357.56569606318	70548	0	
4357.46569584501	70604	0	
4357.36569562684	70600	0	
4357.26569540867	70568	0	
4357.96569523625	70552	0	
4357.86569501808	70580	0	
4357.76569649952	70576	0	
4357.66569628135	70584	0	
4357.56569606318	70548	0	
4357.46569584501	70604	0	
4356.56569558108	70592	0	
4356.46569536291	70572	0	
4356.36569514474	70572	0	
4356.26569492657	70572	0	
4356.16569640801	70604	0	
4356.06569618984	70600	0	
4355.96569597167	70576	0	
4355.8656957535	70556	0	
4355.76569553533	70580	0	
4355.66569531716	70568	0	
4356.36569514474	70572	0	
4356.26569492657	70572	0	
4356.16569640801	70604	0	
4356.06569618984	70600	0	
4355.96569597167	70576	0	
4355.8656957535	70556	0	
4355.76569553533	70580	0	
4355.66569531716	70568	0	
4354.76569505323	70556	0	
4354.66569653467	70588	0	
4355.36569636226	70596	0	
4355.26569614409	70576	0	
4355.16569592592	70572	0	
4355.06569570775	70588	0	
4354.96569548957	70532	0	
4354.8656952714	70580	0	
4354.76569505323	70556	0	
4354.66569653467	70588	0	
4354.5656963165	70568	0	
4354.46569609833	70596	0	
4354.36569588016	70572	0	
4354.26569566199	70568	0	
4354.16569544382	70568	0	
4354.06569522565	70572	0	
4353.96569500748	70588	0	
4353.86569648892	70600	0	
4353.76569627075	70560	0	
4353.66569605258	70572	0	
4353.56569583441	70592	0	
4353.46569561624	70608	0	
4353.36569539806	70536	0	
4353.26569517989	70536	0	
4353.16569496172	70576	0	
4353.06569644317	70576	0	
4352.96569622499	70544	0	
4352.86569600682	70544	0	
4352.76569578865	70596	0	
4352.66569557048	70568	0	
4352.56569535231	70560	0	
4352.46569513414	70568	0	
4352.36569491597	70572	0	
4352.26569639741	70568	0	
4352.16569617924	70588	0	
4352.06569596107	70580	0	
4351.9656957429	70584	0	
4351.86569552473	70580	0	
4351.76569530656	70612	0	
4351.66569508838	70588	0	
4351.56569487021	70580	0	
4351.46569635166	70556	0	
4351.36569613348	70548	0	
4351.26569591531	70568	0	
4351.16569569714	70560	0	
4351.06569547897	70560	0	
4350.9656952608	70604	0	
4350.86569504263	70604	0	
4350.76569482446	70572	0	
4350.6656963059	70604	0	
4350.56569608773	70568	0	
4350.46569586956	70568	0	
4350.36569565139	70584	0	
4350.26569543322	70572	0	
4350.16569521505	70572	0	
4350.06569499687	70576	0	
4349.96569647832	70564	0	
4349.86569626015	70572	0	
4349.76569604198	70572	0	
4349.6656958238	70588	0	
4349.56569560563	70572	0	
4349.46569538746	70584	0	
4349.36569516929	70636	0	
4349.26569495112	70592	0	
4349.16569643256	70576	0	
4349.06569621439	70524	0	
4348.96569599622	70544	0	
4348.86569577805	70560	0	
4348.76569555988	70584	0	
4348.66569534171	70556	0	
4348.56569512354	70556	0	
4348.46569490537	70540	0	
4348.36569638681	70568	0	
4348.26569616864	70568	0	
4348.16569595047	70556	0	
4348.0656957323	70552	0	
4347.96569551412	70564	0	
4347.86569529595	70588	0	
4347.76569507778	70580	0	
4347.66569485961	70584	0	
4347.56569634105	70592	0	
4347.46569612288	70576	0	
4347.36569590471	70592	0	
4347.26569568654	70556	0	
4347.16569546837	70588	0	
4347.0656952502	70580	0	
4346.96569503203	70564	0	
4346.86569481386	70596	0	
4346.7656962953	70568	0	
4346.66569607713	70584	0	
4346.56569585896	70588	0	
4346.46569564079	70584	0	
4346.36569542261	70564	0	
4346.26569520444	70544	0	
4346.16569498627	70564	0	
4346.0656947681	70556	0	
4345.96569624954	70584	0	
4345.86569603137	70596	0	
4345.7656958132	70564	0	
4345.66569559503	70584	0	
4345.56569537686	70564	0	
4345.46569515869	70560	0	
4344.56569489476	70616	0	
4344.46569637621	70596	0	
4344.36569615803	70580	0	
4345.06569598562	70568	0	
4344.96569576745	70592	0	
4344.86569554928	70600	0	
4344.76569533111	70592	0	
4344.66569511293	70584	0	
4344.56569489476	70616	0	
4344.46569637621	70596	0	
4344.36569615803	70580	0	
4342.66569584835	70596	0	
4342.56569563018	70556	0	
4342.46569541201	70568	0	
4342.36569519384	70588	0	
4342.26569497567	70560	0	
4342.1656947575	70564	0	
4342.06569623894	70608	0	
4341.96569602077	70584	0	
4341.8656958026	70544	0	
4341.76569558443	70576	0	
4341.66569536626	70588	0	
4341.56569514809	70552	0	
4341.46569492992	70600	0	
4341.36569471174	70584	0	
4341.26569619319	70568	0	
4341.16569597502	70584	0	
4341.06569575684	70560	0	
4340.96569553867	70580	0	
4340.8656953205	70592	0	
4340.76569510233	70560	0	
4340.66569488416	70568	0	
4340.56569466599	70524	0	
4340.46569614743	70564	0	
4340.36569592926	70560	0	
4340.26569571109	70548	0	
4340.16569549292	70556	0	
4340.06569527475	70580	0	
4339.96569505658	70588	0	
4339.86569483841	70588	0	
4339.76569631985	70608	0	
4339.66569610168	70596	0	
4339.56569588351	70596	0	
4339.46569566534	70556	0	
4339.36569544716	70536	0	
4339.26569522899	70584	0	
4339.16569501082	70616	0	
4339.06569479265	70592	0	
4338.96569627409	70576	0	
4338.86569605592	70580	0	
4338.76569583775	70568	0	
4338.66569561958	70576	0	
4338.56569540141	70616	0	
4338.46569518324	70576	0	
4338.36569496507	70568	0	
4338.2656947469	70560	0	
4338.16569622834	70612	0	
4338.06569601017	70572	0	
4337.965695792	70608	0	
4337.86569557383	70588	0	
4337.76569535566	70560	0	
4337.66569513748	70556	0	
4337.56569491931	70588	0	
4337.46569470114	70568	0	
4337.36569618258	70572	0	
4337.26569596441	70584	0	
4337.16569574624	70592	0	
4337.06569552807	70592	0	
4336.9656953099	70600	0	
4336.86569509173	70576	0	
4336.76569487356	70572	0	
4335.86569460963	70580	0	
4335.76569609108	70612	0	
4335.6656958729	70580	0	
4335.56569565473	70552	0	
4335.46569543656	70548	0	
4336.16569526415	70576	0	
4336.06569504597	70564	0	
4335.9656948278	70608	0	
4335.86569460963	70580	0	
4335.76569609108	70612	0	
4335.6656958729	70580	0	
4335.56569565473	70552	0	
4335.46569543656	70548	0	
4332.96569678074	70544	0	
4332.7656963444	70596	0	
4332.56569760767	70588	0	
4333.16569721708	70612	0	
4332.96569678074	70544	0	
4332.7656963444	70596	0	
4332.56569760767	70588	0	
4330.76569707982	70580	0	
4330.56569664348	70560	0	
4330.36569620713	70552	0	
4330.16569747041	70596	0	
4329.96569703406	70596	0	
4329.76569659772	70564	0	
4329.56569786099	70588	0	
4329.36569742465	70592	0	
4329.16569698831	70552	0	
4328.96569655197	70596	0	
4328.76569781524	70580	0	
4328.5656973789	70544	0	
4328.36569694256	70572	0	
4328.16569650621	70584	0	
4327.96569776948	70596	0	
4327.76569733314	70608	0	
4327.5656968968	70568	0	
4327.36569646046	70604	0	
4327.16569772373	70556	0	
4326.96569728739	70552	0	
4326.76569685105	70600	0	
4326.5656964147	70540	0	
4326.36569767798	70564	0	
4326.16569724163	70572	0	
4325.96569680529	70580	0	
4325.76569636895	70552	0	
4325.56569763222	70604	0	
4325.36569719588	70572	0	
4325.16569675954	70568	0	
4324.96569632319	70556	0	
4324.76569758647	70608	0	
4324.56569715012	70568	0	
4324.36569671378	70568	0	
4324.16569627744	70580	0	
4323.96569754071	70580	0	
4323.76569710437	70616	0	
4323.56569666803	70584	0	
4323.36569623168	70568	0	
4323.16569749496	70536	0	
4322.16569701286	70568	0	
4321.96569657652	70580	0	
4321.76569614018	70560	0	
4322.3656974492	70552	0	
4322.16569701286	70568	0	
4321.96569657652	70580	0	
4321.76569614018	70560	0	
4319.16569726618	70580	0	
4318.96569682984	70584	0	
4319.56569643925	70552	0	
4319.36569770253	70576	0	
4319.16569726618	70580	0	
4318.96569682984	70584	0	
4317.96569634774	70584	0	
4317.76569761102	70552	0	
4317.56569717467	70592	0	
4317.36569673833	70576	0	
4317.16569630199	70548	0	
4317.76569761102	70552	0	
4317.56569717467	70592	0	
4317.36569673833	70576	0	
4316.36569625623	70560	0	
4316.96569756526	70544	0	
4316.76569712892	70556	0	
4316.56569669258	70572	0	
4316.36569625623	70560	0	
4316.16569751951	70596	0	
4315.96569708316	70532	0	
4315.76569664682	70584	0	
4315.56569621048	70552	0	
4315.36569747375	70576	0	
4315.16569703741	70572	0	
4314.96569660107	70596	0	
4314.76569616473	70540	0	
4314.565697428	70576	0	
4314.36569699165	70604	0	
4314.16569655531	70588	0	
4313.96569611897	70596	0	
4313.76569738224	70580	0	
4313.5656969459	70572	0	
4313.36569650956	70568	0	
4313.16569607322	70584	0	
4312.96569733649	70544	0	
4312.76569690015	70584	0	
4312.5656964638	70600	0	
4312.36569602746	70544	0	
4312.16569729073	70568	0	
4311.96569685439	70540	0	
4311.76569641805	70572	0	
4311.56569598171	70600	0	
4311.36569724498	70564	0	
4311.16569680864	70568	0	
4310.96569637229	70580	0	
4310.76569593595	70548	0	
4309.76569715347	70548	0	
4309.56569671713	70532	0	
4309.36569628078	70556	0	
4309.16569754406	70556	0	
4309.76569715347	70548	0	
4309.56569671713	70532	0	
4309.36569628078	70556	0	
4309.16569754406	70556	0	
4308.16569706196	70544	0	
4308.76569667137	70560	0	
4308.54539773909	70560	0	
4307.56569745255	70600	0	
4308.16569706196	70544	0	
4307.96569662562	70580	0	
4307.76569618928	70560	0	
4305.96569736104	70556	0	
4305.7656969247	70564	0	
4305.56569818797	70572	0	
4305.36569775163	70548	0	
4305.1656990149	70608	0	
4304.96569857856	70568	0	
4304.76569814221	70572	0	
4304.56569770587	70588	0	
4304.36569896914	70580	0	
4304.1656985328	70596	0	
4303.96569809646	70560	0	
4303.76569766012	70564	0	
4303.56569892339	70600	0	
4303.36569848705	70564	0	
4303.1656980507	70592	0	
4302.96569761436	70556	0	
4302.76569887763	70556	0	
4302.56569844129	70596	0	
4302.36569800495	70608	0	
4302.16569756861	70584	0	
4301.96569883188	70552	0	
4301.76569839554	70580	0	
4301.56569795919	70564	0	
4301.36569752285	70592	0	
4301.16569878612	70608	0	
4300.96569834978	70572	0	
4300.76569791344	70540	0	
4300.5656974771	70556	0	
4300.36569874037	70588	0	
4300.16569830403	70552	0	
4299.96569786768	70556	0	
4299.76569743134	70560	0	
4299.56569869461	70556	0	
4299.36569825827	70596	0	
4299.16569782193	70584	0	
4298.9656990852	70608	0	
4298.76569864886	70568	0	
4298.56569821252	70572	0	
4298.36569777617	70556	0	
4298.16569903945	70584	0	
4297.96569860311	70604	0	
4297.76569816676	70596	0	
4297.56569773042	70556	0	
4297.36569899369	70588	0	
4297.16569855735	70576	0	
4296.96569812101	70612	0	
4296.76569768467	70560	0	
4296.56569894794	70588	0	
4296.3656985116	70568	0	
4296.16569807525	70564	0	
4295.96569763891	70616	0	
4295.76569890218	70592	0	
4295.56569846584	70576	0	
4295.3656980295	70592	0	
4295.16569759316	70592	0	
4294.96569885643	70584	0	
4294.76569842009	70580	0	
4293.76569793799	70544	0	
4294.3656975474	70572	0	
4294.16569881067	70588	0	
4293.96569837433	70576	0	
4293.76569793799	70544	0	
4292.76569745589	70536	0	
4293.36569876492	70572	0	
4293.16569832858	70512	0	
4292.96569789223	70556	0	
4292.76569745589	70536	0	
4291.76569867341	70556	0	
4291.56569823707	70572	0	
4291.36569780072	70608	0	
4291.16569736438	70588	0	
4290.96569862766	70560	0	
4291.56569823707	70572	0	
4291.36569780072	70608	0	
4291.16569736438	70588	0	
4290.96569862766	70560	0	
4289.1656980998	70544	0	
4288.96569766346	70604	0	
4288.76569892673	70616	0	
4288.56569849039	70580	0	
4288.36569805405	70588	0	
4288.16569761771	70520	0	
4287.96569888098	70592	0	
4287.76569844464	70560	0	
4287.56569800829	70604	0	
4287.36569757195	70572	0	
4287.16569883522	70584	0	
4286.96569839888	70592	0	
4286.76569796254	70588	0	
4286.5656975262	70564	0	
4286.36569878947	70572	0	
4286.16569835313	70584	0	
4285.96569791678	70580	0	
4285.76569748044	70560	0	
4285.56569874371	70572	0	
4285.36569830737	70568	0	
4285.16569787103	70572	0	
4284.96569743469	70556	0	
4284.76569869796	70568	0	
4282.96569817011	70584	0	
4282.76569773377	70604	0	
4282.56569729742	70568	0	
4282.3656985607	70556	0	
4282.16569812435	70568	0	
4281.96569768801	70556	0	
4280.96569720591	70552	0	
4281.56569851494	70608	0	
4281.3656980786	70568	0	
4281.16569764226	70548	0	
4280.16569716016	70588	0	
4279.96569842343	70528	0	
4279.76569798709	70520	0	
4277.96569745924	70588	0	
4278.56569876826	70540	0	
4278.36569833192	70552	0	
4278.16569789558	70552	0	
4277.96569745924	70588	0	
4277.76569872251	70588	0	
4275.96569989427	70568	0	
4275.76569945793	70564	0	
4275.56569902159	70576	0	
4275.36570028486	70596	0	
4275.16569984852	70564	0	
4274.96569941218	70548	0	
4274.76569897583	70576	0	
4274.56570023911	70592	0	
4274.36569980276	70580	0	
4274.16569936642	70548	0	
4273.96569893008	70596	0	
4273.76570019335	70556	0	
4273.56569975701	70576	0	
4273.36569932067	70568	0	
4273.16569888432	70600	0	
4272.9657001476	70572	0	
4272.76569971125	70584	0	
4272.56569927491	70540	0	
4272.36569883857	70564	0	
4272.16570010184	70560	0	
4271.9656996655	70592	0	
4271.76569922916	70620	0	
4271.56569879281	70572	0	
4271.36570005609	70584	0	
4271.16569961974	70536	0	
4270.9656991834	70604	0	
4270.76569874706	70616	0	
4270.56570001033	70580	0	
4270.36569957399	70572	0	
4270.16569913765	70580	0	
4269.96569870131	70584	0	
4269.76569996458	70588	0	
4269.56569952823	70540	0	
4269.36569909189	70572	0	
4269.16570035516	70568	0	
4268.96569991882	70584	0	
4267.96569943673	70564	0	
4267.76569900038	70540	0	
4267.56570026366	70564	0	
4267.36569982731	70616	0	
4267.16569939097	70568	0	
4266.96569895463	70588	0	
4267.56570026366	70564	0	
4267.36569982731	70616	0	
4267.16569939097	70568	0	
4263.76569877161	70612	0	
4263.56570003488	70552	0	
4261.76569950703	70552	0	
4261.56569907069	70612	0	
4261.36569863434	70572	0	
4261.16569989762	70572	0	
4260.96569946128	70596	0	
4260.76569902493	70596	0	
4260.56569858859	70576	0	
4260.36569985186	70596	0	
4260.16569941552	70572	0	
4259.96569897918	70612	0	
4258.16570015094	70572	0	
4257.16569966884	70580	0	
4257.76569927826	70608	0	
4257.56569884191	70596	0	
4257.36570010519	70556	0	
4257.16569966884	70580	0	
4256.16569918675	70584	0	
4256.76569879616	70588	0	
4256.56570005943	70580	0	
4256.36569962309	70620	0	
4256.16569918675	70584	0	
4254.36569865889	70580	0	
4254.16569992217	70576	0	
4253.96569948583	70592	0	
4253.76569904948	70564	0	
4252.76569856739	70568	0	
4252.56569983066	70572	0	
4253.16569944007	70560	0	
4252.96569900373	70560	0	
4252.76569856739	70568	0	
4252.56569983066	70572	0	
4252.36569939432	70564	0	
4249.76569882071	70544	0	
4249.56569838437	70560	0	
4250.16569969339	70616	0	
4249.96569925705	70572	0	
4249.76569882071	70544	0	
4247.96570169209	70580	0	
4247.76570125574	70580	0	
4247.5657008194	70540	0	
4247.36570038306	70564	0	
4247.16570164633	70544	0	
4245.36570111848	70584	0	
4245.96570072789	70564	0	
4245.76570029155	70580	0	
4245.56570155482	70564	0	
4245.36570111848	70584	0	
4245.96570072789	70564	0	
4245.76570029155	70580	0	
4245.56570155482	70564	0	
4244.56570107273	70584	0	
4244.36570063638	70528	0	
4244.16570020004	70568	0	
4243.96570146331	70588	0	
4243.76570102697	70572	0	
4244.36570063638	70528	0	
4244.16570020004	70568	0	
4243.96570146331	70588	0	
4243.76570102697	70572	0	
4243.56570059063	70572	0	
4243.36570015429	70572	0	
4243.16570141756	70544	0	
