-1.9302213e-07	-6.2386252e-06
-1.9284252e-07	-6.2349372e-06
-1.9172896e-07	-6.2312411e-06
-1.8865771e-07	-6.2275367e-06
-1.8874752e-07	-6.2238246e-06
-1.9045376e-07	-6.2201048e-06
-1.9140566e-07	-6.2163772e-06
-1.9032804e-07	-6.2126414e-06
-1.8959165e-07	-6.2088984e-06
-1.894839e-07	-6.2051472e-06
-1.8984311e-07	-6.2013887e-06
-1.9022028e-07	-6.1976225e-06
-1.8971738e-07	-6.1938485e-06
-1.8921449e-07	-6.1900673e-06
-1.8977126e-07	-6.1862784e-06
-1.9007659e-07	-6.1824821e-06
-1.8996883e-07	-6.1786786e-06
-1.8986105e-07	-6.1748674e-06
-1.8991494e-07	-6.1710493e-06
-1.8950185e-07	-6.1672235e-06
-1.8946594e-07	-6.1633909e-06
-1.8991494e-07	-6.159551e-06
-1.8951981e-07	-6.1557039e-06
-1.8975331e-07	-6.1518494e-06
-1.894839e-07	-6.1479882e-06
-1.8996883e-07	-6.1441201e-06
-1.8968146e-07	-6.1402447e-06
-1.8943001e-07	-6.1363626e-06
-1.8960962e-07	-6.1324736e-06
-1.8987902e-07	-6.1285773e-06
-1.8993292e-07	-6.1246747e-06
-1.895737e-07	-6.1207652e-06
-1.894839e-07	-6.1168489e-06
-1.8962758e-07	-6.1129258e-06
-1.8973535e-07	-6.1089963e-06
-1.8953777e-07	-6.10506e-06
-1.8969942e-07	-6.1011169e-06
-1.8946594e-07	-6.0971674e-06
-1.8953777e-07	-6.0932116e-06
-1.895737e-07	-6.0892489e-06
-1.8978922e-07	-6.0852803e-06
-1.8962758e-07	-6.0813049e-06
-1.8950185e-07	-6.0773232e-06
-1.8941205e-07	-6.073335e-06
-1.8968146e-07	-6.069341e-06
-1.8960962e-07	-6.0653401e-06
-1.8928633e-07	-6.0613334e-06
-1.8935818e-07	-6.0573207e-06
-1.8960962e-07	-6.0533016e-06
-1.8973535e-07	-6.0492762e-06
-1.8968146e-07	-6.0452448e-06
-1.8951981e-07	-6.0412076e-06
-1.8919653e-07	-6.037164e-06
-1.8934021e-07	-6.0331145e-06
-1.893941e-07	-6.029059e-06
-1.8982514e-07	-6.0249977e-06
-1.8971738e-07	-6.0209309e-06
-1.8973535e-07	-6.0168577e-06
-1.8982514e-07	-6.0127791e-06
-1.894839e-07	-6.0086941e-06
-1.8989698e-07	-6.0046036e-06
-1.8966351e-07	-6.0005077e-06
-1.895737e-07	-5.9964059e-06
-1.8993292e-07	-5.9922986e-06
-1.8980718e-07	-5.9881854e-06
-1.893941e-07	-5.9840668e-06
-1.891606e-07	-5.9799422e-06
-1.8977126e-07	-5.9758127e-06
-1.8971738e-07	-5.9716772e-06
-1.8930429e-07	-5.9675363e-06
-1.8950185e-07	-5.9633903e-06
-1.8943001e-07	-5.9592385e-06
-1.8982514e-07	-5.9550816e-06
-1.8978922e-07	-5.9509189e-06
-1.892504e-07	-5.9467516e-06
-1.8977126e-07	-5.9425784e-06
-1.8971738e-07	-5.9384001e-06
-1.8951981e-07	-5.9342165e-06
-1.8941205e-07	-5.9300278e-06
-1.8946594e-07	-5.9258336e-06
-1.894839e-07	-5.9216345e-06
-1.8991494e-07	-5.9174304e-06
-1.8944797e-07	-5.9132212e-06
-1.8959165e-07	-5.9090066e-06
-1.8930429e-07	-5.904787e-06
-1.8971738e-07	-5.9005629e-06
-1.8926836e-07	-5.8963333e-06
-1.8969942e-07	-5.8920987e-06
-1.8919653e-07	-5.8878595e-06
-1.8968146e-07	-5.8836154e-06
-1.8962758e-07	-5.8793662e-06
-1.8928633e-07	-5.875112e-06
-1.8978922e-07	-5.8708529e-06
-1.8899895e-07	-5.8665892e-06
-1.8934021e-07	-5.8623209e-06
-1.8991494e-07	-5.8580476e-06
-1.8951981e-07	-5.8537698e-06
-1.8968146e-07	-5.849487e-06
-1.893941e-07	-5.8451997e-06
-1.8966351e-07	-5.8409078e-06
-1.8975331e-07	-5.8366109e-06
-1.8960962e-07	-5.8323094e-06
-1.8943001e-07	-5.8280039e-06
-1.8946594e-07	-5.8236933e-06
-1.8977126e-07	-5.8193782e-06
-1.8984311e-07	-5.8150586e-06
-1.8984311e-07	-5.8107348e-06
-1.8969942e-07	-5.8064061e-06
-1.8995087e-07	-5.8020732e-06
-1.8923244e-07	-5.7977359e-06
-1.893941e-07	-5.7933944e-06
-1.8969942e-07	-5.7890479e-06
-1.8953777e-07	-5.7846974e-06
-1.8912469e-07	-5.7803427e-06
-1.8960962e-07	-5.7759835e-06
-1.8953777e-07	-5.7716202e-06
-1.894839e-07	-5.7672523e-06
-1.8941205e-07	-5.7628804e-06
-1.8982514e-07	-5.7585039e-06
-1.8950185e-07	-5.7541238e-06
-1.892504e-07	-5.7497391e-06
-1.8943001e-07	-5.7453503e-06
-1.894839e-07	-5.740957e-06
-1.8934021e-07	-5.7365601e-06
-1.8951981e-07	-5.732159e-06
-1.8950185e-07	-5.7277534e-06
-1.8962758e-07	-5.7233442e-06
-1.9002272e-07	-5.7189309e-06
-1.8968146e-07	-5.7145135e-06
-1.8921449e-07	-5.710092e-06
-1.8898099e-07	-5.7056664e-06
-1.8923244e-07	-5.7012371e-06
-1.8944797e-07	-5.6968038e-06
-1.8912469e-07	-5.6923664e-06
-1.892504e-07	-5.6879253e-06
-1.8930429e-07	-5.6834801e-06
-1.8944797e-07	-5.6790313e-06
-1.8919653e-07	-5.6745785e-06
-1.8934021e-07	-5.6701215e-06
-1.8932225e-07	-5.6656609e-06
-1.891606e-07	-5.6611966e-06
-1.8962758e-07	-5.6567287e-06
-1.893941e-07	-5.6522567e-06
-1.8973535e-07	-5.6477811e-06
-1.8969942e-07	-5.6433018e-06
-1.891606e-07	-5.6388185e-06
-1.8896303e-07	-5.6343315e-06
-1.8901693e-07	-5.6298413e-06
-1.8917856e-07	-5.6253471e-06
-1.890708e-07	-5.6208492e-06
-1.892504e-07	-5.6163476e-06
-1.8901693e-07	-5.6118424e-06
-1.8865771e-07	-5.6073341e-06
-1.8930429e-07	-5.6028216e-06
-1.8941205e-07	-5.5983055e-06
-1.8932225e-07	-5.5937862e-06
-1.8937614e-07	-5.5892633e-06
-1.893941e-07	-5.5847368e-06
-1.8903488e-07	-5.5802066e-06
-1.8966351e-07	-5.5756732e-06
-1.8890915e-07	-5.5711362e-06
-1.8889119e-07	-5.5665955e-06
-1.891606e-07	-5.5620517e-06
-1.895737e-07	-5.5575042e-06
-1.8980718e-07	-5.5529536e-06
-1.8898099e-07	-5.5483993e-06
-1.8905284e-07	-5.5438418e-06
-1.8912469e-07	-5.5392807e-06
-1.8912469e-07	-5.5347164e-06
-1.8912469e-07	-5.5301489e-06
-1.8962758e-07	-5.5255778e-06
-1.8881936e-07	-5.521003e-06
-1.8908877e-07	-5.5164255e-06
-1.8921449e-07	-5.5118444e-06
-1.8921449e-07	-5.5072601e-06
-1.8914264e-07	-5.5026726e-06
-1.8955573e-07	-5.4980819e-06
-1.8959165e-07	-5.4934876e-06
-1.8964555e-07	-5.4888906e-06
-1.8901693e-07	-5.4842899e-06
-1.8928633e-07	-5.479686e-06
-1.8910673e-07	-5.475079e-06
-1.8932225e-07	-5.4704687e-06
-1.8932225e-07	-5.4658558e-06
-1.8887323e-07	-5.4612392e-06
-1.8919653e-07	-5.4566194e-06
-1.8901693e-07	-5.4519965e-06
-1.8887323e-07	-5.4473708e-06
-1.8892712e-07	-5.4427419e-06
-1.8908877e-07	-5.4381094e-06
-1.8926836e-07	-5.4334746e-06
-1.8880139e-07	-5.4288362e-06
-1.8889119e-07	-5.4241946e-06
-1.8887323e-07	-5.4195502e-06
-1.8914264e-07	-5.4149027e-06
-1.8892712e-07	-5.410252e-06
-1.8899895e-07	-5.4055986e-06
-1.892504e-07	-5.400942e-06
-1.8951981e-07	-5.3962826e-06
-1.890708e-07	-5.3916201e-06
-1.8880139e-07	-5.3869544e-06
-1.8890915e-07	-5.382286e-06
-1.8930429e-07	-5.3776143e-06
-1.8910673e-07	-5.37294e-06
-1.8903488e-07	-5.3682625e-06
-1.8917856e-07	-5.3635822e-06
-1.8935818e-07	-5.3588988e-06
-1.8953777e-07	-5.3542126e-06
-1.8935818e-07	-5.3495237e-06
-1.8887323e-07	-5.3448316e-06
-1.8926836e-07	-5.3401368e-06
-1.8903488e-07	-5.3354388e-06
-1.8908877e-07	-5.3307385e-06
-1.8905284e-07	-5.3260351e-06
-1.8903488e-07	-5.3213284e-06
-1.8896303e-07	-5.3166195e-06
-1.8944797e-07	-5.3119074e-06
-1.8921449e-07	-5.3071926e-06
-1.8941205e-07	-5.3024746e-06
-1.8883732e-07	-5.2977543e-06
-1.8896303e-07	-5.2930309e-06
-1.8903488e-07	-5.2883051e-06
-1.8889119e-07	-5.2835762e-06
-1.8878343e-07	-5.2788446e-06
-1.8905284e-07	-5.2741102e-06
-1.8912469e-07	-5.2693731e-06
-1.8962758e-07	-5.2646333e-06
-1.892504e-07	-5.2598907e-06
-1.8926836e-07	-5.255145e-06
-1.8944797e-07	-5.250397e-06
-1.8955573e-07	-5.2456462e-06
-1.8935818e-07	-5.2408927e-06
-1.8894507e-07	-5.2361365e-06
-1.8928633e-07	-5.2313776e-06
-1.8881936e-07	-5.2266159e-06
-1.8881936e-07	-5.2218516e-06
-1.8921449e-07	-5.2170844e-06
-1.8937614e-07	-5.212315e-06
-1.8917856e-07	-5.2075425e-06
-1.8898099e-07	-5.2027676e-06
-1.8851402e-07	-5.19799e-06
-1.8862178e-07	-5.1932097e-06
-1.8881936e-07	-5.1884272e-06
-1.887116e-07	-5.1836414e-06
-1.8903488e-07	-5.1788534e-06
-1.8890915e-07	-5.1740626e-06
-1.8899895e-07	-5.1692691e-06
-1.8889119e-07	-5.1644734e-06
-1.8863975e-07	-5.1596744e-06
-1.8887323e-07	-5.1548736e-06
-1.8894507e-07	-5.1500697e-06
-1.8887323e-07	-5.1452635e-06
-1.8863975e-07	-5.1404545e-06
-1.8901693e-07	-5.1356433e-06
-1.8876547e-07	-5.1308289e-06
-1.8910673e-07	-5.1260126e-06
-1.8856791e-07	-5.1211932e-06
-1.8905284e-07	-5.1163715e-06
-1.890708e-07	-5.1115476e-06
-1.8917856e-07	-5.1067209e-06
-1.8878343e-07	-5.1018915e-06
-1.8903488e-07	-5.0970598e-06
-1.8912469e-07	-5.0922254e-06
-1.8854995e-07	-5.0873887e-06
-1.8912469e-07	-5.0825493e-06
-1.8865771e-07	-5.0777076e-06
-1.8885527e-07	-5.0728631e-06
-1.8901693e-07	-5.0680164e-06
-1.892504e-07	-5.063167e-06
-1.8880139e-07	-5.0583153e-06
-1.8910673e-07	-5.0534613e-06
-1.8878343e-07	-5.0486046e-06
-1.892504e-07	-5.0437452e-06
-1.8889119e-07	-5.0388835e-06
-1.8876547e-07	-5.0340195e-06
-1.8883732e-07	-5.0291528e-06
-1.8849606e-07	-5.0242838e-06
-1.8883732e-07	-5.0194126e-06
-1.8887323e-07	-5.0145386e-06
-1.8914264e-07	-5.0096623e-06
-1.8899895e-07	-5.0047838e-06
-1.8858586e-07	-4.9999026e-06
-1.890708e-07	-4.995019e-06
-1.887116e-07	-4.9901328e-06
-1.8908877e-07	-4.9852447e-06
-1.8899895e-07	-4.9803539e-06
-1.8844219e-07	-4.9754603e-06
-1.8881936e-07	-4.970565e-06
-1.8908877e-07	-4.9656669e-06
-1.8869362e-07	-4.9607665e-06
-1.8901693e-07	-4.9558639e-06
-1.8862178e-07	-4.9509586e-06
-1.8885527e-07	-4.9460509e-06
-1.8844219e-07	-4.941141e-06
-1.8881936e-07	-4.9362288e-06
-1.8887323e-07	-4.9313139e-06
-1.8921449e-07	-4.9263972e-06
-1.8908877e-07	-4.9214777e-06
-1.8867566e-07	-4.916556e-06
-1.8872956e-07	-4.9116315e-06
-1.8926836e-07	-4.9067053e-06
-1.8874752e-07	-4.9017763e-06
-1.8858586e-07	-4.896845e-06
-1.8880139e-07	-4.8919114e-06
-1.8892712e-07	-4.8869756e-06
-1.8887323e-07	-4.8820375e-06
-1.8899895e-07	-4.8770971e-06
-1.8881936e-07	-4.872154e-06
-1.8840626e-07	-4.8672091e-06
-1.8846015e-07	-4.8622614e-06
-1.8856791e-07	-4.8573115e-06
-1.8908877e-07	-4.8523593e-06
-1.8849606e-07	-4.8474053e-06
-1.8853198e-07	-4.8424481e-06
-1.8872956e-07	-4.8374891e-06
-1.8898099e-07	-4.8325278e-06
-1.8874752e-07	-4.8275642e-06
-1.8903488e-07	-4.8225979e-06
-1.8898099e-07	-4.8176298e-06
-1.8865771e-07	-4.8126594e-06
-1.8872956e-07	-4.8076863e-06
-1.8833441e-07	-4.8027114e-06
-1.8844219e-07	-4.7977337e-06
-1.8892712e-07	-4.7927542e-06
-1.8853198e-07	-4.787772e-06
-1.8869362e-07	-4.7827875e-06
-1.8876547e-07	-4.7778012e-06
-1.8854995e-07	-4.7728122e-06
-1.8856791e-07	-4.7678213e-06
-1.8880139e-07	-4.7628278e-06
-1.8892712e-07	-4.7578319e-06
-1.8887323e-07	-4.7528342e-06
-1.8878343e-07	-4.7478338e-06
-1.8890915e-07	-4.7428316e-06
-1.8930429e-07	-4.7378267e-06
-1.8903488e-07	-4.7328199e-06
-1.8858586e-07	-4.7278108e-06
-1.8899895e-07	-4.7227991e-06
-1.8883732e-07	-4.7177855e-06
-1.8926836e-07	-4.7127696e-06
-1.8881936e-07	-4.7077515e-06
-1.8910673e-07	-4.7027311e-06
-1.8921449e-07	-4.6977084e-06
-1.8914264e-07	-4.6926834e-06
-1.8854995e-07	-4.6876562e-06
-1.8869362e-07	-4.6826267e-06
-1.8883732e-07	-4.6775949e-06
-1.8863975e-07	-4.6725613e-06
-1.8865771e-07	-4.667525e-06
-1.8860382e-07	-4.6624868e-06
-1.8872956e-07	-4.6574464e-06
-1.8919653e-07	-4.6524037e-06
-1.8865771e-07	-4.6473588e-06
-1.8856791e-07	-4.6423115e-06
-1.8894507e-07	-4.637262e-06
-1.8881936e-07	-4.6322102e-06
-1.8890915e-07	-4.6271566e-06
-1.8901693e-07	-4.6221003e-06
-1.8860382e-07	-4.6170421e-06
-1.8921449e-07	-4.6119817e-06
-1.8903488e-07	-4.606919e-06
-1.8887323e-07	-4.601854e-06
-1.8892712e-07	-4.5967872e-06
-1.8872956e-07	-4.5917177e-06
-1.8860382e-07	-4.5866464e-06
-1.8901693e-07	-4.5815727e-06
-1.8862178e-07	-4.5764968e-06
-1.887116e-07	-4.5714187e-06
-1.8847811e-07	-4.5663387e-06
-1.8869362e-07	-4.561256e-06
-1.8862178e-07	-4.5561715e-06
-1.8865771e-07	-4.5510847e-06
-1.8881936e-07	-4.5459956e-06
-1.8863975e-07	-4.5409042e-06
-1.8837034e-07	-4.5358111e-06
-1.8824461e-07	-4.5307156e-06
-1.891606e-07	-4.5256179e-06
-1.8881936e-07	-4.5205179e-06
-1.8867566e-07	-4.5154156e-06
-1.8867566e-07	-4.5103116e-06
-1.8817278e-07	-4.5052052e-06
-1.8876547e-07	-4.5000966e-06
-1.8894507e-07	-4.4949857e-06
-1.8880139e-07	-4.4898729e-06
-1.8862178e-07	-4.4847575e-06
-1.8887323e-07	-4.4796402e-06
-1.8865771e-07	-4.4745211e-06
-1.8887323e-07	-4.4693993e-06
-1.8901693e-07	-4.4642757e-06
-1.8881936e-07	-4.4591497e-06
-1.8869362e-07	-4.4540216e-06
-1.8853198e-07	-4.4488916e-06
-1.8899895e-07	-4.4437588e-06
-1.8854995e-07	-4.4386243e-06
-1.8876547e-07	-4.4334879e-06
-1.8828054e-07	-4.4283488e-06
-1.8885527e-07	-4.4232079e-06
-1.8881936e-07	-4.4180647e-06
-1.8869362e-07	-4.4129197e-06
-1.8881936e-07	-4.4077719e-06
-1.8885527e-07	-4.4026224e-06
-1.8878343e-07	-4.397471e-06
-1.8876547e-07	-4.3923169e-06
-1.8854995e-07	-4.387161e-06
-1.8878343e-07	-4.3820028e-06
-1.8892712e-07	-4.3768428e-06
-1.8872956e-07	-4.37168e-06
-1.8867566e-07	-4.3665159e-06
-1.8881936e-07	-4.3613491e-06
-1.887116e-07	-4.3561804e-06
-1.883883e-07	-4.3510095e-06
-1.8860382e-07	-4.3458363e-06
-1.8874752e-07	-4.3406612e-06
-1.8890915e-07	-4.3354839e-06
-1.8851402e-07	-4.3303044e-06
-1.8854995e-07	-4.325123e-06
-1.8880139e-07	-4.3199393e-06
-1.8892712e-07	-4.3147534e-06
-1.8880139e-07	-4.3095656e-06
-1.8876547e-07	-4.3043756e-06
-1.8883732e-07	-4.2991837e-06
-1.8892712e-07	-4.2939892e-06
-1.8887323e-07	-4.2887928e-06
-1.8885527e-07	-4.2835945e-06
-1.8885527e-07	-4.278394e-06
-1.8878343e-07	-4.2731913e-06
-1.8883732e-07	-4.2679867e-06
-1.8863975e-07	-4.2627798e-06
-1.8865771e-07	-4.2575707e-06
-1.8889119e-07	-4.2523598e-06
-1.8851402e-07	-4.2471465e-06
-1.8826258e-07	-4.241931e-06
-1.8872956e-07	-4.2367137e-06
-1.8878343e-07	-4.2314946e-06
-1.8854995e-07	-4.2262727e-06
-1.8842422e-07	-4.2210495e-06
-1.8876547e-07	-4.2158235e-06
-1.8856791e-07	-4.2105958e-06
-1.887116e-07	-4.2053657e-06
-1.8854995e-07	-4.2001338e-06
-1.8878343e-07	-4.1948997e-06
-1.8849606e-07	-4.1896637e-06
-1.8840626e-07	-4.1844255e-06
-1.8862178e-07	-4.1791855e-06
-1.8831645e-07	-4.1739427e-06
-1.8844219e-07	-4.1686985e-06
-1.8863975e-07	-4.1634521e-06
-1.8889119e-07	-4.1582034e-06
-1.8880139e-07	-4.1529524e-06
-1.8890915e-07	-4.1477001e-06
-1.8908877e-07	-4.1424451e-06
-1.8862178e-07	-4.1371882e-06
-1.8899895e-07	-4.1319295e-06
-1.8847811e-07	-4.1266685e-06
-1.8846015e-07	-4.1214053e-06
-1.8856791e-07	-4.1161402e-06
-1.8865771e-07	-4.1108733e-06
-1.8881936e-07	-4.1056041e-06
-1.8885527e-07	-4.1003327e-06
-1.8885527e-07	-4.0950595e-06
-1.882087e-07	-4.0897839e-06
-1.8869362e-07	-4.0845066e-06
-1.8878343e-07	-4.0792274e-06
-1.8854995e-07	-4.073946e-06
-1.8842422e-07	-4.0686623e-06
-1.8869362e-07	-4.0633768e-06
-1.8854995e-07	-4.058089e-06
-1.8835237e-07	-4.0527993e-06
-1.8824461e-07	-4.0475079e-06
-1.8851402e-07	-4.0422142e-06
-1.8837034e-07	-4.0369182e-06
-1.8824461e-07	-4.0316208e-06
-1.8822665e-07	-4.0263208e-06
-1.8880139e-07	-4.0210193e-06
-1.8858586e-07	-4.0157151e-06
-1.8878343e-07	-4.0104096e-06
-1.8885527e-07	-4.0051018e-06
-1.8863975e-07	-3.9997917e-06
-1.8844219e-07	-3.9944798e-06
-1.8869362e-07	-3.9891661e-06
-1.8862178e-07	-3.9838501e-06
-1.8901693e-07	-3.9785323e-06
-1.8826258e-07	-3.9732122e-06
-1.8840626e-07	-3.9678903e-06
-1.8842422e-07	-3.9625666e-06
-1.8854995e-07	-3.9572406e-06
-1.8858586e-07	-3.9519127e-06
-1.8837034e-07	-3.9465826e-06
-1.8831645e-07	-3.9412507e-06
-1.8860382e-07	-3.935917e-06
-1.8846015e-07	-3.930581e-06
-1.8790337e-07	-3.9252432e-06
-1.882087e-07	-3.9199035e-06
-1.8810093e-07	-3.9145616e-06
-1.8833441e-07	-3.9092179e-06
-1.8826258e-07	-3.9038723e-06
-1.8815481e-07	-3.8985245e-06
-1.8856791e-07	-3.8931748e-06
-1.883883e-07	-3.8878229e-06
-1.8846015e-07	-3.8824696e-06
-1.8835237e-07	-3.8771136e-06
-1.8824461e-07	-3.8717562e-06
-1.8837034e-07	-3.8663966e-06
-1.8840626e-07	-3.8610351e-06
-1.8804704e-07	-3.8556718e-06
-1.8874752e-07	-3.8503067e-06
-1.8865771e-07	-3.8449393e-06
-1.8844219e-07	-3.8395701e-06
-1.8840626e-07	-3.8341987e-06
-1.8804704e-07	-3.8288254e-06
-1.8810093e-07	-3.8234507e-06
-1.882087e-07	-3.8180733e-06
-1.8858586e-07	-3.8126946e-06
-1.8824461e-07	-3.8073138e-06
-1.882087e-07	-3.8019309e-06
-1.8887323e-07	-3.796546e-06
-1.8889119e-07	-3.7911595e-06
-1.8863975e-07	-3.785771e-06
-1.8822665e-07	-3.7803804e-06
-1.8863975e-07	-3.774988e-06
-1.8826258e-07	-3.7695938e-06
-1.8799317e-07	-3.7641976e-06
-1.8802909e-07	-3.7587995e-06
-1.8854995e-07	-3.7533994e-06
-1.8831645e-07	-3.7479974e-06
-1.8844219e-07	-3.7425937e-06
-1.8842422e-07	-3.7371879e-06
-1.8826258e-07	-3.7317805e-06
-1.8822665e-07	-3.7263708e-06
-1.8808296e-07	-3.7209595e-06
-1.881189e-07	-3.7155462e-06
-1.8842422e-07	-3.7101311e-06
-1.882087e-07	-3.7047141e-06
-1.8828054e-07	-3.6992953e-06
-1.883883e-07	-3.6938745e-06
-1.8840626e-07	-3.6884519e-06
-1.8790337e-07	-3.6830274e-06
-1.8828054e-07	-3.6776012e-06
-1.8833441e-07	-3.6721729e-06
-1.8860382e-07	-3.6667429e-06
-1.8802909e-07	-3.661311e-06
-1.8837034e-07	-3.6558772e-06
-1.8849606e-07	-3.6504418e-06
-1.8842422e-07	-3.6450044e-06
-1.8819074e-07	-3.639565e-06
-1.8835237e-07	-3.6341239e-06
-1.879752e-07	-3.628681e-06
-1.8822665e-07	-3.6232364e-06
-1.8860382e-07	-3.6177898e-06
-1.8867566e-07	-3.6123413e-06
-1.8853198e-07	-3.6068911e-06
-1.8842422e-07	-3.6014392e-06
-1.881189e-07	-3.5959854e-06
-1.8862178e-07	-3.5905298e-06
-1.8819074e-07	-3.5850724e-06
-1.8804704e-07	-3.5796131e-06
-1.8854995e-07	-3.5741521e-06
-1.8810093e-07	-3.5686892e-06
-1.8831645e-07	-3.5632247e-06
-1.8840626e-07	-3.5577582e-06
-1.8826258e-07	-3.5522901e-06
-1.8844219e-07	-3.5468202e-06
-1.8863975e-07	-3.5413484e-06
-1.8853198e-07	-3.5358748e-06
-1.882087e-07	-3.5303997e-06
-1.88065e-07	-3.5249227e-06
-1.8847811e-07	-3.5194439e-06
-1.8815481e-07	-3.5139633e-06
-1.8833441e-07	-3.5084811e-06
-1.8819074e-07	-3.5029971e-06
-1.8835237e-07	-3.4975112e-06
-1.8819074e-07	-3.4920236e-06
-1.8813685e-07	-3.4865343e-06
-1.8784949e-07	-3.4810434e-06
-1.8892712e-07	-3.4755508e-06
-1.8799317e-07	-3.4700563e-06
-1.8819074e-07	-3.46456e-06
-1.8824461e-07	-3.4590621e-06
-1.8808296e-07	-3.4535626e-06
-1.8854995e-07	-3.4480613e-06
-1.8831645e-07	-3.4425582e-06
-1.8837034e-07	-3.4370535e-06
-1.8854995e-07	-3.4315472e-06
-1.8801113e-07	-3.426039e-06
-1.8815481e-07	-3.4205293e-06
-1.8808296e-07	-3.4150178e-06
-1.8854995e-07	-3.4095046e-06
-1.8824461e-07	-3.4039897e-06
-1.8784949e-07	-3.3984732e-06
-1.8784949e-07	-3.392955e-06
-1.8808296e-07	-3.3874353e-06
-1.88065e-07	-3.3819138e-06
-1.8819074e-07	-3.3763906e-06
-1.8801113e-07	-3.3708657e-06
-1.8817278e-07	-3.3653394e-06
-1.8865771e-07	-3.3598112e-06
-1.8804704e-07	-3.3542815e-06
-1.8808296e-07	-3.3487499e-06
-1.8813685e-07	-3.343217e-06
-1.8799317e-07	-3.3376823e-06
-1.8795724e-07	-3.3321462e-06
-1.8802909e-07	-3.3266083e-06
-1.881189e-07	-3.3210688e-06
-1.88065e-07	-3.3155277e-06
-1.879752e-07	-3.309985e-06
-1.8860382e-07	-3.3044407e-06
-1.8826258e-07	-3.2988946e-06
-1.8799317e-07	-3.2933472e-06
-1.8759803e-07	-3.2877981e-06
-1.8793929e-07	-3.2822475e-06
-1.8790337e-07	-3.2766952e-06
-1.8765192e-07	-3.2711414e-06
-1.8738251e-07	-3.265586e-06
-1.8790337e-07	-3.2600292e-06
-1.8768783e-07	-3.2544706e-06
-1.8788541e-07	-3.2489106e-06
-1.8824461e-07	-3.2433488e-06
-1.8846015e-07	-3.2377857e-06
-1.8813685e-07	-3.2322212e-06
-1.881189e-07	-3.2266548e-06
-1.8770579e-07	-3.2210871e-06
-1.8781357e-07	-3.2155178e-06
-1.8743638e-07	-3.209947e-06
-1.8819074e-07	-3.2043745e-06
-1.8840626e-07	-3.1988006e-06
-1.87616e-07	-3.1932254e-06
-1.8763396e-07	-3.1876484e-06
-1.87616e-07	-3.18207e-06
-1.8766987e-07	-3.1764903e-06
-1.881189e-07	-3.1709089e-06
-1.8786744e-07	-3.165326e-06
-1.8784949e-07	-3.1597417e-06
-1.8758007e-07	-3.154156e-06
-1.8758007e-07	-3.1485688e-06
-1.8795724e-07	-3.1429799e-06
-1.8790337e-07	-3.1373897e-06
-1.8793929e-07	-3.1317982e-06
-1.8781357e-07	-3.126205e-06
-1.8777763e-07	-3.1206105e-06
-1.8828054e-07	-3.1150146e-06
-1.8790337e-07	-3.1094171e-06
-1.8799317e-07	-3.1038182e-06
-1.8840626e-07	-3.098218e-06
-1.88065e-07	-3.0926162e-06
-1.8817278e-07	-3.0870131e-06
-1.8815481e-07	-3.0814085e-06
-1.8770579e-07	-3.0758026e-06
-1.8810093e-07	-3.0701954e-06
-1.8779561e-07	-3.0645865e-06
-1.8790337e-07	-3.0589765e-06
-1.8759803e-07	-3.0533649e-06
-1.8736455e-07	-3.047752e-06
-1.8775968e-07	-3.0421377e-06
-1.8736455e-07	-3.036522e-06
-1.8759803e-07	-3.030905e-06
-1.8804704e-07	-3.0252866e-06
-1.8749027e-07	-3.0196668e-06
-1.8725679e-07	-3.0140459e-06
-1.875262e-07	-3.0084234e-06
-1.8795724e-07	-3.0027995e-06
-1.87616e-07	-2.9971745e-06
-1.8758007e-07	-2.9915479e-06
-1.8774172e-07	-2.9859202e-06
-1.8749027e-07	-2.9802911e-06
-1.8784949e-07	-2.9746607e-06
-1.8774172e-07	-2.9690289e-06
-1.8725679e-07	-2.9633959e-06
-1.8729271e-07	-2.9577616e-06
-1.8754416e-07	-2.9521259e-06
-1.8759803e-07	-2.9464891e-06
-1.8766987e-07	-2.9408507e-06
-1.8768783e-07	-2.9352113e-06
-1.8783153e-07	-2.9295704e-06
-1.8793929e-07	-2.9239284e-06
-1.8745435e-07	-2.9182852e-06
-1.8775968e-07	-2.9126404e-06
-1.8772376e-07	-2.9069947e-06
-1.8826258e-07	-2.9013477e-06
-1.8804704e-07	-2.8956993e-06
-1.8766987e-07	-2.8900497e-06
-1.8781357e-07	-2.8843988e-06
-1.8772376e-07	-2.878747e-06
-1.8783153e-07	-2.8730935e-06
-1.8772376e-07	-2.8674392e-06
-1.8732862e-07	-2.8617835e-06
-1.875262e-07	-2.8561265e-06
-1.8774172e-07	-2.8504685e-06
-1.8763396e-07	-2.8448092e-06
-1.8716698e-07	-2.8391485e-06
-1.8713105e-07	-2.8334869e-06
-1.8686164e-07	-2.8278239e-06
-1.8736455e-07	-2.82216e-06
-1.8801113e-07	-2.8164948e-06
-1.8756212e-07	-2.8108284e-06
-1.8691554e-07	-2.8051606e-06
-1.8729271e-07	-2.799492e-06
-1.8734659e-07	-2.7938222e-06
-1.8704125e-07	-2.7881511e-06
-1.8704125e-07	-2.782479e-06
-1.872029e-07	-2.7768056e-06
-1.8709514e-07	-2.7711312e-06
-1.8749027e-07	-2.7654555e-06
-1.8738251e-07	-2.7597789e-06
-1.8696942e-07	-2.7541012e-06
-1.866641e-07	-2.748422e-06
-1.8653836e-07	-2.742742e-06
-1.870233e-07	-2.7370611e-06
-1.8700534e-07	-2.7313788e-06
-1.8675389e-07	-2.7256954e-06
-1.8691554e-07	-2.720011e-06
-1.8668204e-07	-2.7143255e-06
-1.8653836e-07	-2.7086389e-06
-1.8587382e-07	-2.7029512e-06
-1.8621506e-07	-2.6972625e-06
-1.8612526e-07	-2.6915727e-06
-1.8599955e-07	-2.685882e-06
-1.8598159e-07	-2.6801902e-06
-1.8569422e-07	-2.6744972e-06
-1.8504763e-07	-2.6688031e-06
-1.8511949e-07	-2.663108e-06
-1.8474231e-07	-2.6574121e-06
-1.8528112e-07	-2.651715e-06
-1.8493986e-07	-2.6460168e-06
-1.8495783e-07	-2.6403177e-06
-1.8513744e-07	-2.6346177e-06
-1.8502968e-07	-2.6289165e-06
-1.8427534e-07	-2.6232144e-06
-1.843831e-07	-2.6175112e-06
-1.8380835e-07	-2.6118071e-06
-1.8450882e-07	-2.6061018e-06
-1.8371856e-07	-2.6003959e-06
-1.8339526e-07	-2.5946888e-06
-1.8330546e-07	-2.5889806e-06
-1.8271277e-07	-2.5832717e-06
-1.8285644e-07	-2.5775616e-06
-1.8292829e-07	-2.5718507e-06
-1.8220987e-07	-2.5661386e-06
-1.8224578e-07	-2.5604259e-06
-1.8265888e-07	-2.554712e-06
-1.8210211e-07	-2.5489971e-06
-1.8150941e-07	-2.5432814e-06
-1.8125796e-07	-2.5375648e-06
-1.8093468e-07	-2.5318473e-06
-1.8100651e-07	-2.5261288e-06
-1.808269e-07	-2.5204095e-06
-1.8091671e-07	-2.5146892e-06
-1.8080894e-07	-2.5089678e-06
-1.8091671e-07	-2.5032457e-06
-1.8030605e-07	-2.4975227e-06
-1.8043177e-07	-2.4917988e-06
-1.802881e-07	-2.486074e-06
-1.8023421e-07	-2.4803483e-06
-1.8009052e-07	-2.4746216e-06
-1.7947987e-07	-2.4688941e-06
-1.7947987e-07	-2.4631659e-06
-1.7908474e-07	-2.4574365e-06
-1.7897696e-07	-2.4517065e-06
-1.7861775e-07	-2.4459755e-06
-1.791027e-07	-2.4402436e-06
-1.7852796e-07	-2.4345111e-06
-1.7820467e-07	-2.4287774e-06
-1.7788138e-07	-2.423043e-06
-1.780969e-07	-2.417308e-06
-1.7737848e-07	-2.4115718e-06
-1.7710907e-07	-2.4058349e-06
-1.7701927e-07	-2.4000974e-06
-1.7728868e-07	-2.3943587e-06
-1.7728868e-07	-2.3886194e-06
-1.7683966e-07	-2.3828793e-06
-1.7630084e-07	-2.3771383e-06
-1.760494e-07	-2.3713965e-06
-1.7558241e-07	-2.3656539e-06
-1.7547467e-07	-2.3599105e-06
-1.7525913e-07	-2.3541663e-06
-1.747742e-07	-2.3484213e-06
-1.7488196e-07	-2.3426755e-06
-1.7414557e-07	-2.3369289e-06
-1.7366064e-07	-2.3311816e-06
-1.7373249e-07	-2.3254333e-06
-1.7355288e-07	-2.3196844e-06
-1.7349899e-07	-2.3139348e-06
-1.7342715e-07	-2.3081843e-06
-1.7304998e-07	-2.3024331e-06
-1.7274466e-07	-2.2966813e-06
-1.7233155e-07	-2.2909285e-06
-1.7188255e-07	-2.285175e-06
-1.7186458e-07	-2.2794206e-06
-1.7181071e-07	-2.2736656e-06
-1.7121801e-07	-2.2679098e-06
-1.708588e-07	-2.2621534e-06
-1.7037387e-07	-2.2563963e-06
-1.7040978e-07	-2.2506383e-06
-1.7023017e-07	-2.2448796e-06
-1.7010446e-07	-2.23912e-06
-1.6979912e-07	-2.23336e-06
-1.6922438e-07	-2.227599e-06
-1.6917051e-07	-2.2218376e-06
-1.6868556e-07	-2.2160752e-06
-1.6863169e-07	-2.210312e-06
-1.6829043e-07	-2.2045483e-06
-1.676259e-07	-2.1987839e-06
-1.6784142e-07	-2.1930186e-06
-1.6692543e-07	-2.1872529e-06
-1.6674582e-07	-2.1814863e-06
-1.6683562e-07	-2.1757189e-06
-1.66207e-07	-2.1699509e-06
-1.6561431e-07	-2.1641822e-06
-1.6536286e-07	-2.1584128e-06
-1.6489589e-07	-2.1526428e-06
-1.6500366e-07	-2.146872e-06
-1.6462648e-07	-2.1411006e-06
-1.6437504e-07	-2.1353285e-06
-1.6369253e-07	-2.1295557e-06
-1.6345905e-07	-2.1237822e-06
-1.6293818e-07	-2.1180081e-06
-1.6245326e-07	-2.1122332e-06
-1.624353e-07	-2.1064577e-06
-1.6195035e-07	-2.1006815e-06
-1.6168094e-07	-2.0949046e-06
-1.6128581e-07	-2.0891271e-06
-1.6076496e-07	-2.083349e-06
-1.6022614e-07	-2.0775701e-06
-1.5990285e-07	-2.0717905e-06
-1.5963344e-07	-2.0660104e-06
-1.5857377e-07	-2.0602295e-06
-1.5846601e-07	-2.054448e-06
-1.5799904e-07	-2.0486659e-06
-1.5751409e-07	-2.0428829e-06
-1.5706509e-07	-2.0370994e-06
-1.5690344e-07	-2.0313153e-06
-1.5645443e-07	-2.0255306e-06
-1.5649034e-07	-2.0197451e-06
-1.5566415e-07	-2.0139589e-06
-1.548739e-07	-2.0081723e-06
-1.5437099e-07	-2.0023849e-06
-1.5385014e-07	-1.9965969e-06
-1.5352686e-07	-1.9908082e-06
-1.533293e-07	-1.9850188e-06
-1.5264678e-07	-1.9792287e-06
-1.5241331e-07	-1.9734382e-06
-1.5203612e-07	-1.9676468e-06
-1.5187449e-07	-1.9618549e-06
-1.5106626e-07	-1.9560623e-06
-1.5050948e-07	-1.9502691e-06
-1.5020414e-07	-1.9444751e-06
-1.498629e-07	-1.9386807e-06
-1.4928816e-07	-1.9328854e-06
-1.4844402e-07	-1.9270897e-06
-1.4826442e-07	-1.9212932e-06
-1.4761784e-07	-1.9154961e-06
-1.4724066e-07	-1.9096983e-06
-1.4668389e-07	-1.9038998e-06
-1.4605527e-07	-1.8981008e-06
-1.4549849e-07	-1.8923012e-06
-1.4481598e-07	-1.8865007e-06
-1.4438493e-07	-1.8806998e-06
-1.4373835e-07	-1.8748981e-06
-1.4294808e-07	-1.8690957e-06
-1.4242724e-07	-1.8632928e-06
-1.4161901e-07	-1.8574892e-06
-1.4100834e-07	-1.8516849e-06
-1.4018215e-07	-1.84588e-06
-1.4000256e-07	-1.8400744e-06
-1.3942783e-07	-1.8342682e-06
-1.3885308e-07	-1.8284613e-06
-1.3795506e-07	-1.8226538e-06
-1.3761381e-07	-1.8168455e-06
-1.3707499e-07	-1.8110366e-06
-1.3644636e-07	-1.805227e-06
-1.3574591e-07	-1.7994169e-06
-1.3502748e-07	-1.793606e-06
-1.3430906e-07	-1.7877944e-06
-1.3366248e-07	-1.7819822e-06
-1.3317754e-07	-1.7761693e-06
-1.3258484e-07	-1.7703557e-06
-1.3231544e-07	-1.7645414e-06
-1.3113004e-07	-1.7587264e-06
-1.3077083e-07	-1.7529107e-06
-1.3053733e-07	-1.7470944e-06
-1.2990871e-07	-1.7412774e-06
-1.2890293e-07	-1.7354596e-06
-1.2811266e-07	-1.7296412e-06
-1.2760978e-07	-1.723822e-06
-1.2680154e-07	-1.7180023e-06
-1.260472e-07	-1.7121818e-06
-1.251851e-07	-1.7063604e-06
-1.2435891e-07	-1.7005385e-06
-1.2390989e-07	-1.6947158e-06
-1.2340701e-07	-1.6888924e-06
-1.2301186e-07	-1.6830684e-06
-1.2250898e-07	-1.6772435e-06
-1.22042e-07	-1.6714179e-06
-1.2109008e-07	-1.6655915e-06
-1.2022798e-07	-1.6597645e-06
-1.1963527e-07	-1.6539367e-06
-1.1888093e-07	-1.6481082e-06
-1.1814456e-07	-1.6422789e-06
-1.1721061e-07	-1.6364488e-06
-1.1672567e-07	-1.6306179e-06
-1.1571988e-07	-1.6247864e-06
-1.1483981e-07	-1.618954e-06
-1.1410343e-07	-1.6131208e-06
-1.1338501e-07	-1.6072869e-06
-1.1266658e-07	-1.6014523e-06
-1.1202e-07	-1.5956167e-06
-1.1153507e-07	-1.5897804e-06
-1.1101422e-07	-1.5839432e-06
-1.0968514e-07	-1.5781053e-06
-1.0902059e-07	-1.5722666e-06
-1.0799684e-07	-1.566427e-06
-1.0747598e-07	-1.5605867e-06
-1.0668573e-07	-1.5547455e-06
-1.0600322e-07	-1.5489034e-06
-1.0501539e-07	-1.5430605e-06
-1.0422512e-07	-1.5372167e-06
-1.0343486e-07	-1.5313722e-06
-1.0269848e-07	-1.5255266e-06
-1.0219558e-07	-1.5196803e-06
-1.0117183e-07	-1.513833e-06
-1.0014808e-07	-1.507985e-06
-9.9591297e-08	-1.5021359e-06
-9.8711226e-08	-1.496286e-06
-9.8082609e-08	-1.4904351e-06
-9.7759319e-08	-1.4845834e-06
-9.684333e-08	-1.4787307e-06
-9.6412279e-08	-1.4728771e-06
-9.5639976e-08	-1.4670226e-06
-9.4598263e-08	-1.4611671e-06
-9.402352e-08	-1.4553107e-06
-9.3287142e-08	-1.4494533e-06
-9.2766285e-08	-1.4435949e-06
-9.1598849e-08	-1.4377356e-06
-9.0467339e-08	-1.4318751e-06
-8.9892595e-08	-1.4260138e-06
-8.8725159e-08	-1.4201515e-06
-8.7881013e-08	-1.4142881e-06
-8.7090747e-08	-1.4084237e-06
-8.613884e-08	-1.4025583e-06
-8.5366537e-08	-1.3966918e-06
-8.4288899e-08	-1.3908243e-06
-8.36962e-08	-1.3849557e-06
-8.3031665e-08	-1.379086e-06
-8.2169556e-08	-1.3732152e-06
-8.1343373e-08	-1.3673433e-06
-8.0247773e-08	-1.3614704e-06
-7.9511388e-08	-1.3555963e-06
-7.8667249e-08	-1.3497212e-06
-7.7769222e-08	-1.3438448e-06
-7.6655667e-08	-1.3379673e-06
-7.6206653e-08	-1.3320887e-06
-7.5362507e-08	-1.3262088e-06
-7.401546e-08	-1.3203278e-06
-7.3225202e-08	-1.3144456e-06
-7.2668421e-08	-1.3085622e-06
-7.2201445e-08	-1.3026776e-06
-7.1177695e-08	-1.2967918e-06
-7.0225781e-08	-1.2909047e-06
-6.9399604e-08	-1.2850163e-06
-6.8304004e-08	-1.2791268e-06
-6.7783148e-08	-1.2732359e-06
-6.6489989e-08	-1.2673437e-06
-6.525071e-08	-1.2614502e-06
-6.4729853e-08	-1.2555554e-06
-6.3652223e-08	-1.2496592e-06
-6.3185247e-08	-1.2437617e-06
-6.2269258e-08	-1.237863e-06
-6.0976099e-08	-1.2319628e-06
-6.0131946e-08	-1.2260612e-06
-5.9198001e-08	-1.2201582e-06
-5.8138326e-08	-1.2142538e-06
-5.6988849e-08	-1.208348e-06
-5.5677731e-08	-1.2024407e-06
-5.4546216e-08	-1.196532e-06
-5.397148e-08	-1.1906218e-06
-5.2588515e-08	-1.1847101e-06
-5.1618645e-08	-1.1787969e-06
-5.0523052e-08	-1.1728822e-06
-4.9499299e-08	-1.1669659e-06
-4.8655153e-08	-1.1610482e-06
-4.7703242e-08	-1.1551289e-06
-4.6787253e-08	-1.1492079e-06
-4.5530015e-08	-1.1432854e-06
-4.4182976e-08	-1.1373613e-06
-4.3338829e-08	-1.1314355e-06
-4.2261195e-08	-1.1255081e-06
-4.1524814e-08	-1.119579e-06
-4.0393296e-08	-1.1136483e-06
-3.9064215e-08	-1.1077159e-06
-3.8220069e-08	-1.1017817e-06
-3.7070592e-08	-1.0958457e-06
-3.5885193e-08	-1.0899081e-06
-3.4789604e-08	-1.0839688e-06
-3.3280916e-08	-1.0780275e-06
-3.2023674e-08	-1.0720845e-06
-3.0928081e-08	-1.0661397e-06
-2.9778606e-08	-1.060193e-06
-2.8467486e-08	-1.0542445e-06
-2.6904916e-08	-1.0482941e-06
-2.5503994e-08	-1.0423418e-06
-2.4659847e-08	-1.0363875e-06
-2.3654055e-08	-1.0304313e-06
-2.2576423e-08	-1.0244732e-06
-2.1355104e-08	-1.0185131e-06
-2.0241549e-08	-1.012551e-06
-1.9092074e-08	-1.0065869e-06
-1.7637268e-08	-1.0011561e-06
-1.6397989e-08	-9.9675594e-07
-1.6308187e-08	-9.985099e-07
-2.0367272e-08	-1.0004547e-06
-2.4821492e-08	-1.0025758e-06
-2.6904916e-08	-1.004859e-06
-2.7282089e-08	-1.0072908e-06
-2.7515574e-08	-1.0098586e-06
-2.9652881e-08	-1.0125499e-06
-3.2472688e-08	-1.0153533e-06
-3.3694008e-08	-1.0182575e-06
-3.435855e-08	-1.0212523e-06
-3.563375e-08	-1.0243276e-06
-3.7932697e-08	-1.0274745e-06
-3.9728757e-08	-1.0306842e-06
-4.0626784e-08	-1.0339487e-06
-4.1129681e-08	-1.0372606e-06
-4.2800014e-08	-1.040613e-06
-4.441646e-08	-1.044e-06
-4.5583896e-08	-1.0474157e-06
-4.6877059e-08	-1.0508552e-06
-4.858331e-08	-1.0543141e-06
-4.9445418e-08	-1.0577886e-06
-5.0720615e-08	-1.0612756e-06
-5.1870096e-08	-1.0647725e-06
-5.2947726e-08	-1.0682774e-06
-5.3881678e-08	-1.0717887e-06
-5.492339e-08	-1.0753057e-06
-5.556997e-08	-1.0788285e-06
-5.711458e-08	-1.0823572e-06
-5.7976685e-08	-1.0858932e-06
-5.9251885e-08	-1.0894379e-06
-6.0401355e-08	-1.0929936e-06
-6.1478993e-08	-1.0965632e-06
-6.2987681e-08	-1.1001501e-06
-6.3670186e-08	-1.1037586e-06
-6.4334721e-08	-1.1073931e-06
-6.5556037e-08	-1.111059e-06
-6.6831241e-08	-1.1147622e-06
-6.8160318e-08	-1.1185091e-06
-6.9291836e-08	-1.1223069e-06
-7.0082102e-08	-1.1261633e-06
-7.0656839e-08	-1.129018e-06
-7.1483022e-08	-1.1328385e-06
-7.2596578e-08	-1.1366627e-06
-7.3764014e-08	-1.1404907e-06
-7.4141184e-08	-1.1443221e-06
-7.4895532e-08	-1.1481574e-06
-7.5865394e-08	-1.1519962e-06
-7.6925069e-08	-1.1558387e-06
-7.742797e-08	-1.159685e-06
-7.8433757e-08	-1.1635348e-06
-7.9744879e-08	-1.1673883e-06
-8.0589032e-08	-1.1712455e-06
-8.1163762e-08	-1.1751063e-06
-8.1774424e-08	-1.1789707e-06
-8.2905942e-08	-1.1828389e-06
-8.3875804e-08	-1.1867106e-06
-8.4773838e-08	-1.190586e-06
-8.5671864e-08	-1.1944651e-06
-8.6426205e-08	-1.1983477e-06
-8.7360156e-08	-1.2022341e-06
-8.7629566e-08	-1.206124e-06
-8.8725159e-08	-1.2100177e-06
-8.9712991e-08	-1.2139149e-06
-9.068286e-08	-1.2178157e-06
-9.095227e-08	-1.2217203e-06
-9.1760491e-08	-1.2256284e-06
-9.2748323e-08	-1.2295401e-06
-9.3376947e-08	-1.2334555e-06
-9.4203131e-08	-1.2373745e-06
-9.5316686e-08	-1.2412971e-06
-9.5981221e-08	-1.2452233e-06
-9.7310306e-08	-1.2491532e-06
-9.7759319e-08	-1.2530867e-06
-9.8154459e-08	-1.2570238e-06
-9.9178202e-08	-1.2609645e-06
-9.9914587e-08	-1.2649087e-06
-1.010461e-07	-1.2688567e-06
-1.0187229e-07	-1.2728082e-06
-1.0230334e-07	-1.2767633e-06
-1.0251887e-07	-1.2807221e-06
-1.0320137e-07	-1.2846845e-06
-1.0379407e-07	-1.2886503e-06
-1.0454841e-07	-1.2926198e-06
-1.0535663e-07	-1.2965929e-06
-1.0587749e-07	-1.3005697e-06
-1.068294e-07	-1.30455e-06
-1.0769151e-07	-1.3085339e-06
-1.0835605e-07	-1.3125214e-06
-1.0891283e-07	-1.3165125e-06
-1.0909243e-07	-1.3205071e-06
-1.1025987e-07	-1.3245053e-06
-1.1119382e-07	-1.3285071e-06
-1.114273e-07	-1.3325124e-06
-1.1209185e-07	-1.3365214e-06
-1.126127e-07	-1.3405339e-06
-1.1327725e-07	-1.34455e-06
-1.1356461e-07	-1.3485696e-06
-1.1475001e-07	-1.3525929e-06
-1.153966e-07	-1.3566197e-06
-1.1591744e-07	-1.36065e-06
-1.1667179e-07	-1.364684e-06
-1.1719264e-07	-1.3687214e-06
-1.1778535e-07	-1.3727624e-06
-1.181266e-07	-1.3768071e-06
-1.1853968e-07	-1.3808552e-06
-1.1913239e-07	-1.3849069e-06
-1.1954548e-07	-1.3889621e-06
-1.2012022e-07	-1.3930209e-06
-1.2074884e-07	-1.3970832e-06
-1.2123378e-07	-1.401149e-06
-1.2139542e-07	-1.4052184e-06
-1.2241917e-07	-1.4092914e-06
-1.2338904e-07	-1.4133678e-06
-1.2364049e-07	-1.4174478e-06
-1.2401766e-07	-1.4215314e-06
-1.2475404e-07	-1.4256185e-06
-1.2513121e-07	-1.4297091e-06
-1.2583168e-07	-1.4338032e-06
-1.2635253e-07	-1.4379008e-06
-1.2651418e-07	-1.4420019e-06
-1.2710687e-07	-1.4461067e-06
-1.2789714e-07	-1.4502149e-06
-1.2892089e-07	-1.4543266e-06
-1.29783e-07	-1.4584417e-06
-1.3001649e-07	-1.4625605e-06
-1.299626e-07	-1.4666828e-06
-1.3066307e-07	-1.4708085e-06
-1.3134557e-07	-1.4749377e-06
-1.3226155e-07	-1.4790704e-06
-1.3303386e-07	-1.4832067e-06
-1.3281833e-07	-1.4873465e-06
-1.335188e-07	-1.4914897e-06
-1.3450662e-07	-1.4956364e-06
-1.3448866e-07	-1.4997865e-06
-1.3486584e-07	-1.5039403e-06
-1.3540465e-07	-1.5080975e-06
-1.3551242e-07	-1.5122581e-06
-1.3623084e-07	-1.5164223e-06
-1.363386e-07	-1.52059e-06
-1.3696723e-07	-1.524761e-06
-1.3748807e-07	-1.5289356e-06
-1.3786526e-07	-1.5331137e-06
-1.3843999e-07	-1.5372952e-06
-1.390686e-07	-1.5414802e-06
-1.3962539e-07	-1.5456686e-06
-1.3987683e-07	-1.5498606e-06
-1.3998459e-07	-1.554056e-06
-1.4064914e-07	-1.5582548e-06
-1.4095447e-07	-1.5624571e-06
-1.4178065e-07	-1.5666628e-06
-1.4233743e-07	-1.5708721e-06
-1.427146e-07	-1.5750846e-06
-1.4321749e-07	-1.5793008e-06
-1.4397185e-07	-1.5835203e-06
-1.4442085e-07	-1.5877433e-06
-1.4463637e-07	-1.5919697e-06
-1.4546256e-07	-1.5961996e-06
-1.4558829e-07	-1.6004329e-06
-1.4571401e-07	-1.6046697e-06
-1.4625283e-07	-1.6089099e-06
-1.4673776e-07	-1.6131535e-06
-1.470431e-07	-1.6174005e-06
-1.4738434e-07	-1.6216509e-06
-1.486775e-07	-1.6259048e-06
-1.4883915e-07	-1.630162e-06
-1.4937797e-07	-1.6344228e-06
-1.4937797e-07	-1.638687e-06
-1.4984494e-07	-1.6429544e-06
-1.5004251e-07	-1.6472254e-06
-1.5049152e-07	-1.6514998e-06
-1.5081481e-07	-1.6557775e-06
-1.5058133e-07	-1.6600587e-06
-1.5137158e-07	-1.6643432e-06
-1.5129974e-07	-1.6686313e-06
-1.5194632e-07	-1.6729226e-06
-1.5262883e-07	-1.6772174e-06
-1.531856e-07	-1.6815155e-06
-1.5343706e-07	-1.6858171e-06
-1.5397588e-07	-1.6901221e-06
-1.5446079e-07	-1.6944304e-06
-1.5455061e-07	-1.698742e-06
-1.5469429e-07	-1.7030571e-06
-1.5494574e-07	-1.7073756e-06
-1.5593356e-07	-1.7116975e-06
-1.55736e-07	-1.7160227e-06
-1.559156e-07	-1.7203513e-06
-1.559156e-07	-1.7246832e-06
-1.5611317e-07	-1.7290185e-06
-1.5631073e-07	-1.7333573e-06
-1.5663403e-07	-1.7376993e-06
-1.5756798e-07	-1.7420447e-06
-1.5785535e-07	-1.7463935e-06
-1.5823252e-07	-1.7507456e-06
-1.5767574e-07	-1.7551012e-06
-1.5808884e-07	-1.7594599e-06
-1.5844805e-07	-1.7638221e-06
-1.582864e-07	-1.7681876e-06
-1.5902278e-07	-1.7725565e-06
-1.5950772e-07	-1.7769287e-06
-1.5943588e-07	-1.7813043e-06
-1.59831e-07	-1.7856831e-06
-1.5979509e-07	-1.7900654e-06
-1.5961548e-07	-1.7944509e-06
-1.6001061e-07	-1.7988398e-06
-1.6011838e-07	-1.8032321e-06
-1.59831e-07	-1.8076275e-06
-1.6026206e-07	-1.8120264e-06
-1.6081884e-07	-1.8164286e-06
-1.6107029e-07	-1.8208341e-06
-1.6146542e-07	-1.825243e-06
-1.622018e-07	-1.829655e-06
-1.622916e-07	-1.8340705e-06
-1.6270471e-07	-1.8384892e-06
-1.6302799e-07	-1.8429113e-06
-1.6322555e-07	-1.8473366e-06
-1.6333333e-07	-1.8517653e-06
-1.637105e-07	-1.8561973e-06
-1.6394398e-07	-1.8606326e-06
-1.6397991e-07	-1.8650711e-06
-1.6441095e-07	-1.869513e-06
-1.6487793e-07	-1.873958e-06
-1.6539879e-07	-1.8784065e-06
-1.6579392e-07	-1.8828582e-06
-1.6608129e-07	-1.8873131e-06
-1.6678175e-07	-1.8917715e-06
-1.6665602e-07	-1.896233e-06
-1.6701523e-07	-1.9006978e-06
-1.6719484e-07	-1.9051658e-06
-1.6706912e-07	-1.9096374e-06
-1.6760794e-07	-1.9141119e-06
-1.6811083e-07	-1.9185898e-06
-1.6870352e-07	-1.9230711e-06
-1.6882926e-07	-1.9275553e-06
-1.689011e-07	-1.932043e-06
-1.6949379e-07	-1.9365341e-06
-1.6970932e-07	-1.9410281e-06
-1.6987096e-07	-1.9455256e-06
-1.7005057e-07	-1.9500264e-06
-1.7023017e-07	-1.9545303e-06
-1.7120006e-07	-1.9590375e-06
-1.7128986e-07	-1.9635479e-06
-1.713976e-07	-1.9680615e-06
-1.7136169e-07	-1.9725785e-06
-1.7141556e-07	-1.9770987e-06
-1.7128986e-07	-1.9816221e-06
-1.7182867e-07	-1.9861486e-06
-1.7225972e-07	-1.9906786e-06
-1.7283446e-07	-1.9952115e-06
-1.7303202e-07	-1.9997478e-06
-1.7333736e-07	-2.0042874e-06
-1.737684e-07	-2.0088301e-06
-1.7393005e-07	-2.0133759e-06
-1.7423538e-07	-2.0179252e-06
-1.7531301e-07	-2.0224775e-06
-1.7556447e-07	-2.0270331e-06
-1.7542078e-07	-2.031592e-06
-1.7581591e-07	-2.036154e-06
-1.7592367e-07	-2.0407192e-06
-1.7635473e-07	-2.0452876e-06
-1.7653433e-07	-2.0498592e-06
-1.7691151e-07	-2.0544339e-06
-1.7700131e-07	-2.0590119e-06
-1.7721683e-07	-2.063593e-06
-1.7734256e-07	-2.0681773e-06
-1.7793525e-07	-2.072765e-06
-1.7829447e-07	-2.0773557e-06
-1.7827651e-07	-2.0819496e-06
-1.7840223e-07	-2.0865466e-06
-1.7894104e-07	-2.0911471e-06
-1.7921045e-07	-2.0957505e-06
-1.7946191e-07	-2.1003571e-06
-1.7958762e-07	-2.1049668e-06
-1.7953374e-07	-2.1095798e-06
-1.8009052e-07	-2.1141959e-06
-1.8059342e-07	-2.118815e-06
-1.8104242e-07	-2.1234375e-06
-1.8091671e-07	-2.1280632e-06
-1.8158124e-07	-2.1326919e-06
-1.8176085e-07	-2.1373237e-06
-1.813298e-07	-2.1419589e-06
-1.8179678e-07	-2.1465971e-06
-1.8150941e-07	-2.1512383e-06
-1.818327e-07	-2.1558828e-06
-1.8251519e-07	-2.1605306e-06
-1.8265888e-07	-2.1651813e-06
-1.8323361e-07	-2.1698352e-06
-1.828744e-07	-2.1744922e-06
-1.8303605e-07	-2.1791525e-06
-1.8325157e-07	-2.1838157e-06
-1.8335935e-07	-2.1884821e-06
-1.8373652e-07	-2.1931517e-06
-1.8361079e-07	-2.1978244e-06
-1.8384428e-07	-2.2025001e-06
-1.8456271e-07	-2.207179e-06
-1.8436513e-07	-2.2118611e-06
-1.8463454e-07	-2.2165461e-06
-1.8486803e-07	-2.2212346e-06
-1.8526316e-07	-2.2259258e-06
-1.8485007e-07	-2.2306203e-06
-1.8486803e-07	-2.2353179e-06
-1.8519133e-07	-2.2400186e-06
-1.8519133e-07	-2.2447223e-06
-1.8567626e-07	-2.2494291e-06
-1.8544277e-07	-2.2541392e-06
-1.8578402e-07	-2.2588522e-06
-1.8596361e-07	-2.2635684e-06
-1.8612526e-07	-2.2682875e-06
-1.8630487e-07	-2.2730098e-06
-1.8626895e-07	-2.2777353e-06
-1.8661021e-07	-2.2824638e-06
-1.8713105e-07	-2.2871955e-06
-1.875262e-07	-2.2919301e-06
-1.8731066e-07	-2.2966676e-06
-1.8766987e-07	-2.3014086e-06
-1.8770579e-07	-2.3061523e-06
-1.8747231e-07	-2.3108994e-06
-1.8792133e-07	-2.3156492e-06
-1.8862178e-07	-2.3204022e-06
-1.8898099e-07	-2.3251584e-06
-1.8903488e-07	-2.3299176e-06
-1.8881936e-07	-2.3346797e-06
-1.8854995e-07	-2.339445e-06
-1.887116e-07	-2.3442135e-06
-1.8890915e-07	-2.3489847e-06
-1.8865771e-07	-2.3537591e-06
-1.8908877e-07	-2.3585367e-06
-1.8928633e-07	-2.3633172e-06
-1.8930429e-07	-2.3681007e-06
-1.8995087e-07	-2.3728874e-06
-1.9032804e-07	-2.377677e-06
-1.9059745e-07	-2.3824696e-06
-1.8993292e-07	-2.3872653e-06
-1.8946594e-07	-2.3920641e-06
-1.8982514e-07	-2.3968657e-06
-1.8993292e-07	-2.4016704e-06
-1.9014843e-07	-2.4064782e-06
-1.9070521e-07	-2.411289e-06
-1.9068725e-07	-2.4161029e-06
-1.9122606e-07	-2.4209196e-06
-1.9151344e-07	-2.4257395e-06
-1.9119015e-07	-2.4305623e-06
-1.9124403e-07	-2.4353883e-06
-1.9149547e-07	-2.440217e-06
-1.9147753e-07	-2.4450489e-06
-1.9088482e-07	-2.4498838e-06
-1.9095665e-07	-2.4547217e-06
-1.9086686e-07	-2.4595627e-06
-1.9147753e-07	-2.4644064e-06
-1.9178285e-07	-2.4692533e-06
-1.9174693e-07	-2.4741032e-06
-1.9201633e-07	-2.478956e-06
-1.9237555e-07	-2.4838118e-06
-1.9216002e-07	-2.4886706e-06
-1.9208818e-07	-2.4935323e-06
-1.9244739e-07	-2.4983972e-06
-1.9268087e-07	-2.5032648e-06
-1.9300417e-07	-2.5081356e-06
-1.9235759e-07	-2.5130091e-06
-1.9275272e-07	-2.5178858e-06
-1.9275272e-07	-2.5227655e-06
-1.9314784e-07	-2.5276481e-06
-1.9361482e-07	-2.5325337e-06
-1.9363279e-07	-2.537422e-06
-1.9304008e-07	-2.5423135e-06
-1.9311193e-07	-2.5472079e-06
-1.9345318e-07	-2.5521053e-06
-1.9359686e-07	-2.5570057e-06
-1.9368666e-07	-2.561909e-06
-1.9363279e-07	-2.5668153e-06
-1.9433324e-07	-2.5717243e-06
-1.9436916e-07	-2.5766365e-06
-1.9490798e-07	-2.5815516e-06
-1.9490798e-07	-2.5864695e-06
-1.9501574e-07	-2.5913905e-06
-1.9483615e-07	-2.5963143e-06
-1.9542884e-07	-2.6012412e-06
-1.9551864e-07	-2.6061709e-06
-1.9585988e-07	-2.6111036e-06
-1.9630892e-07	-2.6160392e-06
-1.9654239e-07	-2.6209777e-06
-1.9607542e-07	-2.625919e-06
-1.9630892e-07	-2.6308635e-06
-1.9618318e-07	-2.6358107e-06
-1.9656035e-07	-2.6407608e-06
-1.968118e-07	-2.6457139e-06
-1.9699141e-07	-2.65067e-06
-1.9666813e-07	-2.6556288e-06
-1.9657831e-07	-2.6605908e-06
-1.9715304e-07	-2.6655555e-06
-1.9700937e-07	-2.6705231e-06
-1.9772779e-07	-2.6754935e-06
-1.9742245e-07	-2.6804669e-06
-1.9808701e-07	-2.6854434e-06
-1.9785352e-07	-2.6904224e-06
-1.9796127e-07	-2.6954046e-06
-1.9808701e-07	-2.7003896e-06
-1.9832048e-07	-2.7053775e-06
-1.9851805e-07	-2.7103683e-06
-1.9884135e-07	-2.7153619e-06
-1.9876951e-07	-2.7203585e-06
-1.9844622e-07	-2.7253579e-06
-1.9779964e-07	-2.7303602e-06
-1.9772779e-07	-2.7353653e-06
-1.978176e-07	-2.7403732e-06
-1.9812293e-07	-2.7453843e-06
-1.9862581e-07	-2.7503979e-06
-1.9866174e-07	-2.7554147e-06
-1.9864378e-07	-2.7604342e-06
-1.9871563e-07	-2.7654564e-06
-1.9866174e-07	-2.7704818e-06
-1.9885931e-07	-2.7755098e-06
-1.9884135e-07	-2.7805409e-06
-1.9939813e-07	-2.7855745e-06
-1.9918259e-07	-2.7906112e-06
-1.990928e-07	-2.7956507e-06
-1.9851805e-07	-2.800693e-06
-1.9844622e-07	-2.8057382e-06
-1.9911076e-07	-2.8107861e-06
-1.9955976e-07	-2.815837e-06
-1.9984714e-07	-2.8208908e-06
-1.9968549e-07	-2.8259474e-06
-1.9955976e-07	-2.8310067e-06
-1.9961365e-07	-2.8360689e-06
-1.9999082e-07	-2.8411339e-06
-2.0015246e-07	-2.8462018e-06
-2.0002675e-07	-2.8512725e-06
-2.0020634e-07	-2.8563461e-06
-2.000447e-07	-2.8614224e-06
-2.0035003e-07	-2.8665015e-06
-2.0051168e-07	-2.8715835e-06
-2.0024227e-07	-2.8766683e-06
-2.0067333e-07	-2.881756e-06
-2.0094274e-07	-2.8868465e-06
-1.9997286e-07	-2.8919396e-06
-1.9871563e-07	-2.8970358e-06
-1.9882339e-07	-2.9021344e-06
-1.9862581e-07	-2.9072362e-06
-1.9855398e-07	-2.9123405e-06
-1.9848214e-07	-2.9174478e-06
-1.9846418e-07	-2.922558e-06
-1.9839233e-07	-2.9276707e-06
-1.9844622e-07	-2.9327864e-06
-1.9853601e-07	-2.9379048e-06
-1.982666e-07	-2.9430262e-06
-1.9819477e-07	-2.94815e-06
-1.9848214e-07	-2.9532769e-06
-1.9776371e-07	-2.9584064e-06
-1.974943e-07	-2.9635389e-06
-1.9690161e-07	-2.9686739e-06
-1.9690161e-07	-2.9738119e-06
-1.9657831e-07	-2.9789526e-06
-1.9699141e-07	-2.984096e-06
-1.9733265e-07	-2.9892424e-06
-1.9731469e-07	-2.9943913e-06
-1.9744041e-07	-2.9995431e-06
-1.9747634e-07	-3.0046976e-06
-1.9618318e-07	-3.0098549e-06
-1.9492595e-07	-3.015015e-06
-1.9462061e-07	-3.0201779e-06
-1.9496186e-07	-3.0253434e-06
-1.9497982e-07	-3.0305118e-06
-1.9474633e-07	-3.035683e-06
-1.9462061e-07	-3.0408569e-06
-1.9474633e-07	-3.0460333e-06
-1.9471041e-07	-3.0512128e-06
-1.9526719e-07	-3.0563949e-06
-1.9483615e-07	-3.0615797e-06
-1.9526719e-07	-3.0667672e-06
-1.9490798e-07	-3.0719575e-06
-1.9427937e-07	-3.0771507e-06
-1.9408179e-07	-3.0823464e-06
-1.9427937e-07	-3.0875451e-06
-1.9433324e-07	-3.0927463e-06
-1.942614e-07	-3.0979502e-06
-1.9438713e-07	-3.103157e-06
-1.9427937e-07	-3.1083664e-06
-1.946745e-07	-3.1135787e-06
-1.9471041e-07	-3.1187935e-06
-1.9411772e-07	-3.1240111e-06
-1.9490798e-07	-3.1292316e-06
-1.9499778e-07	-3.1344546e-06
-1.9510556e-07	-3.1396803e-06
-1.9506963e-07	-3.1449088e-06
-1.9462061e-07	-3.1501402e-06
-1.9480022e-07	-3.1553741e-06
-1.9501574e-07	-3.1606105e-06
-1.9454878e-07	-3.1658499e-06
-1.9463857e-07	-3.171092e-06
-1.9447694e-07	-3.1763366e-06
-1.9471041e-07	-3.1815841e-06
-1.9514147e-07	-3.1868342e-06
-1.9515943e-07	-3.192087e-06
-1.9478226e-07	-3.1973425e-06
-1.9462061e-07	-3.2026007e-06
-1.9489002e-07	-3.2078617e-06
-1.9474633e-07	-3.2131254e-06
-1.9332745e-07	-3.2183916e-06
-1.9327358e-07	-3.2236605e-06
-1.9291436e-07	-3.2289322e-06
-1.9273476e-07	-3.2342066e-06
-1.9336338e-07	-3.2394835e-06
-1.9374055e-07	-3.2447633e-06
-1.9321969e-07	-3.2500457e-06
-1.9343521e-07	-3.2553307e-06
-1.9359686e-07	-3.2606183e-06
-1.9354297e-07	-3.2659086e-06
-1.9352501e-07	-3.2712019e-06
-1.9345318e-07	-3.2764974e-06
-1.9264496e-07	-3.2817959e-06
-1.9259106e-07	-3.2870969e-06
-1.9327358e-07	-3.2924006e-06
-1.9336338e-07	-3.2977071e-06
-1.9334541e-07	-3.303016e-06
-1.9341725e-07	-3.3083277e-06
-1.9343521e-07	-3.3136421e-06
-1.9336338e-07	-3.318959e-06
-1.9312988e-07	-3.3242786e-06
-1.9357891e-07	-3.3296008e-06
-1.9334541e-07	-3.3349259e-06
-1.9347114e-07	-3.3402534e-06
-1.9338134e-07	-3.3455835e-06
-1.9341725e-07	-3.3509164e-06
-1.9329154e-07	-3.3562519e-06
-1.9318377e-07	-3.36159e-06
-1.933095e-07	-3.3669307e-06
-1.9363279e-07	-3.3722743e-06
-1.9334541e-07	-3.3776203e-06
-1.9361482e-07	-3.3829688e-06
-1.934891e-07	-3.3883202e-06
-1.9336338e-07	-3.393674e-06
-1.9341725e-07	-3.3990307e-06
-1.9365075e-07	-3.4043896e-06
-1.9370462e-07	-3.4097516e-06
-1.9341725e-07	-3.415116e-06
-1.9327358e-07	-3.4204829e-06
-1.9368666e-07	-3.4258526e-06
-1.9357891e-07	-3.4312247e-06
-1.9266292e-07	-3.4365996e-06
-1.9287843e-07	-3.441977e-06
-1.9298621e-07	-3.4473571e-06
-1.9269883e-07	-3.4527397e-06
-1.9291436e-07	-3.4581251e-06
-1.9248331e-07	-3.4635129e-06
-1.9264496e-07	-3.4689035e-06
-1.9242943e-07	-3.4742966e-06
-1.9207022e-07	-3.4796922e-06
-1.927168e-07	-3.4850905e-06
-1.9246535e-07	-3.4904913e-06
-1.9278863e-07	-3.4958948e-06
-1.9268087e-07	-3.5013009e-06
-1.9277067e-07	-3.5067096e-06
-1.9259106e-07	-3.5121207e-06
-1.9217798e-07	-3.5175347e-06
-1.9251922e-07	-3.5229509e-06
-1.9291436e-07	-3.5283699e-06
-1.9277067e-07	-3.5337914e-06
-1.9286047e-07	-3.5392156e-06
-1.9318377e-07	-3.5446424e-06
-1.9282456e-07	-3.5500716e-06
-1.9250126e-07	-3.5555036e-06
-1.9244739e-07	-3.5609378e-06
-1.9259106e-07	-3.566375e-06
-1.9255515e-07	-3.5718144e-06
-1.9246535e-07	-3.5772566e-06
-1.928066e-07	-3.5827013e-06
-1.9224981e-07	-3.5881485e-06
-1.9216002e-07	-3.5935984e-06
-1.9246535e-07	-3.5990506e-06
-1.9246535e-07	-3.6045055e-06
-1.9259106e-07	-3.6099632e-06
-1.9255515e-07	-3.6154231e-06
-1.9275272e-07	-3.6208858e-06
-1.9251922e-07	-3.6263509e-06
-1.9266292e-07	-3.6318186e-06
-1.9278863e-07	-3.6372887e-06
-1.9237555e-07	-3.6427616e-06
-1.9284252e-07	-3.6482368e-06
-1.9241146e-07	-3.6537147e-06
-1.9312988e-07	-3.659195e-06
-1.9284252e-07	-3.6646782e-06
-1.9264496e-07	-3.6701636e-06
-1.9226778e-07	-3.6756517e-06
-1.9268087e-07	-3.6811421e-06
-1.9244739e-07	-3.6866352e-06
-1.927168e-07	-3.6921308e-06
-1.928066e-07	-3.6976289e-06
-1.9244739e-07	-3.7031296e-06
-1.9264496e-07	-3.7086327e-06
-1.9257311e-07	-3.7141383e-06
-1.9268087e-07	-3.7196467e-06
-1.9235759e-07	-3.7251573e-06
-1.9262698e-07	-3.7306706e-06
-1.9214205e-07	-3.7361863e-06
-1.922139e-07	-3.7417046e-06
-1.9284252e-07	-3.7472255e-06
-1.9327358e-07	-3.7527489e-06
-1.9277067e-07	-3.7582745e-06
-1.9248331e-07	-3.7638029e-06
-1.9287843e-07	-3.7693337e-06
-1.9277067e-07	-3.7748671e-06
-1.9278863e-07	-3.7804029e-06
-1.9266292e-07	-3.7859411e-06
-1.9255515e-07	-3.791482e-06
-1.9268087e-07	-3.7970253e-06
-1.9264496e-07	-3.8025712e-06
-1.9291436e-07	-3.8081193e-06
-1.9241146e-07	-3.8136702e-06
-1.9255515e-07	-3.8192234e-06
-1.9255515e-07	-3.8247795e-06
-1.9268087e-07	-3.8303374e-06
-1.9264496e-07	-3.8358985e-06
-1.9248331e-07	-3.8414614e-06
-1.9287843e-07	-3.8470271e-06
-1.9255515e-07	-3.8525955e-06
-1.9266292e-07	-3.8581661e-06
-1.9300417e-07	-3.863739e-06
-1.9250126e-07	-3.8693147e-06
-1.9250126e-07	-3.8748931e-06
-1.9275272e-07	-3.8804733e-06
-1.9287843e-07	-3.8860567e-06
-1.9282456e-07	-3.8916419e-06
-1.9287843e-07	-3.8972298e-06
-1.9289639e-07	-3.9028205e-06
-1.9289639e-07	-3.9084134e-06
-1.9268087e-07	-3.9140086e-06
-1.9241146e-07	-3.9196066e-06
-1.9242943e-07	-3.9252068e-06
-1.9259106e-07	-3.9308093e-06
-1.9262698e-07	-3.9364145e-06
-1.9262698e-07	-3.9420224e-06
-1.9277067e-07	-3.9476322e-06
-1.931658e-07	-3.9532447e-06
-1.9296824e-07	-3.9588599e-06
-1.9260902e-07	-3.9644774e-06
-1.9217798e-07	-3.9700972e-06
-1.9266292e-07	-3.9757192e-06
-1.9259106e-07	-3.981344e-06
-1.9282456e-07	-3.986971e-06
-1.9282456e-07	-3.9926008e-06
-1.928066e-07	-3.9982328e-06
-1.9266292e-07	-4.0038672e-06
-1.9233963e-07	-4.0095042e-06
-1.9298621e-07	-4.0151435e-06
-1.9302213e-07	-4.0207856e-06
-1.9284252e-07	-4.0264295e-06
-1.9237555e-07	-4.032076e-06
-1.9269883e-07	-4.0377254e-06
-1.9323765e-07	-4.0433765e-06
-1.9327358e-07	-4.0490304e-06
-1.9304008e-07	-4.054687e-06
-1.9284252e-07	-4.0603454e-06
-1.9251922e-07	-4.0660066e-06
-1.9259106e-07	-4.0716704e-06
-1.9284252e-07	-4.0773361e-06
-1.9268087e-07	-4.0830046e-06
-1.9269883e-07	-4.0886753e-06
-1.9242943e-07	-4.0943487e-06
-1.9214205e-07	-4.1000239e-06
-1.9266292e-07	-4.1057019e-06
-1.9266292e-07	-4.1113826e-06
-1.9320173e-07	-4.1170651e-06
-1.9262698e-07	-4.1227504e-06
-1.9237555e-07	-4.1284379e-06
-1.9264496e-07	-4.1341277e-06
-1.9264496e-07	-4.1398202e-06
-1.9233963e-07	-4.145515e-06
-1.9248331e-07	-4.1512121e-06
-1.9224981e-07	-4.1569115e-06
-1.9318377e-07	-4.1626135e-06
-1.9278863e-07	-4.1683179e-06
-1.9269883e-07	-4.1740245e-06
-1.9257311e-07	-4.1797334e-06
-1.9304008e-07	-4.1854451e-06
-1.9273476e-07	-4.191159e-06
-1.9269883e-07	-4.1968751e-06
-1.9293232e-07	-4.2025936e-06
-1.9284252e-07	-4.2083143e-06
-1.9259106e-07	-4.2140377e-06
-1.9268087e-07	-4.2197635e-06
-1.9264496e-07	-4.2254915e-06
-1.9291436e-07	-4.2312217e-06
-1.9255515e-07	-4.2369547e-06
-1.923037e-07	-4.2426896e-06
-1.9269883e-07	-4.2484271e-06
-1.9237555e-07	-4.2541669e-06
-1.9226778e-07	-4.259909e-06
-1.9241146e-07	-4.2656538e-06
-1.9251922e-07	-4.2714005e-06
-1.9260902e-07	-4.2771499e-06
-1.9233963e-07	-4.2829015e-06
-1.9277067e-07	-4.2886554e-06
-1.9224981e-07	-4.2944116e-06
-1.9251922e-07	-4.3001701e-06
-1.9248331e-07	-4.3059313e-06
-1.9302213e-07	-4.3116943e-06
-1.928066e-07	-4.31746e-06
-1.9278863e-07	-4.323228e-06
-1.9237555e-07	-4.3289983e-06
-1.9233963e-07	-4.3347709e-06
-1.9242943e-07	-4.3405462e-06
-1.9295028e-07	-4.3463233e-06
-1.927168e-07	-4.3521031e-06
-1.9241146e-07	-4.3578848e-06
-1.93076e-07	-4.3636692e-06
-1.9268087e-07	-4.3694558e-06
-1.9282456e-07	-4.3752448e-06
-1.9304008e-07	-4.381036e-06
-1.927168e-07	-4.3868295e-06
-1.9255515e-07	-4.3926252e-06
-1.9260902e-07	-4.3984237e-06
-1.9298621e-07	-4.404224e-06
-1.9278863e-07	-4.410027e-06
-1.9235759e-07	-4.4158319e-06
-1.9262698e-07	-4.4216395e-06
-1.9257311e-07	-4.4274489e-06
-1.9260902e-07	-4.433261e-06
-1.9241146e-07	-4.4390754e-06
-1.9264496e-07	-4.4448921e-06
-1.9286047e-07	-4.450711e-06
-1.9282456e-07	-4.4565322e-06
-1.9251922e-07	-4.4623557e-06
-1.9273476e-07	-4.4681815e-06
-1.9223185e-07	-4.4740095e-06
-1.9259106e-07	-4.4798398e-06
-1.9264496e-07	-4.4856724e-06
-1.9262698e-07	-4.4915073e-06
-1.9233963e-07	-4.4973444e-06
-1.9233963e-07	-4.5031843e-06
-1.9264496e-07	-4.509026e-06
-1.9257311e-07	-4.5148699e-06
-1.9217798e-07	-4.5207162e-06
-1.9251922e-07	-4.5265647e-06
-1.9241146e-07	-4.5324159e-06
-1.9214205e-07	-4.538269e-06
-1.9208818e-07	-4.5441243e-06
-1.923037e-07	-4.5499819e-06
-1.9264496e-07	-4.5558418e-06
-1.927168e-07	-4.5617039e-06
-1.927168e-07	-4.5675683e-06
-1.93076e-07	-4.573435e-06
-1.931658e-07	-4.579304e-06
-1.9287843e-07	-4.5851752e-06
-1.9259106e-07	-4.5910488e-06
-1.9232166e-07	-4.5969246e-06
-1.9269883e-07	-4.6028026e-06
-1.928066e-07	-4.6086825e-06
-1.9237555e-07	-4.6145651e-06
-1.9226778e-07	-4.62045e-06
-1.9277067e-07	-4.6263367e-06
-1.9260902e-07	-4.6322261e-06
-1.9311193e-07	-4.6381174e-06
-1.9253719e-07	-4.6440109e-06
-1.9264496e-07	-4.6499067e-06
-1.9264496e-07	-4.6558048e-06
-1.9269883e-07	-4.6617051e-06
-1.9264496e-07	-4.6676078e-06
-1.9291436e-07	-4.6735126e-06
-1.9262698e-07	-4.6794198e-06
-1.9282456e-07	-4.6853288e-06
-1.9260902e-07	-4.6912401e-06
-1.9260902e-07	-4.6971541e-06
-1.9226778e-07	-4.7030699e-06
-1.9260902e-07	-4.7089879e-06
-1.9250126e-07	-4.7149083e-06
-1.9223185e-07	-4.7208305e-06
-1.9275272e-07	-4.7267554e-06
-1.9260902e-07	-4.7326821e-06
-1.9275272e-07	-4.7386116e-06
-1.9251922e-07	-4.7445428e-06
-1.9266292e-07	-4.7504764e-06
-1.9264496e-07	-4.7564122e-06
-1.9277067e-07	-4.7623498e-06
-1.928066e-07	-4.7682902e-06
-1.9266292e-07	-4.7742324e-06
-1.9291436e-07	-4.7801768e-06
-1.9226778e-07	-4.7861236e-06
-1.928066e-07	-4.7920721e-06
-1.9241146e-07	-4.7980234e-06
-1.9269883e-07	-4.8039765e-06
-1.9273476e-07	-4.8099319e-06
-1.9250126e-07	-4.8158895e-06
-1.9287843e-07	-4.821849e-06
-1.9305804e-07	-4.8278112e-06
-1.9278863e-07	-4.8337752e-06
-1.9228574e-07	-4.8397415e-06
-1.9275272e-07	-4.8457096e-06
-1.9246535e-07	-4.8516804e-06
-1.9264496e-07	-4.857653e-06
-1.9286047e-07	-4.863628e-06
-1.9210614e-07	-4.8696052e-06
-1.9226778e-07	-4.8755842e-06
-1.9242943e-07	-4.8815655e-06
-1.9295028e-07	-4.887549e-06
-1.9257311e-07	-4.8935349e-06
-1.9237555e-07	-4.8995225e-06
-1.9214205e-07	-4.9055125e-06
-1.923037e-07	-4.9115047e-06
-1.9242943e-07	-4.9174987e-06
-1.9302213e-07	-4.923495e-06
-1.9251922e-07	-4.9294936e-06
-1.9257311e-07	-4.935494e-06
-1.9284252e-07	-4.9414971e-06
-1.9318377e-07	-4.9475016e-06
-1.9232166e-07	-4.9535088e-06
-1.923037e-07	-4.9595178e-06
-1.9286047e-07	-4.9655291e-06
-1.9284252e-07	-4.9715427e-06
-1.9273476e-07	-4.9775581e-06
-1.927168e-07	-4.9835758e-06
-1.9278863e-07	-4.9895953e-06
-1.9259106e-07	-4.995617e-06
-1.9246535e-07	-5.0016411e-06
-1.9266292e-07	-5.0076669e-06
-1.9293232e-07	-5.013695e-06
-1.9291436e-07	-5.0197254e-06
-1.9217798e-07	-5.0257577e-06
-1.9264496e-07	-5.0317922e-06
-1.928066e-07	-5.0378289e-06
-1.933095e-07	-5.0438675e-06
-1.9314784e-07	-5.0499079e-06
-1.9278863e-07	-5.0559511e-06
-1.9278863e-07	-5.061996e-06
-1.9295028e-07	-5.0680428e-06
-1.9291436e-07	-5.0740919e-06
-1.9253719e-07	-5.0801432e-06
-1.9259106e-07	-5.0861963e-06
-1.9255515e-07	-5.0922513e-06
-1.9246535e-07	-5.098309e-06
-1.9309397e-07	-5.104368e-06
-1.9275272e-07	-5.1104298e-06
-1.9284252e-07	-5.116493e-06
-1.9282456e-07	-5.1225588e-06
-1.9244739e-07	-5.1286265e-06
-1.927168e-07	-5.134696e-06
-1.9295028e-07	-5.1407678e-06
-1.9262698e-07	-5.1468419e-06
-1.9217798e-07	-5.1529178e-06
-1.9251922e-07	-5.1589955e-06
-1.9305804e-07	-5.1650754e-06
-1.933095e-07	-5.1711572e-06
-1.9277067e-07	-5.1772413e-06
-1.9226778e-07	-5.1833276e-06
-1.9239351e-07	-5.1894158e-06
-1.9244739e-07	-5.1955058e-06
-1.9244739e-07	-5.201598e-06
-1.9237555e-07	-5.2076921e-06
-1.927168e-07	-5.2137884e-06
-1.9273476e-07	-5.2198866e-06
-1.9286047e-07	-5.225987e-06
-1.9268087e-07	-5.2320893e-06
-1.9269883e-07	-5.2381934e-06
-1.9257311e-07	-5.2442997e-06
-1.9275272e-07	-5.2504079e-06
-1.9251922e-07	-5.2565183e-06
-1.9259106e-07	-5.2626306e-06
-1.9255515e-07	-5.2687446e-06
-1.9246535e-07	-5.274861e-06
-1.9259106e-07	-5.2809796e-06
-1.9269883e-07	-5.2870996e-06
-1.9264496e-07	-5.2932219e-06
-1.9284252e-07	-5.2993464e-06
-1.9282456e-07	-5.3054723e-06
-1.9244739e-07	-5.3116005e-06
-1.9257311e-07	-5.3177309e-06
-1.9262698e-07	-5.3238632e-06
-1.9262698e-07	-5.3299973e-06
-1.9219594e-07	-5.3361332e-06
-1.9237555e-07	-5.3422714e-06
-1.9259106e-07	-5.3484114e-06
-1.9255515e-07	-5.3545537e-06
-1.9296824e-07	-5.3606973e-06
-1.93076e-07	-5.3668432e-06
-1.93076e-07	-5.3729914e-06
-1.9314784e-07	-5.3791409e-06
-1.9309397e-07	-5.3852928e-06
-1.9314784e-07	-5.3914464e-06
-1.928066e-07	-5.3976023e-06
-1.927168e-07	-5.40376e-06
-1.9286047e-07	-5.4099196e-06
-1.9260902e-07	-5.416081e-06
-1.9275272e-07	-5.4222442e-06
-1.9251922e-07	-5.4284096e-06
-1.9287843e-07	-5.4345769e-06
-1.9277067e-07	-5.440746e-06
-1.9278863e-07	-5.4469169e-06
-1.928066e-07	-5.4530901e-06
-1.9266292e-07	-5.4592651e-06
-1.9284252e-07	-5.465442e-06
-1.9268087e-07	-5.4716206e-06
-1.9262698e-07	-5.4778011e-06
-1.9305804e-07	-5.4839838e-06
-1.9295028e-07	-5.4901684e-06
-1.9246535e-07	-5.4963548e-06
-1.9293232e-07	-5.502543e-06
-1.927168e-07	-5.508733e-06
-1.9262698e-07	-5.5149249e-06
-1.9269883e-07	-5.521119e-06
-1.9264496e-07	-5.5273144e-06
-1.9269883e-07	-5.5335122e-06
-1.9278863e-07	-5.5397118e-06
-1.923037e-07	-5.5459132e-06
-1.9282456e-07	-5.5521164e-06
-1.9255515e-07	-5.5583214e-06
-1.928066e-07	-5.5645287e-06
-1.9246535e-07	-5.5707374e-06
-1.9235759e-07	-5.5769478e-06
-1.922139e-07	-5.5831606e-06
-1.9217798e-07	-5.5893747e-06
-1.9196244e-07	-5.5955911e-06
-1.9269883e-07	-5.6018093e-06
-1.9260902e-07	-5.6080294e-06
-1.9282456e-07	-5.6142508e-06
-1.9311193e-07	-5.6204744e-06
-1.9295028e-07	-5.6266999e-06
-1.9289639e-07	-5.6329272e-06
-1.9289639e-07	-5.6391564e-06
-1.9275272e-07	-5.6453869e-06
-1.9278863e-07	-5.6516196e-06
-1.9273476e-07	-5.6578542e-06
-1.9257311e-07	-5.6640906e-06
-1.9282456e-07	-5.6703288e-06
-1.9253719e-07	-5.6765684e-06
-1.928066e-07	-5.6828103e-06
-1.9246535e-07	-5.689054e-06
-1.9250126e-07	-5.695299e-06
-1.9260902e-07	-5.7015463e-06
-1.9269883e-07	-5.707795e-06
-1.9235759e-07	-5.7140455e-06
-1.9291436e-07	-5.7202983e-06
-1.9264496e-07	-5.7265524e-06
-1.9260902e-07	-5.7328084e-06
-1.9262698e-07	-5.7390662e-06
-1.9269883e-07	-5.7453253e-06
-1.927168e-07	-5.7515867e-06
-1.927168e-07	-5.75785e-06
-1.9286047e-07	-5.7641146e-06
-1.9282456e-07	-5.770381e-06
-1.9287843e-07	-5.7766492e-06
-1.9275272e-07	-5.7829193e-06
-1.9264496e-07	-5.7891912e-06
-1.9262698e-07	-5.7954644e-06
-1.9269883e-07	-5.8017399e-06
-1.9264496e-07	-5.8080168e-06
-1.9269883e-07	-5.8142955e-06
-1.9235759e-07	-5.8205756e-06
-1.9241146e-07	-5.8268579e-06
-1.928066e-07	-5.8331416e-06
-1.9268087e-07	-5.8394271e-06
-1.9291436e-07	-5.8457144e-06
-1.9298621e-07	-5.8520031e-06
-1.9291436e-07	-5.8582941e-06
-1.9224981e-07	-5.864586e-06
-1.9237555e-07	-5.8708802e-06
-1.9266292e-07	-5.8771757e-06
-1.9293232e-07	-5.8834735e-06
-1.9269883e-07	-5.8897722e-06
-1.9233963e-07	-5.8960732e-06
-1.9277067e-07	-5.9023755e-06
-1.9253719e-07	-5.9086797e-06
-1.928066e-07	-5.9149852e-06
-1.9282456e-07	-5.9212925e-06
-1.9237555e-07	-5.9276017e-06
-1.9262698e-07	-5.9339122e-06
-1.9257311e-07	-5.9402246e-06
-1.9246535e-07	-5.9465387e-06
-1.9259106e-07	-5.9528543e-06
-1.9233963e-07	-5.9591716e-06
-1.9269883e-07	-5.9654903e-06
-1.9266292e-07	-5.9718109e-06
-1.9298621e-07	-5.9781328e-06
-1.9300417e-07	-5.9844565e-06
-1.9241146e-07	-5.990782e-06
-1.9233963e-07	-5.9971089e-06
-1.9228574e-07	-6.0034376e-06
-1.9291436e-07	-6.0097677e-06
-1.9278863e-07	-6.0160996e-06
-1.93076e-07	-6.0224329e-06
-1.9287843e-07	-6.0287675e-06
-1.9287843e-07	-6.0351044e-06
-1.9275272e-07	-6.0414422e-06
-1.9293232e-07	-6.0477819e-06
-1.9291436e-07	-6.0541233e-06
-1.9268087e-07	-6.0604661e-06
-1.9241146e-07	-6.0668103e-06
-1.9264496e-07	-6.0731563e-06
-1.9250126e-07	-6.0795037e-06
-1.923037e-07	-6.0858529e-06
-1.9248331e-07	-6.0922034e-06
-1.9289639e-07	-6.0985558e-06
-1.9277067e-07	-6.1049091e-06
-1.9314784e-07	-6.1112646e-06
-1.9239351e-07	-6.1176211e-06
-1.9260902e-07	-6.1239793e-06
-1.9264496e-07	-6.130339e-06
-1.9262698e-07	-6.1367004e-06
-1.9312988e-07	-6.1430633e-06
-1.9289639e-07	-6.1494275e-06
-1.9244739e-07	-6.155793e-06
-1.9300417e-07	-6.1621604e-06
-1.9266292e-07	-6.1685291e-06
-1.9260902e-07	-6.1748997e-06
-1.9248331e-07	-6.1812711e-06
-1.9251922e-07	-6.1876444e-06
-1.9239351e-07	-6.1940191e-06
-1.927168e-07	-6.2003951e-06
-1.9323765e-07	-6.2067729e-06
-1.9323765e-07	-6.2067729e-06
-1.9323765e-07	-6.2067729e-06
-1.9323765e-07	-6.2067729e-06
-1.9323765e-07	-6.2067729e-06
-1.9323765e-07	-6.2067729e-06
-1.9323765e-07	-6.2067729e-06
-1.9323765e-07	-6.2067729e-06
-1.9323765e-07	-6.2067729e-06
-1.9323765e-07	-6.2067729e-06
-1.9323765e-07	-6.2067729e-06
-1.9323765e-07	-6.2067729e-06
-1.9323765e-07	-6.2067729e-06
-1.9323765e-07	-6.2067729e-06
-1.9323765e-07	-6.2067729e-06
-1.9323765e-07	-6.2067729e-06
-1.9323765e-07	-6.2067729e-06