Sample%SampleName
10000%MaxDepth
1%step_size_nm
40%StiffnessPRC_nN_per_nm
102%PRC_ADCValue_per_nm
1500%TriggerForce_nN
10000%LoopDelay_uS
%
%
%
8500.0000003%XL
6500.0000003%YL

8724.99947826032	48060	105071	
8725.99948195833	48064	105082	
8726.99948067656	48076	105094	
8727.99947939479	48048	105105	
8728.99947811302	48048	105116	
8729.99948181103	48012	105128	
8730.99948052926	48076	105139	
8731.99947924749	48016	105150	
8732.99947796572	48028	105161	
8733.99948166372	48060	105173	
8734.99948038196	48044	105184	
8735.99947910019	48044	105195	
8736.99947781842	48028	105207	
8737.99948151642	47996	105218	
8738.99948023465	48028	105229	
8739.99947895288	48060	105240	
8740.99947767111	48060	105252	
8741.99948136912	48032	105263	
8742.99948008735	48012	105274	
8743.99947880558	48028	105285	
8744.99947752381	48044	105297	
8745.99948122182	48012	105308	
8746.99947994005	48028	105319	
8747.99947865828	48044	105331	
8748.99947737651	48064	105342	
8749.99948107451	48028	105353	
8750.99947979274	48064	105364	
8751.99947851098	48016	105376	
8752.99947722921	48032	105387	
8753.99948092721	48016	105398	
8754.99947964544	48012	105409	
8755.99947836367	48076	105421	
8756.99948206168	48076	105432	
8757.99948077991	48064	105443	
8758.99947949814	48032	105455	
8759.99947821637	48016	105466	
8760.99948191438	48032	105477	
8761.99948063261	48044	105488	
8762.99947935084	48016	105500	
8763.99947806907	48032	105511	
8764.99948176707	48032	105522	
8765.99948048531	48044	105533	
8766.99947920353	48016	105545	
8767.99947792177	48044	105556	
8768.99948161977	48048	105567	
8769.999480338	47980	105579	
8770.99947905623	48028	105590	
8771.99947777446	48016	105601	
8772.99947649269	47996	105612	
8773.99947521092	48032	105624	
8774.99947392915	48032	105635	
8775.99947264739	48064	105646	
8776.99947634539	48044	105657	
8777.99947506362	48012	105669	
8778.99947378185	48028	105680	
8779.99947250008	48048	105691	
8780.99947619809	48028	105703	
8781.99947491632	48012	105714	
8782.99947363455	48048	105725	
8783.99947235278	47984	105736	
8784.99947605079	48048	105748	
8785.99947476902	48044	105759	
8786.99947348725	48048	105770	
8787.99947220548	48044	105781	
8788.99947590348	48044	105793	
8789.99947462171	48032	105804	
8790.99947333994	48060	105815	
8791.99947703795	48044	105827	
8792.99947575618	48048	105838	
8793.99947447441	48048	105849	
8794.99947319264	48044	105860	
8796.99947560888	48048	105883	
8797.99947432711	48032	105894	
8798.99947304534	47968	105905	
8799.99947674335	48012	105917	
8800.99947546157	48012	105928	
8801.99947417981	48028	105939	
8802.99947289804	48032	105951	
8803.99947659604	48012	105962	
8804.99947531427	48028	105973	
8805.9994740325	48028	105984	
8806.99947275073	48044	105996	
8807.99947644874	48044	106007	
8808.99947516697	48048	106018	
8809.9994738852	48012	106029	
8810.99947260343	48012	106041	
8811.99947630144	48032	106052	
8812.99947501967	48048	106063	
8813.9994737379	48028	106075	
8814.99947245613	48016	106086	
8815.99947615413	48032	106097	
8816.99947487237	48028	106108	
8817.99947359059	48000	106120	
8818.99947230883	48032	106131	
8819.99947600683	48044	106142	
8820.99947472506	48044	106153	
8821.99947344329	48012	106165	
8822.99947216152	48032	106176	
8823.99947585953	48044	106187	
8824.99947457776	48016	106199	
8825.99947329599	48028	106210	
8826.999476994	48032	106221	
8827.99947571223	48032	106232	
8828.99947443046	48044	106244	
8829.99947314869	48080	106255	
8830.99947684669	48044	106266	
8831.99947556492	48060	106277	
8832.99947428316	48044	106289	
8833.99947300139	48032	106300	
8834.99947669939	48016	106311	
8835.99947541762	48044	106323	
8836.99947413585	48044	106334	
8837.99947285408	48044	106345	
8838.99947655209	48032	106356	
8839.99947527032	48032	106368	
8840.99947398855	48016	106379	
8841.99947270678	48028	106390	
8842.99947640479	48028	106401	
8843.99947512302	48016	106413	
8844.99947384125	48060	106424	
8845.99947255948	48028	106435	
8846.99947625748	48000	106447	
8847.99947497571	48028	106458	
8848.99947369394	48028	106469	
8849.99947241218	48016	106480	
8850.99947611018	48012	106492	
8851.99947482841	48032	106503	
8852.99947354664	48016	106514	
8853.99947226487	48032	106525	
8854.99947596288	48060	106537	
8855.99946970133	48028	106548	
8856.99946841956	48076	106559	
8857.99947211757	48048	106571	
8858.9994708358	48028	106582	
8859.99946955403	48028	106593	
8860.99946827226	48012	106604	
8861.99947197027	48064	106616	
8862.9994706885	48032	106627	
8863.99946940673	48028	106638	
8864.99946812496	48028	106649	
8865.99947182296	48028	106661	
8866.9994705412	48060	106672	
8867.99946925943	48012	106683	
8868.99946797766	48000	106695	
8869.99947167566	48028	106706	
8870.99947039389	47996	106717	
8871.99946911212	48028	106728	
8872.99946783035	48028	106740	
8873.99947152836	48028	106751	
8874.99947024659	48044	106762	
8875.99946896482	48048	106773	
8876.99946768305	48044	106785	
8877.99947138106	48028	106796	
8878.99947009929	48060	106807	
8879.99946881752	48064	106819	
8880.99946753575	48044	106830	
8881.99947123375	48048	106841	
8882.99946995198	48016	106852	
8883.99946867022	48060	106864	
8884.99946738845	48044	106875	
8885.99947108645	48044	106886	
8886.99946980468	48060	106897	
8887.99946852291	48012	106909	
8888.99946724114	48048	106920	
8889.99947093915	48016	106931	
8890.99946965738	48032	106943	
8891.99946837561	48016	106954	
8892.99947207362	48028	106965	
8893.99947079185	48060	106976	
8894.99946951008	48016	106988	
8896.99947192631	48028	107010	
8898.99946936277	48012	107033	
8900.99947177901	48032	107055	
8902.99946921547	48076	107078	
8904.99947163171	48032	107100	
8906.99946906817	48044	107123	
8908.99947148441	48048	107145	
8910.99946892087	48060	107168	
8912.9994713371	48048	107191	
8914.99946877357	48032	107213	
8916.9994711898	48044	107236	
8918.99946862626	48048	107258	
8920.9994710425	48048	107281	
8922.99946847896	48064	107303	
8924.9994708952	48032	107326	
8926.99946833166	48044	107348	
8928.99947074789	48064	107371	
8930.99946818435	48048	107393	
8932.99947060059	48000	107416	
8934.99946803705	48060	107438	
8936.99947045329	48016	107461	
8938.99946788975	48016	107484	
8940.99946532621	48044	107506	
8942.99946276267	48028	107529	
8944.99946517891	48048	107551	
8946.99946261537	48048	107574	
8948.99946503161	48064	107596	
8950.99946246807	48016	107619	
8952.9994648843	48048	107641	
8954.99946232076	48016	107664	
8956.999464737	48048	107686	
8957.99946345523	48016	107698	
8959.99946587147	48016	107720	
8960.9994645897	48044	107732	
8961.99946330793	48060	107743	
8962.99946700593	48044	107754	
8963.99946572416	48048	107765	
8964.9994644424	48032	107777	
8965.99946316063	48000	107788	
8966.99946685863	48048	107799	
8967.99946557686	48064	107810	
8968.99946429509	48028	107822	
8969.99946301332	48028	107833	
8970.99946671133	48048	107844	
8971.99946542956	48016	107855	
8972.99946414779	48048	107867	
8973.99946286602	48012	107878	
8974.99946656403	48044	107889	
8975.99946528226	48080	107901	
8976.99946400049	48012	107912	
8977.99946271872	48060	107923	
8978.99946641672	47996	107934	
8979.99946513495	48016	107946	
8980.99946385318	47980	107957	
8981.99946257142	48012	107968	
8982.99946626942	48016	107979	
8983.99946498765	48048	107991	
8984.99946370588	48032	108002	
8985.99946242411	48028	108013	
8986.99946612212	48028	108025	
8987.99946484035	48060	108036	
8988.99946355858	48044	108047	
8989.99946227681	48044	108058	
8990.99946597482	48016	108070	
8991.99946469305	48060	108081	
8992.99946341128	48044	108092	
8993.99946710928	48028	108103	
8994.99946582751	48028	108115	
8995.99946454574	48060	108126	
8996.99946326397	48060	108137	
8997.99946696198	48028	108149	
8998.99946568021	48048	108160	
8999.99946439844	48044	108171	
9000.99946311667	48032	108182	
9001.99946681468	48000	108194	
9002.99946553291	48044	108205	
9003.99946425114	48012	108216	
9004.99946296937	48012	108227	
9005.99946666738	48012	108239	
9006.99946538561	48012	108250	
9007.99946410384	48044	108261	
9008.99946282207	48012	108272	
9009.99946652007	48048	108284	
9010.9994652383	48048	108295	
9011.99946395653	48012	108306	
9012.99946267476	48012	108318	
9013.99946637277	48044	108329	
9014.999465091	48016	108340	
9015.99946380923	48032	108351	
9016.99946252746	48060	108363	
9017.99946622547	48016	108374	
9018.9994649437	48028	108385	
9019.99946366193	48016	108396	
9020.99946238016	48064	108408	
9021.99946607816	48032	108419	
9022.9994647964	48000	108430	
9023.99945853485	48064	108442	
9024.99945725308	48044	108453	
9025.99946095109	48048	108464	
9026.99945966932	47996	108475	
9027.99945838755	48048	108487	
9028.99946208555	48028	108498	
9029.99946080379	48016	108509	
9030.99945952201	48028	108520	
9031.99945824025	48016	108532	
9032.99946193825	48016	108543	
9033.99946065648	48032	108554	
9034.99945937471	48016	108566	
9035.99945809294	48016	108577	
9036.99946179095	48028	108588	
9037.99946050918	48044	108599	
9038.99945922741	48012	108611	
9039.99945794564	48032	108622	
9040.99946164365	48060	108633	
9041.99946036188	48012	108644	
9042.99945908011	48012	108656	
9043.99945779834	48048	108667	
9044.99946149634	48048	108678	
9045.99946021457	48060	108689	
9046.99945893281	48028	108701	
9047.99945765103	48044	108712	
9048.99946134904	48016	108723	
9049.99946006727	48048	108735	
9050.9994587855	48048	108746	
9051.99945750373	47984	108757	
9052.99946120174	48028	108768	
9053.99945991997	48044	108780	
9054.9994586382	48044	108791	
9055.99945735643	48032	108802	
9056.99946105444	48012	108813	
9057.99945977267	48064	108825	
9058.9994584909	48012	108836	
9059.99945720913	48060	108847	
9060.99946090713	48064	108859	
9061.99945962536	48048	108870	
9062.99945834359	48016	108881	
9063.9994620416	47996	108892	
9064.99946075983	48064	108904	
9065.99945947806	48048	108915	
9066.99945819629	48016	108926	
9067.9994618943	48016	108937	
9068.99946061253	47996	108949	
9069.99945933076	48048	108960	
9070.99945804899	48016	108971	
9071.99946174699	48032	108982	
9072.99946046523	48048	108994	
9073.99945918346	48076	109005	
9074.99945790169	48044	109016	
9075.99946159969	48044	109028	
9076.99946031792	48028	109039	
9077.99945903615	48044	109050	
9078.99945775438	48000	109061	
9079.99946145239	48032	109073	
9080.99946017062	48044	109084	
9081.99945888885	48044	109095	
9082.99945760708	48060	109106	
9083.99946130509	48012	109118	
9084.99946002332	48048	109129	
9085.99945874155	48044	109140	
9086.99945745978	48028	109152	
9087.99946115779	48044	109163	
9088.99945987602	48032	109174	
9089.99945859425	48044	109185	
9090.99945731248	48016	109197	
9091.99946101048	48060	109208	
9092.99945972871	48060	109219	
9093.99945844694	48012	109230	
9094.99946214495	48060	109242	
9095.99946086318	48060	109253	
9096.99945958141	48032	109264	
9097.99945829964	48028	109275	
9098.99946199765	48060	109287	
9099.99946071588	48032	109298	
9100.99945943411	48044	109309	
9101.99945815234	48032	109321	
9102.99946185034	48076	109332	
9103.99946056858	48048	109343	
9104.99945928681	48044	109354	
9105.99945800504	48028	109366	
9106.99945672327	48060	109377	
9107.9994554415	48080	109388	
9108.99945415973	48032	109399	
9109.99945287796	48060	109411	
9110.99945657596	48028	109422	
9111.99945529419	48060	109433	
9112.99945401242	48044	109445	
9113.99945273066	48032	109456	
9114.99945642866	48032	109467	
9115.99945514689	48044	109478	
9116.99945386512	48060	109490	
9117.99945258335	48032	109501	
9118.99945628136	48012	109512	
9119.99945499959	47984	109523	
9120.99945371782	48044	109535	
9121.99945243605	48044	109546	
9122.99945613406	48060	109557	
9123.99945485229	48000	109568	
9124.99945357052	48048	109580	
9125.99945228875	48028	109591	
9126.99945598675	48044	109602	
9127.99945470498	47996	109614	
9128.99945342321	48048	109625	
9129.99945712122	48048	109636	
9130.99945583945	48016	109647	
9131.99945455768	48028	109659	
9132.99945327591	48000	109670	
9133.99945697392	48016	109681	
9134.99945569215	48064	109692	
9135.99945441038	48028	109704	
9136.99945312861	48032	109715	
9137.99945682662	48016	109726	
9138.99945554484	48048	109737	
9139.99945426308	48032	109749	
9140.99945298131	47984	109760	
9141.99945667931	48028	109771	
9142.99945539754	48080	109783	
9143.99945411577	48064	109794	
9144.999452834	48016	109805	
9145.99945653201	48016	109816	
9146.99945525024	48028	109828	
9147.99945396847	48044	109839	
9148.9994526867	48032	109850	
9149.99945638471	48028	109861	
9150.99945510294	48044	109873	
9151.99945382117	48028	109884	
9152.9994525394	48076	109895	
9153.99945623741	48044	109907	
9154.99945495564	48060	109918	
9155.99945367387	48028	109929	
9156.9994523921	48016	109940	
9157.9994560901	48044	109952	
9158.99945480833	48028	109963	
9159.99945352656	48048	109974	
9160.99945224479	48048	109985	
9161.9994559428	48044	109997	
9162.99945466103	48028	110008	
9163.99945337926	48032	110019	
9164.99945707727	48044	110030	
9165.9994557955	48016	110042	
9166.99945451373	48032	110053	
9167.99945323196	48012	110064	
9168.99945692997	48032	110076	
9169.99945564819	48028	110087	
9170.99945436643	48016	110098	
9171.99945308466	48016	110109	
9173.99945550089	48028	110132	
9174.99945421912	48000	110143	
9175.99945293735	48000	110154	
9176.99945663536	48064	110166	
9177.99945535359	48012	110177	
9178.99945407182	48012	110188	
9179.99945279005	48016	110199	
9180.99945648806	48012	110211	
9181.99945520629	47996	110222	
9182.99945392452	48028	110233	
9183.99945264275	48012	110245	
9184.99945634075	48032	110256	
9185.99945505898	48028	110267	
9186.99945377721	47996	110278	
9187.99945249545	48032	110290	
9188.99945619345	48048	110301	
9189.99945491168	48048	110312	
9190.99944865014	48064	110323	
9191.99944736837	48000	110335	
9192.99945106637	48044	110346	
9193.9994497846	48028	110357	
9194.99944850283	48016	110369	
9195.99945220084	48012	110380	
9196.99945091907	48000	110391	
9197.9994496373	48032	110402	
9198.99944835553	48028	110414	
9199.99945205354	48012	110425	
9200.99945077177	48028	110436	
9201.99944949	48044	110447	
9202.99944820823	48016	110459	
9203.99945190623	48032	110470	
9204.99945062447	48028	110481	
9205.9994493427	48016	110492	
9206.99944806093	48076	110504	
9207.99945175893	48028	110515	
9208.99945047716	48012	110526	
9209.99944919539	48012	110538	
9210.99944791362	48028	110549	
9211.99945161163	48000	110560	
9212.99945032986	48044	110571	
9213.99944904809	48044	110583	
9214.99944776632	48028	110594	
9215.99945146433	48048	110605	
9216.99945018256	48032	110616	
9217.99944890079	48060	110628	
9218.99944761902	48048	110639	
9219.99945131702	47996	110650	
9220.99945003526	48048	110661	
9221.99944875349	48012	110673	
9222.99944747172	48028	110684	
9223.99945116972	48000	110695	
9224.99944988795	48028	110707	
9225.99944860618	48016	110718	
9226.99944732441	48012	110729	
9227.99945102242	48012	110740	
9228.99944974065	48000	110752	
9229.99944845888	48028	110763	
9230.99945215689	47964	110774	
9231.99945087512	48028	110785	
9232.99944959335	48012	110797	
9233.99944831158	48060	110808	
9234.99945200958	48028	110819	
9235.99945072782	48000	110830	
9236.99944944604	48044	110842	
9237.99944816428	48012	110853	
9238.99945186228	48032	110864	
9239.99945058051	48032	110876	
9240.99944929874	48044	110887	
9241.99944801697	48016	110898	
9242.99945171498	48048	110909	
9243.99945043321	48028	110921	
9252.99944885684	48044	111022	
9253.99944757506	47968	111033	
9254.99945127307	48028	111045	
9255.9994499913	48028	111056	
9256.99944870953	48016	111067	
9257.99944742776	48032	111078	
9258.99945112577	48032	111090	
9259.999449844	48028	111101	
9260.99944856223	48028	111112	
9261.99944728046	48028	111123	
9262.99945097847	48060	111135	
9263.9994496967	48048	111146	
9264.99944841493	48032	111157	
9265.99945211293	48016	111168	
9266.99945083116	48000	111180	
9267.99944954939	48048	111191	
9268.99944826762	48060	111202	
9269.99945196563	48044	111214	
9270.99945068386	48060	111225	
9271.99944940209	48012	111236	
9272.99944812032	48000	111247	
9273.99944683855	48028	111259	
9274.99944555678	48016	111270	
9275.99944427501	48032	111281	
9276.99944299324	48016	111292	
9277.99944669125	48012	111304	
9278.99944540948	48048	111315	
9279.99944412771	48048	111326	
9280.99944284594	48028	111337	
9281.99944654395	48016	111349	
9284.99944269864	48028	111383	
9286.99944511488	48016	111405	
9288.99944255134	48016	111428	
9290.99944496757	47996	111450	
9292.99944240403	48044	111473	
9294.99944482027	48032	111495	
9296.99944723651	48032	111518	
9298.99944467297	48016	111540	
9300.9994470892	48032	111563	
9302.99944452567	48044	111585	
9304.9994469419	48016	111608	
9306.99944437836	48016	111630	
9308.9994467946	48044	111653	
9310.99944423106	48044	111675	
9312.9994466473	48012	111698	
9314.99944408376	48076	111721	
9316.99944649999	47984	111743	
9318.99944393645	48028	111766	
9320.99944635269	48028	111788	
9322.99944378915	48060	111811	
9324.99944620539	48028	111833	
9326.99944364185	47968	111856	
9328.99944605809	48032	111878	
9330.99944349455	48032	111901	
9332.99944591078	48032	111923	
9334.99944334724	48016	111946	
9336.99944576348	48028	111968	
9338.99944319994	48044	111991	
9340.99944561618	48012	112013	
9342.99944305264	48028	112036	
9344.99944546888	48060	112059	
9346.99944290534	48028	112081	
9348.99944532157	48028	112104	
9350.99944275804	48032	112126	
9352.99944517427	48016	112149	
9354.99944261073	48016	112171	
9356.99944502697	48000	112194	
9357.99943876542	48000	112205	
9358.99943748365	48000	112216	
9359.99944118166	48032	112228	
9360.99943989989	48000	112239	
9361.99943861812	47984	112250	
9362.99943733635	48000	112261	
9363.99944103436	47996	112273	
9364.99943975259	47996	112284	
9365.99943847082	48000	112295	
9366.99944216882	48016	112306	
9369.99943832352	47996	112340	
9371.99944073975	47996	112363	
9373.99943817621	48016	112385	
9375.99944059245	47996	112408	
9377.99943802891	48028	112430	
9379.99944044515	48016	112453	
9381.99943788161	48028	112475	
9383.99944029784	48000	112498	
9385.9994377343	47952	112520	
9387.99944015054	48000	112543	
9389.999437587	48016	112566	
9391.99944000324	48012	112588	
9393.9994374397	48000	112611	
9395.99943985594	48032	112633	
9397.9994372924	48012	112656	
9399.99943970863	48032	112678	
9401.99944212487	48000	112701	
9403.99943956133	48032	112723	
9405.99944197757	47996	112746	
9407.99943941403	48032	112768	
9409.99944183026	48012	112791	
9411.99943926673	48012	112813	
9413.99944168296	48012	112836	
9415.99943911942	48016	112858	
9417.99944153566	48012	112881	
9419.99943897212	48028	112903	
9421.99944138836	48032	112926	
9423.99943882482	48028	112949	
9425.99944124106	48048	112971	
9427.99943867752	48028	112994	
9429.99944109375	48016	113016	
9431.99943853021	47980	113039	
9433.99944094645	48012	113061	
9435.99943838291	48016	113084	
9437.99944079915	48012	113106	
9439.99943823561	48000	113129	
9441.99943567207	47996	113151	
9443.99943310853	47996	113174	
9445.99943552477	47952	113196	
9447.99943296123	48000	113219	
9449.99943537746	48000	113241	
9451.99943281393	47996	113264	
9453.99943523016	48032	113286	
9455.99943266662	48016	113309	
9457.99943508286	48064	113332	
9459.99943251932	48028	113354	
9461.99943493556	48012	113377	
9463.99943237202	48016	113399	
9465.99943478825	48032	113422	
9467.99943720449	48044	113444	
9469.99943464095	48012	113467	
9470.99943335918	48028	113478	
9471.99943705719	48016	113489	
9472.99943577542	48016	113501	
9473.99943449365	48032	113512	
9474.99943321188	48012	113523	
9475.99943690989	48028	113534	
9476.99943562812	48012	113546	
9477.99943434635	47996	113557	
9478.99943306458	48012	113568	
9479.99943676258	48044	113579	
9480.99943548081	48016	113591	
9481.99943419904	47984	113602	
9482.99943291728	48028	113613	
9483.99943661528	47996	113624	
9484.99943533351	48012	113636	
9485.99943405174	48064	113647	
9486.99943276997	48028	113658	
9487.99943646798	48012	113669	
9488.99943518621	48012	113681	
9489.99943390444	48016	113692	
9490.99943262267	48000	113703	
9491.99943632068	48016	113715	
9492.99943503891	48000	113726	
9493.99943375714	48032	113737	
9494.99943247537	48048	113748	
9495.99943617337	48032	113760	
9496.9994348916	48028	113771	
9497.99943360983	47952	113782	
9498.99943232806	48028	113793	
9499.99943602607	48032	113805	
9500.9994347443	47996	113816	
9501.99943346253	48016	113827	
9502.99943716054	47980	113838	
9503.99943587877	48016	113850	
9504.999434597	48012	113861	
9505.99943331523	48016	113872	
9506.99943701324	48044	113883	
9507.99943573146	48028	113895	
9508.9994344497	48012	113906	
9509.99943316793	48000	113917	
9510.99943686593	48028	113929	
9511.99943558416	48012	113940	
9512.99943430239	48048	113951	
9513.99943302062	48016	113962	
9514.99943671863	48060	113974	
9515.99943543686	47968	113985	
9516.99943415509	48016	113996	
9517.99943287332	47980	114007	
9518.99943657133	48028	114019	
9519.99943528956	48000	114030	
9520.99943400779	48048	114041	
9521.99943272602	48032	114052	
9522.99943642402	48032	114064	
9523.99943514226	48028	114075	
9524.99942888071	48000	114086	
9525.99942759894	48016	114098	
9526.99943129695	47984	114109	
9527.99943001518	47984	114120	
9528.99942873341	48028	114131	
9529.99942745164	48028	114143	
9530.99943114964	48064	114154	
9531.99942986787	47996	114165	
9532.9994285861	48012	114176	
9533.99943228411	48028	114188	
9534.99943100234	48028	114199	
9535.99942972057	48016	114210	
9536.9994284388	47984	114221	
9537.99943213681	48016	114233	
9538.99943085504	48044	114244	
9539.99942957327	48032	114255	
9540.9994282915	48000	114266	
9541.99943198951	47996	114278	
9542.99943070774	48044	114289	
9543.99942942597	48048	114300	
9544.9994281442	48044	114312	
9545.9994318422	48012	114323	
9546.99943056043	48012	114334	
9547.99942927866	48016	114345	
9548.99942799689	47996	114357	
9549.9994316949	48060	114368	
9550.99943041313	48028	114379	
9551.99942913136	48044	114390	
9552.99942784959	47996	114402	
9553.9994315476	48016	114413	
9554.99943026583	48000	114424	
9555.99942898406	47996	114435	
9556.99942770229	48016	114447	
9557.9994314003	48000	114458	
9558.99943011853	47984	114469	
9559.99942883676	48016	114480	
9560.99942755499	47984	114492	
9561.99943125299	48016	114503	
9562.99942997122	48044	114514	
9563.99942868945	47980	114526	
9564.99942740768	48048	114537	
9565.99943110569	48028	114548	
9566.99942982392	47980	114559	
9567.99942854215	48012	114571	
9568.99943224016	48044	114582	
9569.99943095839	48000	114593	
9570.99942967662	48032	114604	
9571.99942839485	48028	114616	
9572.99943209285	48016	114627	
9573.99943081109	47968	114638	
9574.99942952931	48032	114649	
9575.99942824755	48000	114661	
9576.99943194555	48000	114672	
9577.99943066378	47996	114683	
9578.99942938201	47980	114695	
9579.99942810024	47984	114706	
9580.99943179825	47996	114717	
9581.99943051648	48012	114728	
9582.99942923471	47996	114740	
9583.99942795294	48048	114751	
9584.99943165095	48012	114762	
9585.99943036918	47996	114773	
9586.99942908741	48016	114785	
9587.99942780564	48000	114796	
9588.99943150364	48016	114807	
9589.99943022187	48000	114818	
9590.99942894011	47980	114830	
9591.99942765833	48028	114841	
9592.99943135634	48012	114852	
9593.99943007457	48000	114863	
9594.9994287928	47996	114875	
9595.99942751103	47980	114886	
9596.99943120904	48012	114897	
9597.99942992727	48012	114909	
9598.9994286455	48016	114920	
9599.99942736373	47980	114931	
9600.99943106174	47984	114942	
9601.99942977997	48032	114954	
9602.9994284982	48028	114965	
9603.9994321962	48032	114976	
9604.99943091443	48012	114987	
9605.99942963266	48000	114999	
9606.9994283509	47980	115010	
9607.99942706913	47968	115021	
9608.99942578736	47980	115032	
9609.99942450559	48000	115044	
9610.99942322382	48060	115055	
9611.99942692182	48028	115066	
9612.99942564005	47996	115077	
9613.99942435828	48016	115089	
9614.99942307651	48016	115100	
9615.99942677452	48012	115111	
9616.99942549275	48012	115123	
9617.99942421098	47996	115134	
9618.99942292921	48012	115145	
9619.99942662722	48044	115156	
9620.99942534545	48032	115168	
9621.99942406368	48032	115179	
9622.99942278191	48016	115190	
9623.99942647992	48044	115201	
9624.99942519815	48016	115213	
9625.99942391638	48044	115224	
9626.99942263461	48016	115235	
9627.99942633261	48016	115246	
9628.99942505084	47984	115258	
9629.99942376907	48032	115269	
9630.9994224873	48016	115280	
9631.99942618531	48012	115291	
9632.99942490354	48028	115303	
9633.99942362177	48012	115314	
9634.99942731978	48028	115325	
9635.99942603801	48060	115337	
9636.99942475624	48016	115348	
9637.99942347447	48060	115359	
9638.99942717247	48000	115370	
9639.9994258907	48016	115382	
9640.99942460894	48000	115393	
9641.99942332717	48032	115404	
9642.99942702517	48012	115415	
9643.9994257434	48012	115427	
9644.99942446163	48016	115438	
9645.99942317986	48000	115449	
9646.99942687787	47996	115460	
9647.9994255961	47984	115472	
9648.99942431433	48032	115483	
9649.99942303256	47996	115494	
9650.99942673057	48000	115505	
9651.9994254488	48000	115517	
9652.99942416703	47984	115528	
9653.99942288526	47996	115539	
9654.99942658326	48012	115551	
9655.99942530149	48048	115562	
9656.99942401972	48016	115573	
9657.99942273796	47996	115584	
9658.99942643596	48016	115596	
9659.99942515419	48044	115607	
9660.99942387242	48028	115618	
9661.99942259065	47980	115629	
9662.99942628866	48032	115641	
9663.99942500689	47996	115652	
9664.99942372512	48016	115663	
9665.99942244335	47996	115674	
9666.99942614136	48012	115686	
9667.99942485959	48028	115697	
9668.99942357782	48048	115708	
9669.99942727582	48044	115719	
9670.99942599405	48016	115731	
9671.99942471229	47996	115742	
9672.99942343051	48012	115753	
9673.99942712852	48000	115764	
9674.99942584675	48028	115776	
9675.99942456498	47984	115787	
9676.99942328321	47980	115798	
9677.99942698122	47952	115810	
9678.99942569945	48012	115821	
9679.99942441768	47936	115832	
9680.99942313591	48016	115843	
9681.99942683392	47980	115855	
9682.99942555215	47996	115866	
9683.99942427038	48012	115877	
9684.99942298861	47916	115888	
9685.99942668661	47936	115900	
9686.99942540484	47932	115911	
9687.99942412307	48076	115922	
9688.99942284131	47980	115933	
9689.99942653931	47884	115945	
9690.99942525754	47920	115956	
9691.999418996	48032	115967	
9692.99941771423	48108	115978	
9693.99942141223	47964	115990	
9694.99942013046	48192	116001	
9695.99941884869	48000	116012	
9696.99941756692	48208	116024	
9697.99942126493	48012	116035	
9698.99941998316	48032	116046	
9699.99941870139	48268	116057	
9700.99941741962	48576	116069	
9701.99942111763	48496	116080	
9702.99941983586	48396	116091	
9703.99941855409	49020	116102	
9704.99942225209	48624	116114	
9705.99942097033	48992	116125	
9706.99941968855	48288	116136	
9707.99941840679	49068	116147	
9708.99942210479	48528	116159	
9709.99942082302	48796	116170	
9710.99941954125	48912	116181	
9711.99941825948	48992	116192	
9712.99942195749	48864	116204	
9713.99942067572	49200	116215	
9714.99941939395	49132	116226	
9715.99941811218	49612	116238	
9716.99942181019	49008	116249	
9717.99942052842	49708	116260	
9718.99941924665	49372	116271	
9719.99941796488	49628	116283	
9720.99942166288	49548	116294	
9721.99942038111	49616	116305	
9722.99941909935	49884	116316	
9723.99941781757	50076	116328	
9724.99942151558	50096	116339	
9725.99942023381	50220	116350	
9726.99941895204	49772	116361	
9727.99941767027	49916	116373	
9728.99942136828	50220	116384	
9729.99942008651	50140	116395	
9730.99941880474	50572	116406	
9731.99941752297	50620	116418	
9732.99942122098	50400	116429	
9733.99941993921	50316	116440	
9734.99941865744	50188	116452	
9735.99941737567	50620	116463	
9736.99942107367	50464	116474	
9737.9994197919	50656	116485	
9738.99941851014	50988	116497	
9739.99942220814	50844	116508	
9740.99942092637	50896	116519	
9741.9994196446	51084	116530	
9742.99941836283	51356	116542	
9743.99942206084	51072	116553	
9744.99942077907	51280	116564	
9745.9994194973	51292	116575	
9746.99941821553	51488	116587	
9747.99942191354	51504	116598	
9748.99942063177	52032	116609	
9747.99942191354	51776	116590	
9746.99941821553	51616	116571	
9745.9994194973	51504	116552	
9744.99942077907	51436	116533	
9743.99942206084	51468	116514	
9742.99941836283	51372	116495	
9741.9994196446	51292	116476	
9740.99942092637	51488	116457	
9739.99942220814	51228	116438	
9738.99941851014	51036	116419	
9737.9994197919	51200	116400	
9736.99942107367	50924	116381	
9735.99941737567	50944	116362	
9734.99941865744	50812	116343	
9733.99941993921	50912	116324	
9732.99942122098	50716	116306	
9731.99941752297	50816	116287	
9730.99941880474	50720	116268	
9729.99942008651	50476	116249	
9728.99942136828	50384	116230	
9727.99941767027	50720	116211	
9726.99941895204	50252	116192	
9725.99942023381	50412	116173	
9724.99942151558	50236	116154	
9723.99941781757	50208	116135	
9722.99941909935	49824	116116	
9721.99942038111	49996	116097	
9720.99942166288	49868	116078	
9719.99941796488	49792	116059	
9718.99941924665	49728	116040	
9717.99942052842	49980	116022	
9716.99942181019	49452	116003	
9715.99941811218	49308	115984	
9714.99941939395	49456	115965	
9713.99942067572	49228	115946	
9712.99942195749	49424	115927	
9711.99941825948	49328	115908	
9710.99941954125	49164	115889	
9709.99942082302	49056	115870	
9708.99942210479	48716	115851	
9707.99941840679	48880	115833	
9706.99941968855	48796	115814	
9705.99942097033	48704	115795	
9704.99942225209	48748	115776	
9703.99941855409	48636	115757	
9702.99941983586	48832	115738	
9701.99942111763	48240	115719	
9700.99941741962	48320	115701	
9699.99941870139	48336	115682	
9698.99941998316	47996	115663	
9697.99942126493	48188	115644	
9696.99941756692	48256	115625	
9695.99941884869	47948	115606	
9694.99942013046	48268	115587	
9693.99942141223	48124	115569	
9692.99941771423	48064	115550	
9691.999418996	48204	115531	
9690.99942525754	47984	115512	
9689.99942653931	47948	115493	
9688.99942284131	47888	115474	
9687.99942412307	47808	115456	
9686.99942540484	48016	115437	
9685.99942668661	47708	115418	
9684.99942298861	47792	115399	
9683.99942427038	47936	115380	
9682.99942555215	47712	115362	
9681.99942683392	47820	115343	
9680.99942313591	47760	115324	
9679.99942441768	47884	115305	
9678.99942569945	47788	115286	
9677.99942698122	47856	115268	
9676.99942328321	47868	115249	
9675.99942456498	47936	115230	
9674.99942584675	47952	115211	
9673.99942712852	47948	115192	
9672.99942343051	47984	115174	
9671.99942471229	47964	115155	
9670.99942599405	47980	115136	
9669.99942727582	48012	115117	
9668.99942357782	47980	115099	
9667.99942485959	47984	115080	
9666.99942614136	48028	115061	
9665.99942244335	48016	115042	
9664.99942372512	47984	115024	
9663.99942500689	48012	115005	
9662.99942628866	48032	114986	
9661.99942259065	48012	114967	
9660.99942387242	48028	114949	
9659.99942515419	48012	114930	
9658.99942643596	48012	114911	
9657.99942273796	48044	114892	
9656.99942401972	48000	114874	
9655.99942530149	48000	114855	
9654.99942658326	48016	114836	
9653.99942288526	48044	114818	
9652.99942416703	48048	114799	
9651.9994254488	48032	114780	
9650.99942673057	47996	114761	
9649.99942303256	47996	114743	
9648.99942431433	48000	114724	
9647.9994255961	48000	114705	
9646.99942687787	47996	114687	
9645.99942317986	48028	114668	
9644.99942446163	48028	114649	
9643.9994257434	47984	114630	
9642.99942702517	48028	114612	
9641.99942332717	48000	114593	
9640.99942460894	48012	114574	
9639.9994258907	48028	114556	
9638.99942717247	48016	114537	
9637.99942347447	48012	114518	
9636.99942475624	48000	114500	
9635.99942603801	47996	114481	
9634.99942731978	48012	114462	
9633.99942362177	48032	114444	
9632.99942490354	48012	114425	
9631.99942618531	48012	114406	
9630.9994224873	48012	114388	
9629.99942376907	48000	114369	
9628.99942505084	48012	114350	
9627.99942633261	48028	114332	
9626.99942263461	48028	114313	
9625.99942391638	48048	114295	
9624.99942519815	48012	114276	
9623.99942647992	48032	114257	
9622.99942278191	47996	114239	
9621.99942406368	48044	114220	
9620.99942534545	48016	114201	
9619.99942662722	48016	114183	
9618.99942292921	48028	114164	
9617.99942421098	48028	114146	
9616.99942549275	48044	114127	
9615.99942677452	48044	114108	
9614.99942307651	47984	114090	
9613.99942435828	48044	114071	
9612.99942564005	48064	114052	
9611.99942692182	48044	114034	
9610.99942322382	48028	114015	
9609.99942450559	48048	113997	
9608.99942578736	48032	113978	
9607.99942706913	47984	113960	
9606.9994283509	48028	113941	
9605.99942963266	48000	113922	
9604.99943091443	47984	113904	
9603.9994321962	47996	113885	
9602.9994284982	48032	113867	
9601.99942977997	48012	113848	
9600.99943106174	48012	113829	
9599.99942736373	48076	113811	
9598.9994286455	48044	113792	
9597.99942992727	48016	113774	
9596.99943120904	48016	113755	
9595.99942751103	48044	113737	
9594.9994287928	48012	113718	
9593.99943007457	48012	113700	
9592.99943135634	48044	113681	
9591.99942765833	47996	113662	
9590.99942894011	48028	113644	
9589.99943022187	48028	113625	
9588.99943150364	48044	113607	
9587.99942780564	48028	113588	
9586.99942908741	47996	113570	
9585.99943036918	48000	113551	
9584.99943165095	48000	113533	
9583.99942795294	47984	113514	
9582.99942923471	48032	113496	
9581.99943051648	48016	113477	
9580.99943179825	48000	113459	
9579.99942810024	48028	113440	
9578.99942938201	47996	113422	
9577.99943066378	48016	113403	
9576.99943194555	48048	113385	
9575.99942824755	48044	113366	
9574.99942952931	48012	113348	
9573.99943081109	48016	113329	
9572.99943209285	48028	113311	
9571.99942839485	48048	113292	
9570.99942967662	48028	113274	
9569.99943095839	47984	113255	
9568.99943224016	48016	113237	
9567.99942854215	47980	113218	
9566.99942982392	48012	113200	
9565.99943110569	48016	113181	
9564.99942740768	48028	113163	
9563.99942868945	48060	113144	
9562.99942997122	48016	113126	
9561.99943125299	48000	113107	
9560.99942755499	48012	113089	
9559.99942883676	48028	113071	
9558.99943011853	48028	113052	
9557.9994314003	48016	113034	
9556.99942770229	48016	113015	
9555.99942898406	48028	112997	
9554.99943026583	48032	112978	
9553.9994315476	48012	112960	
9552.99942784959	48060	112941	
9551.99942913136	47996	112923	
9550.99943041313	47980	112905	
9549.9994316949	48028	112886	
9548.99942799689	48032	112868	
9547.99942927866	48032	112849	
9546.99943056043	48016	112831	
9545.9994318422	48012	112812	
9544.9994281442	48044	112794	
9543.99942942597	48028	112776	
9542.99943070774	48048	112757	
9541.99943198951	48028	112739	
9540.9994282915	48028	112720	
9539.99942957327	48016	112702	
9538.99943085504	48012	112684	
9537.99943213681	48012	112665	
9536.9994284388	47984	112647	
9535.99942972057	48016	112628	
9534.99943100234	48028	112610	
9533.99943228411	48016	112592	
9532.9994285861	48044	112573	
9531.99942986787	47996	112555	
9530.99943114964	48012	112537	
9529.99942745164	48016	112518	
9528.99942873341	48028	112500	
9527.99943001518	48000	112481	
9526.99943129695	48032	112463	
9525.99942759894	48000	112445	
9524.99942888071	48048	112426	
9523.99943514226	47984	112408	
9522.99943642402	48016	112390	
9521.99943272602	48028	112371	
9520.99943400779	48032	112353	
9519.99943528956	48028	112335	
9518.99943657133	48012	112316	
9517.99943287332	48028	112298	
9516.99943415509	48016	112280	
9515.99943543686	48000	112261	
9514.99943671863	47996	112243	
9513.99943302062	48044	112225	
9512.99943430239	48044	112206	
9511.99943558416	48044	112188	
9510.99943686593	48032	112170	
9509.99943316793	48012	112151	
9508.9994344497	48048	112133	
9507.99943573146	48028	112115	
9506.99943701324	48016	112096	
9505.99943331523	48076	112078	
9504.999434597	47984	112060	
9503.99943587877	48044	112041	
9502.99943716054	48032	112023	
9501.99943346253	48048	112005	
9500.9994347443	48028	111986	
9498.99943232806	48016	111950	
9497.99943360983	48044	111932	
9496.9994348916	48012	111913	
9495.99943617337	48000	111895	
9494.99943247537	47980	111877	
9493.99943375714	48048	111858	
9491.99943632068	48000	111822	
9490.99943262267	48012	111804	
9489.99943390444	48028	111785	
9488.99943518621	47996	111767	
9487.99943646798	48000	111749	
9486.99943276997	47984	111731	
9485.99943405174	47984	111712	
9484.99943533351	48000	111694	
9483.99943661528	48028	111676	
9482.99943291728	48012	111658	
9480.99943548081	47996	111621	
9478.99943306458	48060	111585	
9476.99943562812	48048	111548	
9474.99943321188	48048	111512	
9472.99943577542	48012	111475	
9470.99943335918	48060	111439	
9468.99943592272	48000	111402	
9467.99943720449	48044	111384	
9466.99943350648	48064	111366	
9465.99943478825	47984	111348	
9464.99943607002	48016	111329	
9463.99943237202	48032	111311	
9462.99943365379	48028	111293	
9461.99943493556	48048	111275	
9460.99943621733	48028	111257	
9459.99943251932	48048	111239	
9458.99943380109	48044	111220	
9457.99943508286	48016	111202	
9456.99943636463	48016	111184	
9455.99943266662	48016	111166	
9454.99943394839	48016	111148	
9453.99943523016	48016	111129	
9452.99943651193	48044	111111	
9451.99943281393	48044	111093	
9450.99943409569	48012	111075	
9449.99943537746	48016	111057	
9448.99943665923	48016	111039	
9447.99943296123	48028	111020	
9446.999434243	48012	111002	
9445.99943552477	48016	110984	
9444.99943680654	48044	110966	
9443.99943310853	48012	110948	
9442.9994343903	48044	110930	
9441.99943567207	48032	110911	
9440.99943695384	48012	110893	
9439.99943823561	48016	110875	
9438.99943951738	48032	110857	
9437.99944079915	48016	110839	
9436.99944208092	48012	110821	
9435.99943838291	48000	110803	
9434.99943966468	47984	110785	
9433.99944094645	47996	110766	
9432.99944222822	48044	110748	
9431.99943853021	48044	110730	
9430.99943981198	48028	110712	
9429.99944109375	48044	110694	
9428.99943739575	47996	110676	
9427.99943867752	48048	110658	
9426.99943995929	48012	110640	
9425.99944124106	48012	110622	
9424.99943754305	48012	110603	
9423.99943882482	48028	110585	
9422.99944010659	48044	110567	
9421.99944138836	48016	110549	
9420.99943769035	48028	110531	
9419.99943897212	48012	110513	
9418.99944025389	48032	110495	
9417.99944153566	48012	110477	
9416.99943783765	48000	110459	
9415.99943911942	48060	110441	
9414.99944040119	48044	110423	
9413.99944168296	48032	110404	
9412.99943798496	48044	110386	
9411.99943926673	47996	110368	
9410.9994405485	48016	110350	
9409.99944183026	48044	110332	
9408.99943813226	48028	110314	
9407.99943941403	48032	110296	
9406.9994406958	48032	110278	
9405.99944197757	48016	110260	
9404.99943827956	48028	110242	
9403.99943956133	48012	110224	
9402.9994408431	48044	110206	
9401.99944212487	48044	110188	
9400.99943842686	48012	110170	
9399.99943970863	48012	110152	
9398.9994409904	48032	110134	
9397.9994372924	48016	110116	
9396.99943857417	48028	110098	
9395.99943985594	48048	110079	
9394.99944113771	48032	110061	
9393.9994374397	48032	110043	
9392.99943872147	48000	110025	
9391.99944000324	48060	110007	
9390.99944128501	48028	109989	
9389.999437587	48028	109971	
9388.99943886877	48032	109953	
9387.99944015054	48048	109935	
9386.99944143231	48048	109917	
9385.9994377343	48092	109899	
9384.99943901608	48064	109881	
9383.99944029784	48032	109863	
9382.99944157961	48048	109845	
9381.99943788161	48032	109827	
9380.99943916338	48032	109809	
9379.99944044515	48000	109791	
9378.99944172692	48032	109773	
9377.99943802891	48016	109755	
9376.99943931068	48044	109737	
9375.99944059245	48012	109719	
9374.99944187422	48060	109701	
9373.99943817621	48028	109683	
9372.99943945798	48016	109665	
9371.99944073975	48000	109647	
9370.99944202152	48016	109629	
9369.99943832352	48012	109612	
9368.99943960528	48060	109594	
9367.99944088706	47980	109576	
9366.99944216882	47996	109558	
9365.99943847082	48044	109540	
9364.99943975259	47996	109522	
9363.99944103436	48012	109504	
9362.99943733635	48012	109486	
9361.99943861812	48012	109468	
9360.99943989989	48048	109450	
9359.99944118166	48028	109432	
9358.99943748365	48032	109414	
9357.99943876542	47996	109396	
9356.99944502697	48012	109378	
9355.99944630874	48016	109360	
9354.99944261073	48064	109342	
9353.9994438925	48044	109324	
9352.99944517427	48048	109306	
9351.99944645604	48016	109288	
9350.99944275804	48028	109271	
9349.9994440398	48000	109253	
9348.99944532157	48016	109235	
9347.99944660334	48044	109217	
9346.99944290534	48032	109199	
9345.99944418711	48016	109181	
9344.99944546888	48012	109163	
9343.99944675065	48032	109145	
9342.99944305264	48016	109127	
9341.99944433441	48048	109109	
9340.99944561618	48028	109091	
9339.99944689795	48044	109074	
9338.99944319994	48044	109056	
9337.99944448171	47996	109038	
9336.99944576348	48032	109020	
9335.99944704525	48000	109002	
9334.99944334724	48028	108984	
9333.99944462901	48060	108966	
9332.99944591078	48044	108948	
9331.99944719255	48016	108930	
9330.99944349455	48000	108913	
9329.99944477632	48044	108895	
9328.99944605809	48044	108877	
9327.99944236008	48048	108859	
9326.99944364185	48016	108841	
9325.99944492362	48032	108823	
9324.99944620539	48048	108805	
9323.99944250738	48032	108788	
9322.99944378915	48028	108770	
9321.99944507092	48028	108752	
9320.99944635269	48044	108734	
9319.99944265469	48000	108716	
9318.99944393645	48060	108698	
9317.99944521822	48000	108680	
9316.99944649999	48016	108663	
9315.99944280199	48060	108645	
9314.99944408376	48028	108627	
9313.99944536553	48028	108609	
9312.9994466473	48016	108591	
9311.99944294929	48028	108573	
9310.99944423106	48032	108556	
9309.99944551283	48016	108538	
9308.9994467946	48032	108520	
9307.99944309659	48032	108502	
9306.99944437836	48048	108484	
9305.99944566013	48012	108466	
9304.9994469419	47996	108449	
9303.9994432439	48016	108431	
9302.99944452567	48012	108413	
9301.99944580743	48028	108395	
9300.9994470892	48012	108377	
9299.9994433912	48016	108360	
9298.99944467297	48032	108342	
9297.99944595474	48016	108324	
9296.99944723651	48032	108306	
9295.9994435385	48016	108288	
9294.99944482027	48016	108271	
9293.99944610204	48016	108253	
9292.99944240403	48032	108235	
9291.9994436858	47980	108217	
9290.99944496757	48000	108199	
9289.99944624934	48012	108182	
9288.99944255134	48016	108164	
9287.99944383311	48048	108146	
9286.99944511488	48028	108128	
9285.99944639665	48060	108111	
9284.99944269864	48028	108093	
9283.99944398041	48048	108075	
9282.99944526218	48016	108057	
9281.99944654395	48000	108040	
9280.99944284594	48028	108022	
9279.99944412771	48044	108004	
9278.99944540948	48028	107986	
9277.99944669125	48012	107969	
9276.99944299324	48016	107951	
9275.99944427501	48028	107933	
9274.99944555678	48044	107915	
9273.99944683855	48000	107898	
9272.99944812032	48048	107880	
9271.99944940209	48044	107862	
9270.99945068386	48016	107844	
9269.99945196563	48032	107827	
9268.99944826762	48012	107809	
9267.99944954939	47984	107791	
9266.99945083116	48060	107773	
9265.99945211293	48012	107756	
9264.99944841493	48044	107738	
9263.9994496967	48044	107720	
9262.99945097847	48032	107702	
9261.99944728046	48016	107685	
9260.99944856223	48012	107667	
9259.999449844	48032	107649	
9258.99945112577	48016	107632	
9257.99944742776	48048	107614	
9256.99944870953	47984	107596	
9255.9994499913	48016	107579	
9254.99945127307	48028	107561	
9253.99944757506	48044	107543	
9252.99944885684	48000	107525	
9251.9994501386	48000	107508	
9250.99945142037	48016	107490	
9249.99944772237	48000	107472	
9248.99944900414	48048	107455	
9247.99945028591	48032	107437	
9246.99945156768	48012	107419	
9245.99944786967	48048	107402	
9244.99944915144	48048	107384	
9243.99945043321	48044	107366	
9242.99945171498	48044	107349	
9241.99944801697	48044	107331	
9240.99944929874	48048	107313	
9239.99945058051	48000	107296	
9238.99945186228	47996	107278	
9237.99944816428	48012	107260	
9236.99944944604	48012	107243	
9235.99945072782	48000	107225	
9234.99945200958	48028	107207	
9233.99944831158	48032	107190	
9232.99944959335	48012	107172	
9231.99945087512	48032	107154	
9230.99945215689	48048	107137	
9229.99944845888	48044	107119	
9228.99944974065	47996	107101	
9227.99945102242	48000	107084	
9226.99944732441	48016	107066	
9225.99944860618	48032	107048	
9224.99944988795	48016	107031	
9223.99945116972	48016	107013	
9222.99944747172	48028	106996	
9221.99944875349	48012	106978	
9220.99945003526	48016	106960	
9219.99945131702	48016	106943	
9218.99944761902	48080	106925	
9217.99944890079	48032	106907	
9216.99945018256	48032	106890	
9215.99945146433	47996	106872	
9214.99944776632	47996	106855	
9213.99944904809	48016	106837	
9212.99945032986	48060	106819	
9211.99945161163	47964	106802	
9210.99944791362	48028	106784	
9209.99944919539	48032	106767	
9208.99945047716	48064	106749	
9207.99945175893	48012	106731	
9206.99944806093	48016	106714	
9205.9994493427	48016	106696	
9204.99945062447	48016	106679	
9203.99945190623	48016	106661	
9202.99944820823	48044	106643	
9201.99944949	48028	106626	
9200.99945077177	48032	106608	
9199.99945205354	48032	106591	
9198.99944835553	48016	106573	
9197.9994496373	48044	106556	
9196.99945091907	48012	106538	
9195.99945220084	48016	106520	
9194.99944850283	48048	106503	
9193.9994497846	48032	106485	
9192.99945106637	48016	106468	
9191.99944736837	48044	106450	
9190.99944865014	48060	106433	
9189.99945491168	48060	106415	
9188.99945619345	48032	106397	
9187.99945249545	48032	106380	
9186.99945377721	48048	106362	
9185.99945505898	48028	106345	
9184.99945634075	48044	106327	
9183.99945264275	48012	106310	
9182.99945392452	48064	106292	
9181.99945520629	48032	106275	
9180.99945648806	48044	106257	
9179.99945279005	48028	106240	
9178.99945407182	48028	106222	
9177.99945535359	48076	106204	
9176.99945663536	48028	106187	
9175.99945293735	48048	106169	
9174.99945421912	48048	106152	
9173.99945550089	48048	106134	
9172.99945678266	48064	106117	
9171.99945308466	48032	106099	
9170.99945436643	48028	106082	
9169.99945564819	48076	106064	
9168.99945692997	48048	106047	
9167.99945323196	48048	106029	
9166.99945451373	48044	106012	
9165.9994557955	48028	105994	
9164.99945707727	48028	105977	
9163.99945337926	48080	105959	
9162.99945466103	48012	105942	
9161.9994559428	48028	105924	
9160.99945224479	48048	105907	
9159.99945352656	48032	105889	
9158.99945480833	48028	105872	
9157.9994560901	48044	105854	
9156.9994523921	48044	105837	
9155.99945367387	48048	105819	
9154.99945495564	48028	105802	
9153.99945623741	48060	105784	
9152.9994525394	47984	105767	
9151.99945382117	48012	105749	
9150.99945510294	48016	105732	
9149.99945638471	48000	105714	
9148.9994526867	48016	105697	
9147.99945396847	48032	105680	
9146.99945525024	48028	105662	
9145.99945653201	48060	105645	
9144.999452834	48028	105627	
9143.99945411577	48000	105610	
9142.99945539754	48028	105592	
9141.99945667931	48044	105575	
9140.99945298131	48032	105557	
9139.99945426308	48060	105540	
9138.99945554484	48000	105522	
9137.99945682662	48028	105505	
9136.99945312861	48048	105487	
9135.99945441038	48060	105470	
9134.99945569215	48028	105453	
9133.99945697392	48012	105435	
9132.99945327591	48076	105418	
9131.99945455768	48028	105400	
9130.99945583945	48044	105383	
9129.99945712122	48016	105365	
9128.99945342321	48060	105348	
9127.99945470498	48028	105331	
9126.99945598675	48032	105313	
9125.99945228875	48044	105296	
9124.99945357052	48064	105278	
9123.99945485229	48048	105261	
9122.99945613406	48060	105243	
9121.99945243605	48016	105226	
9120.99945371782	48028	105209	
9119.99945499959	48048	105191	
9118.99945628136	48032	105174	
9117.99945258335	48028	105156	
9116.99945386512	48044	105139	
9115.99945514689	48044	105122	
9114.99945642866	48012	105104	
9113.99945273066	47996	105087	
9112.99945401242	48000	105069	
9111.99945529419	48016	105052	
9110.99945657596	48064	105035	
9109.99945287796	48048	105017	
9108.99945415973	48064	105000	
9107.9994554415	48028	104982	
9106.99945672327	48060	104965	
9105.99945800504	48044	104948	
9091.99946101048	48044	104705	
9090.99945731248	48028	104687	
9089.99945859425	48064	104670	
9088.99945987602	48016	104653	
9087.99946115779	48044	104635	
9086.99945745978	48044	104618	
9085.99945874155	48064	104601	
9084.99946002332	48044	104583	
9083.99946130509	48048	104566	
9082.99945760708	48064	104549	
9081.99945888885	48012	104531	
9080.99946017062	48032	104514	
9079.99946145239	48048	104497	
9078.99945775438	48028	104479	
9077.99945903615	48012	104462	
9076.99946031792	48028	104445	
9075.99946159969	48048	104427	
9074.99945790169	48032	104410	
9073.99945918346	48012	104393	
9072.99946046523	48012	104375	
9071.99946174699	48028	104358	
9070.99945804899	48000	104341	
9069.99945933076	48016	104323	
9068.99946061253	48016	104306	
9067.9994618943	48012	104289	
9066.99945819629	48044	104271	
9065.99945947806	48080	104254	
9064.99946075983	48048	104237	
9063.9994620416	48048	104220	
9062.99945834359	48028	104202	
9061.99945962536	48044	104185	
9060.99946090713	48064	104168	
9059.99945720913	48076	104150	
9058.9994584909	48048	104133	
9057.99945977267	48060	104116	
9056.99946105444	48048	104099	
9055.99945735643	47996	104081	
9054.9994586382	48032	104064	
9053.99945991997	48044	104047	
9052.99946120174	48032	104029	
9051.99945750373	48048	104012	
9050.9994587855	48076	103995	
9049.99946006727	48048	103978	
9048.99946134904	48044	103960	
9047.99945765103	48012	103943	
9046.99945893281	48016	103926	
9045.99946021457	47984	103909	
9044.99946149634	48060	103891	
9043.99945779834	48012	103874	
9042.99945908011	48028	103857	
9041.99946036188	48016	103840	
9040.99946164365	48060	103822	
9039.99945794564	48032	103805	
9038.99945922741	48032	103788	
9037.99946050918	48048	103771	
9036.99946179095	48028	103753	
9035.99945809294	48016	103736	
9034.99945937471	47996	103719	
9033.99946065648	48028	103702	
9032.99946193825	48044	103684	
9031.99945824025	48000	103667	
9030.99945952201	48032	103650	
9029.99946080379	48016	103633	
9028.99946208555	48028	103615	
9027.99945838755	48060	103598	
9026.99945966932	48028	103581	
9025.99946095109	48064	103564	
9024.99945725308	48044	103547	
9023.99945853485	48032	103529	
9022.9994647964	48044	103512	
9021.99946607816	48028	103495	
9020.99946238016	48032	103478	
9019.99946366193	48032	103461	
9018.9994649437	48060	103443	
9017.99946622547	48016	103426	
9016.99946252746	48032	103409	
9015.99946380923	47984	103392	
9014.999465091	48000	103375	
9013.99946637277	48044	103357	
9012.99946267476	48016	103340	
9011.99946395653	48060	103323	
9010.9994652383	47984	103306	
9009.99946652007	48064	103289	
9008.99946282207	48000	103271	
9007.99946410384	48028	103254	
9006.99946538561	48028	103237	
9005.99946666738	48032	103220	
9004.99946296937	48012	103203	
9003.99946425114	48048	103185	
9002.99946553291	48016	103168	
9001.99946681468	48064	103151	
9000.99946311667	48012	103134	
8999.99946439844	48016	103117	
8998.99946568021	48000	103100	
8997.99946696198	48028	103082	
8996.99946326397	48060	103065	
8995.99946454574	48016	103048	
8994.99946582751	48016	103031	
8993.99946710928	48048	103014	
8992.99946341128	48016	102997	
8991.99946469305	48012	102979	
8990.99946597482	48000	102962	
8989.99946227681	48032	102945	
8988.99946355858	48016	102928	
8987.99946484035	48028	102911	
8986.99946612212	48048	102894	
8985.99946242411	48028	102877	
8984.99946370588	48032	102859	
8983.99946498765	48000	102842	
8982.99946626942	48032	102825	
8981.99946257142	48032	102808	
8980.99946385318	48028	102791	
8979.99946513495	48016	102774	
8978.99946641672	48016	102757	
8977.99946271872	48048	102740	
8976.99946400049	48048	102722	
8975.99946528226	48048	102705	
8974.99946656403	48048	102688	
8973.99946286602	47996	102671	
8972.99946414779	48032	102654	
8971.99946542956	48060	102637	
8970.99946671133	48048	102620	
8969.99946301332	48060	102603	
8968.99946429509	47996	102585	
8967.99946557686	48028	102568	
8966.99946685863	48044	102551	
8965.99946316063	48032	102534	
8964.9994644424	48060	102517	
8963.99946572416	48044	102500	
8962.99946700593	48032	102483	
8961.99946330793	48044	102466	
8960.9994645897	48028	102449	
8959.99946587147	48032	102432	
8958.99946715324	48028	102414	
8957.99946345523	48016	102397	
8956.999464737	48016	102380	
8955.99946601877	48012	102363	
8954.99946232076	48012	102346	
8953.99946360253	48048	102329	
8952.9994648843	48028	102312	
8951.99946616607	48012	102295	
8950.99946246807	48012	102278	
8949.99946374983	48060	102261	
8948.99946503161	48076	102244	
8947.99946631337	48028	102227	
8946.99946261537	48012	102210	
8945.99946389714	48076	102192	
8944.99946517891	48044	102175	
8943.99946646068	48032	102158	
8942.99946276267	48048	102141	
8941.99946404444	48064	102124	
8940.99946532621	48076	102107	
8939.99946660798	48012	102090	
8938.99946788975	48064	102073	
8937.99946917152	48012	102056	
8936.99947045329	48076	102039	
8935.99947173506	48080	102022	
8932.99947060059	48048	101971	
8930.99946818435	48000	101937	
8928.99947074789	48044	101903	
8926.99946833166	48060	101869	
8920.9994710425	48000	101766	
8919.99946734449	48032	101749	
8918.99946862626	48028	101732	
8917.99946990803	48012	101715	
8916.9994711898	48048	101698	
8915.99946749179	48032	101681	
8914.99946877357	48048	101664	
8913.99947005533	48060	101647	
8912.9994713371	48048	101630	
8911.9994676391	48048	101613	
8910.99946892087	48028	101596	
8909.99947020264	48016	101579	
8908.99947148441	48000	101562	
8907.9994677864	48028	101545	
8906.99946906817	48032	101528	
8905.99947034994	48048	101511	
8904.99947163171	48064	101494	
8903.9994679337	48000	101477	
8902.99946921547	48092	101460	
8901.99947049724	48016	101443	
8900.99947177901	48028	101426	
8899.99946808101	48064	101409	
8898.99946936277	48048	101392	
8897.99947064455	48048	101375	
8896.99947192631	48044	101359	
8895.99946822831	48044	101342	
8894.99946951008	48048	101325	
8893.99947079185	47996	101308	
8892.99947207362	48032	101291	
8891.99946837561	48032	101274	
8890.99946965738	48016	101257	
8889.99947093915	48016	101240	
8888.99946724114	48000	101223	
8887.99946852291	48060	101206	
8886.99946980468	48032	101189	
8885.99947108645	48064	101172	
8884.99946738845	48032	101155	
8883.99946867022	48080	101138	
8882.99946995198	48048	101121	
8881.99947123375	48064	101104	
8880.99946753575	48044	101087	
8879.99946881752	48048	101070	
8878.99947009929	48044	101053	
8877.99947138106	48028	101036	
8876.99946768305	48016	101019	
8875.99946896482	48012	101002	
8874.99947024659	48080	100986	
8873.99947152836	48016	100969	
8872.99946783035	48060	100952	
8871.99946911212	48032	100935	
8870.99947039389	48032	100918	
8869.99947167566	48028	100901	
8868.99946797766	48032	100884	
8867.99946925943	48012	100867	
8866.9994705412	48076	100850	
8865.99947182296	48064	100833	
8864.99946812496	48028	100816	
8863.99946940673	48032	100799	
8862.9994706885	48060	100782	
8861.99947197027	48032	100766	
8860.99946827226	48044	100749	
8859.99946955403	48044	100732	
8858.9994708358	47996	100715	
8857.99947211757	48016	100698	
8856.99946841956	48032	100681	
8855.99946970133	48048	100664	
8854.99947596288	48032	100647	
8853.99947226487	48028	100630	
8852.99947354664	48028	100613	
8851.99947482841	48048	100597	
8850.99947611018	48028	100580	
8849.99947241218	48028	100563	
8848.99947369394	48044	100546	
8847.99947497571	48076	100529	
8846.99947625748	48016	100512	
8845.99947255948	48048	100495	
8844.99947384125	48048	100478	
8843.99947512302	48064	100461	
8842.99947640479	48060	100445	
8841.99947270678	48032	100428	
8840.99947398855	48028	100411	
8839.99947527032	48016	100394	
8838.99947655209	48064	100377	
8837.99947285408	48048	100360	
8836.99947413585	48028	100343	
8835.99947541762	48028	100326	
8834.99947669939	48060	100310	
8833.99947300139	48028	100293	
8832.99947428316	48016	100276	
8831.99947556492	48048	100259	
8830.99947684669	48032	100242	
8829.99947314869	48044	100225	
8828.99947443046	48044	100208	
8827.99947571223	48028	100192	
8826.999476994	48028	100175	
8825.99947329599	48060	100158	
8824.99947457776	48060	100141	
8823.99947585953	48060	100124	
8822.99947216152	48060	100107	
8821.99947344329	47984	100091	
8820.99947472506	48048	100074	
8819.99947600683	48016	100057	
8818.99947230883	48044	100040	
8817.99947359059	48060	100023	
8816.99947487237	48060	100006	
8815.99947615413	48060	99990	
8814.99947245613	48092	99973	
8813.9994737379	48016	99956	
8812.99947501967	48044	99939	
8811.99947630144	47996	99922	
8810.99947260343	48060	99905	
8809.9994738852	48060	99889	
8808.99947516697	48044	99872	
8807.99947644874	48000	99855	
8806.99947275073	48064	99838	
8805.9994740325	48064	99821	
8804.99947531427	48044	99805	
8803.99947659604	48048	99788	
8802.99947289804	48060	99771	
8801.99947417981	48064	99754	
8800.99947546157	48044	99737	
8799.99947674335	48032	99720	
8798.99947304534	48032	99704	
8797.99947432711	48044	99687	
8796.99947560888	48028	99670	
8795.99947689065	48016	99653	
8794.99947319264	48076	99636	
8793.99947447441	48012	99620	
8792.99947575618	48032	99603	
8791.99947703795	48044	99586	
8790.99947333994	48044	99569	
8789.99947462171	48044	99553	
8788.99947590348	48044	99536	
8787.99947220548	48048	99519	
8786.99947348725	48060	99502	
8785.99947476902	48016	99485	
8784.99947605079	48044	99469	
8783.99947235278	48060	99452	
8782.99947363455	48016	99435	
8781.99947491632	48032	99418	
8780.99947619809	48016	99402	
8779.99947250008	48048	99385	
8778.99947378185	48064	99368	
8777.99947506362	48016	99351	
8776.99947634539	48028	99335	
8775.99947264739	48012	99318	
8774.99947392915	48044	99301	
8773.99947521092	48048	99284	
8772.99947649269	48044	99267	
8771.99947777446	47996	99251	
8770.99947905623	48000	99234	
8769.999480338	48032	99217	
8768.99948161977	48028	99200	
8767.99947792177	48048	99184	
8766.99947920353	48092	99167	
8765.99948048531	48000	99150	
8764.99948176707	48044	99134	
8763.99947806907	48012	99117	
8762.99947935084	48060	99100	
8761.99948063261	48060	99083	
8760.99948191438	48032	99067	
8759.99947821637	48044	99050	
8758.99947949814	48028	99033	
8757.99948077991	48012	99016	
8756.99948206168	48028	99000	
8755.99947836367	48060	98983	
8754.99947964544	48044	98966	
8753.99948092721	48076	98949	
8752.99947722921	48048	98933	
8751.99947851098	48044	98916	
8750.99947979274	48044	98899	
8749.99948107451	48048	98883	
8748.99947737651	48032	98866	
8747.99947865828	48048	98849	
8746.99947994005	48012	98832	
8745.99948122182	48044	98816	
8744.99947752381	48076	98799	
8743.99947880558	47996	98782	
8742.99948008735	48000	98766	
8741.99948136912	48012	98749	
8740.99947767111	48044	98732	
8739.99947895288	48016	98716	
8738.99948023465	48000	98699	
8737.99948151642	48044	98682	
8736.99947781842	48028	98665	
8735.99947910019	48044	98649	
8734.99948038196	48032	98632	
8733.99948166372	48032	98615	
8732.99947796572	48048	98599	
8731.99947924749	48012	98582	
8730.99948052926	48012	98565	
8729.99948181103	48028	98549	
8728.99947811302	47980	98532	
8727.99947939479	48032	98515	
8726.99948067656	48000	98499	
