-0.0000021184	0.0000013822
-0.0000021188	0.0000014303
-0.0000021187	0.0000014334
-0.0000021187	0.0000014244
-0.0000021187	0.0000014144
-0.0000021187	0.0000014065
-0.0000021189	0.0000013965
-0.0000021190	0.0000013821
-0.0000021191	0.0000013694
-0.0000021191	0.0000013564
-0.0000021191	0.0000013407
-0.0000021191	0.0000013241
-0.0000021190	0.0000013065
-0.0000021189	0.0000012907
-0.0000021188	0.0000012713
-0.0000021187	0.0000012501
-0.0000021187	0.0000012298
-0.0000021188	0.0000012123
-0.0000021188	0.0000011927
-0.0000021187	0.0000011690
-0.0000021186	0.0000011481
-0.0000021185	0.0000011271
-0.0000021185	0.0000011049
-0.0000021187	0.0000010821
-0.0000021188	0.0000010606
-0.0000021187	0.0000010380
-0.0000021185	0.0000010125
-0.0000021185	0.0000009889
-0.0000021185	0.0000009651
-0.0000021185	0.0000009411
-0.0000021184	0.0000009141
-0.0000021182	0.0000008876
-0.0000021181	0.0000008587
-0.0000021181	0.0000008324
-0.0000021181	0.0000008061
-0.0000021180	0.0000007798
-0.0000021181	0.0000007527
-0.0000021181	0.0000007256
-0.0000021181	0.0000006983
-0.0000021181	0.0000006719
-0.0000021181	0.0000006471
-0.0000021180	0.0000006196
-0.0000021179	0.0000005905
-0.0000021178	0.0000005638
-0.0000021179	0.0000005358
-0.0000021180	0.0000005068
-0.0000021179	0.0000004775
-0.0000021178	0.0000004475
-0.0000021177	0.0000004184
-0.0000021177	0.0000003886
-0.0000021178	0.0000003595
-0.0000021178	0.0000003317
-0.0000021178	0.0000003021
-0.0000021178	0.0000002721
-0.0000021178	0.0000002434
-0.0000021177	0.0000002158
-0.0000021176	0.0000001888
-0.0000021175	0.0000001592
-0.0000021175	0.0000001287
-0.0000021176	0.0000000992
-0.0000021178	0.0000000707
-0.0000021179	0.0000000417
-0.0000021179	0.0000000123
-0.0000021179	-0.0000000165
-0.0000021178	-0.0000000461
-0.0000021179	-0.0000000725
-0.0000021180	-0.0000000986
-0.0000021181	-0.0000001228
-0.0000021184	-0.0000001394
-0.0000021192	-0.0000001402
-0.0000021201	-0.0000001390
-0.0000021210	-0.0000001377
-0.0000021219	-0.0000001355
-0.0000021227	-0.0000001339
-0.0000021235	-0.0000001337
-0.0000021243	-0.0000001320
-0.0000021252	-0.0000001315
-0.0000021261	-0.0000001299
-0.0000021269	-0.0000001286
-0.0000021278	-0.0000001289
-0.0000021288	-0.0000001281
-0.0000021298	-0.0000001269
-0.0000021306	-0.0000001266
-0.0000021315	-0.0000001269
-0.0000021325	-0.0000001274
-0.0000021336	-0.0000001271
-0.0000021343	-0.0000001259
-0.0000021349	-0.0000001258
-0.0000021357	-0.0000001246
-0.0000021367	-0.0000001232
-0.0000021378	-0.0000001227
-0.0000021388	-0.0000001217
-0.0000021397	-0.0000001208
-0.0000021405	-0.0000001212
-0.0000021414	-0.0000001209
-0.0000021424	-0.0000001211
-0.0000021433	-0.0000001206
-0.0000021441	-0.0000001220
-0.0000021450	-0.0000001222
-0.0000021459	-0.0000001228
-0.0000021468	-0.0000001239
-0.0000021477	-0.0000001241
-0.0000021485	-0.0000001245
-0.0000021493	-0.0000001243
-0.0000021502	-0.0000001230
-0.0000021512	-0.0000001224
-0.0000021523	-0.0000001216
-0.0000021535	-0.0000001207
-0.0000021542	-0.0000001207
-0.0000021548	-0.0000001215
-0.0000021554	-0.0000001213
-0.0000021564	-0.0000001217
-0.0000021575	-0.0000001226
-0.0000021586	-0.0000001224
-0.0000021596	-0.0000001231
-0.0000021604	-0.0000001228
-0.0000021613	-0.0000001233
-0.0000021622	-0.0000001239
-0.0000021631	-0.0000001238
-0.0000021640	-0.0000001244
-0.0000021650	-0.0000001239
-0.0000021659	-0.0000001226
-0.0000021667	-0.0000001226
-0.0000021676	-0.0000001220
-0.0000021686	-0.0000001216
-0.0000021697	-0.0000001210
-0.0000021707	-0.0000001214
-0.0000021717	-0.0000001207
-0.0000021725	-0.0000001210
-0.0000021734	-0.0000001218
-0.0000021741	-0.0000001221
-0.0000021750	-0.0000001231
-0.0000021761	-0.0000001234
-0.0000021770	-0.0000001246
-0.0000021779	-0.0000001254
-0.0000021789	-0.0000001257
-0.0000021799	-0.0000001244
-0.0000021809	-0.0000001234
-0.0000021818	-0.0000001226
-0.0000021826	-0.0000001221
-0.0000021835	-0.0000001220
-0.0000021844	-0.0000001215
-0.0000021854	-0.0000001215
-0.0000021865	-0.0000001216
-0.0000021875	-0.0000001219
-0.0000021885	-0.0000001215
-0.0000021894	-0.0000001217
-0.0000021904	-0.0000001219
-0.0000021914	-0.0000001223
-0.0000021922	-0.0000001236
-0.0000021930	-0.0000001246
-0.0000021939	-0.0000001251
-0.0000021948	-0.0000001258
-0.0000021957	-0.0000001243
-0.0000021966	-0.0000001240
-0.0000021976	-0.0000001242
-0.0000021986	-0.0000001230
-0.0000021996	-0.0000001227
-0.0000022006	-0.0000001217
-0.0000022016	-0.0000001214
-0.0000022025	-0.0000001220
-0.0000022034	-0.0000001222
-0.0000022044	-0.0000001222
-0.0000022054	-0.0000001228
-0.0000022064	-0.0000001229
-0.0000022074	-0.0000001235
-0.0000022084	-0.0000001241
-0.0000022093	-0.0000001252
-0.0000022101	-0.0000001258
-0.0000022110	-0.0000001257
-0.0000022120	-0.0000001253
-0.0000022130	-0.0000001243
-0.0000022141	-0.0000001238
-0.0000022151	-0.0000001230
-0.0000022159	-0.0000001224
-0.0000022168	-0.0000001218
-0.0000022178	-0.0000001217
-0.0000022189	-0.0000001223
-0.0000022199	-0.0000001225
-0.0000022208	-0.0000001240
-0.0000022217	-0.0000001238
-0.0000022227	-0.0000001242
-0.0000022236	-0.0000001252
-0.0000022246	-0.0000001257
-0.0000022256	-0.0000001258
-0.0000022268	-0.0000001264
-0.0000022279	-0.0000001259
-0.0000022288	-0.0000001257
-0.0000022298	-0.0000001240
-0.0000022308	-0.0000001240
-0.0000022317	-0.0000001234
-0.0000022327	-0.0000001224
-0.0000022336	-0.0000001230
-0.0000022347	-0.0000001230
-0.0000022355	-0.0000001231
-0.0000022363	-0.0000001237
-0.0000022373	-0.0000001247
-0.0000022385	-0.0000001242
-0.0000022395	-0.0000001251
-0.0000022405	-0.0000001250
-0.0000022415	-0.0000001259
-0.0000022425	-0.0000001263
-0.0000022434	-0.0000001263
-0.0000022442	-0.0000001261
-0.0000022453	-0.0000001252
-0.0000022464	-0.0000001245
-0.0000022475	-0.0000001242
-0.0000022485	-0.0000001236
-0.0000022494	-0.0000001235
-0.0000022504	-0.0000001229
-0.0000022513	-0.0000001225
-0.0000022523	-0.0000001233
-0.0000022533	-0.0000001237
-0.0000022544	-0.0000001236
-0.0000022552	-0.0000001249
-0.0000022561	-0.0000001260
-0.0000022571	-0.0000001265
-0.0000022582	-0.0000001263
-0.0000022592	-0.0000001262
-0.0000022602	-0.0000001259
-0.0000022612	-0.0000001252
-0.0000022623	-0.0000001254
-0.0000022633	-0.0000001247
-0.0000022642	-0.0000001245
-0.0000022651	-0.0000001238
-0.0000022660	-0.0000001239
-0.0000022671	-0.0000001236
-0.0000022681	-0.0000001235
-0.0000022690	-0.0000001245
-0.0000022700	-0.0000001248
-0.0000022711	-0.0000001247
-0.0000022721	-0.0000001255
-0.0000022731	-0.0000001258
-0.0000022740	-0.0000001262
-0.0000022750	-0.0000001269
-0.0000022760	-0.0000001269
-0.0000022770	-0.0000001264
-0.0000022779	-0.0000001264
-0.0000022790	-0.0000001250
-0.0000022803	-0.0000001244
-0.0000022814	-0.0000001242
-0.0000022824	-0.0000001234
-0.0000022834	-0.0000001236
-0.0000022843	-0.0000001242
-0.0000022851	-0.0000001242
-0.0000022861	-0.0000001238
-0.0000022872	-0.0000001242
-0.0000022883	-0.0000001249
-0.0000022894	-0.0000001253
-0.0000022905	-0.0000001258
-0.0000022916	-0.0000001262
-0.0000022926	-0.0000001266
-0.0000022935	-0.0000001270
-0.0000022943	-0.0000001257
-0.0000022952	-0.0000001253
-0.0000022963	-0.0000001244
-0.0000022973	-0.0000001244
-0.0000022984	-0.0000001244
-0.0000022996	-0.0000001235
-0.0000023006	-0.0000001233
-0.0000023015	-0.0000001232
-0.0000023024	-0.0000001232
-0.0000023033	-0.0000001240
-0.0000023043	-0.0000001251
-0.0000023053	-0.0000001252
-0.0000023065	-0.0000001250
-0.0000023077	-0.0000001257
-0.0000023086	-0.0000001262
-0.0000023094	-0.0000001267
-0.0000023103	-0.0000001261
-0.0000023114	-0.0000001257
-0.0000023123	-0.0000001255
-0.0000023132	-0.0000001243
-0.0000023144	-0.0000001235
-0.0000023156	-0.0000001232
-0.0000023167	-0.0000001235
-0.0000023176	-0.0000001237
-0.0000023184	-0.0000001226
-0.0000023195	-0.0000001239
-0.0000023207	-0.0000001250
-0.0000023217	-0.0000001242
-0.0000023225	-0.0000001243
-0.0000023234	-0.0000001251
-0.0000023245	-0.0000001255
-0.0000023256	-0.0000001265
-0.0000023267	-0.0000001267
-0.0000023276	-0.0000001272
-0.0000023286	-0.0000001253
-0.0000023296	-0.0000001242
-0.0000023307	-0.0000001241
-0.0000023318	-0.0000001232
-0.0000023327	-0.0000001231
-0.0000023337	-0.0000001232
-0.0000023348	-0.0000001226
-0.0000023358	-0.0000001234
-0.0000023368	-0.0000001241
-0.0000023378	-0.0000001237
-0.0000023389	-0.0000001243
-0.0000023399	-0.0000001253
-0.0000023409	-0.0000001258
-0.0000023420	-0.0000001260
-0.0000023430	-0.0000001262
-0.0000023439	-0.0000001270
-0.0000023448	-0.0000001251
-0.0000023458	-0.0000001246
-0.0000023468	-0.0000001243
-0.0000023478	-0.0000001234
-0.0000023490	-0.0000001234
-0.0000023501	-0.0000001230
-0.0000023512	-0.0000001230
-0.0000023521	-0.0000001233
-0.0000023531	-0.0000001228
-0.0000023541	-0.0000001234
-0.0000023550	-0.0000001243
-0.0000023561	-0.0000001242
-0.0000023572	-0.0000001244
-0.0000023582	-0.0000001247
-0.0000023592	-0.0000001252
-0.0000023603	-0.0000001253
-0.0000023612	-0.0000001255
-0.0000023621	-0.0000001254
-0.0000023631	-0.0000001242
-0.0000023642	-0.0000001238
-0.0000023654	-0.0000001226
-0.0000023665	-0.0000001219
-0.0000023676	-0.0000001221
-0.0000023687	-0.0000001220
-0.0000023698	-0.0000001217
-0.0000023708	-0.0000001218
-0.0000023717	-0.0000001229
-0.0000023727	-0.0000001235
-0.0000023737	-0.0000001240
-0.0000023747	-0.0000001245
-0.0000023756	-0.0000001244
-0.0000023766	-0.0000001248
-0.0000023777	-0.0000001246
-0.0000023787	-0.0000001243
-0.0000023796	-0.0000001240
-0.0000023807	-0.0000001236
-0.0000023818	-0.0000001226
-0.0000023828	-0.0000001224
-0.0000023838	-0.0000001212
-0.0000023849	-0.0000001205
-0.0000023860	-0.0000001212
-0.0000023871	-0.0000001210
-0.0000023879	-0.0000001213
-0.0000023888	-0.0000001213
-0.0000023898	-0.0000001224
-0.0000023910	-0.0000001231
-0.0000023920	-0.0000001241
-0.0000023929	-0.0000001240
-0.0000023940	-0.0000001238
-0.0000023954	-0.0000001233
-0.0000023966	-0.0000001233
-0.0000023975	-0.0000001232
-0.0000023984	-0.0000001219
-0.0000023994	-0.0000001212
-0.0000024004	-0.0000001210
-0.0000024014	-0.0000001207
-0.0000024024	-0.0000001206
-0.0000024034	-0.0000001207
-0.0000024044	-0.0000001208
-0.0000024054	-0.0000001217
-0.0000024064	-0.0000001216
-0.0000024074	-0.0000001221
-0.0000024085	-0.0000001225
-0.0000024097	-0.0000001224
-0.0000024109	-0.0000001232
-0.0000024119	-0.0000001238
-0.0000024129	-0.0000001240
-0.0000024138	-0.0000001234
-0.0000024149	-0.0000001220
-0.0000024160	-0.0000001204
-0.0000024170	-0.0000001199
-0.0000024180	-0.0000001189
-0.0000024191	-0.0000001191
-0.0000024202	-0.0000001198
-0.0000024212	-0.0000001195
-0.0000024222	-0.0000001195
-0.0000024233	-0.0000001205
-0.0000024243	-0.0000001201
-0.0000024253	-0.0000001212
-0.0000024262	-0.0000001217
-0.0000024271	-0.0000001222
-0.0000024282	-0.0000001217
-0.0000024294	-0.0000001216
-0.0000024306	-0.0000001220
-0.0000024316	-0.0000001215
-0.0000024326	-0.0000001209
-0.0000024337	-0.0000001193
-0.0000024347	-0.0000001189
-0.0000024356	-0.0000001184
-0.0000024365	-0.0000001180
-0.0000024375	-0.0000001183
-0.0000024387	-0.0000001190
-0.0000024397	-0.0000001192
-0.0000024407	-0.0000001190
-0.0000024417	-0.0000001195
-0.0000024426	-0.0000001199
-0.0000024437	-0.0000001206
-0.0000024450	-0.0000001210
-0.0000024461	-0.0000001218
-0.0000024472	-0.0000001213
-0.0000024483	-0.0000001211
-0.0000024494	-0.0000001205
-0.0000024504	-0.0000001203
-0.0000024514	-0.0000001199
-0.0000024525	-0.0000001177
-0.0000024536	-0.0000001172
-0.0000024548	-0.0000001174
-0.0000024558	-0.0000001177
-0.0000024567	-0.0000001179
-0.0000024575	-0.0000001182
-0.0000024584	-0.0000001187
-0.0000024594	-0.0000001185
-0.0000024607	-0.0000001191
-0.0000024617	-0.0000001201
-0.0000024627	-0.0000001202
-0.0000024638	-0.0000001199
-0.0000024649	-0.0000001202
-0.0000024660	-0.0000001194
-0.0000024671	-0.0000001189
-0.0000024681	-0.0000001183
-0.0000024692	-0.0000001181
-0.0000024701	-0.0000001172
-0.0000024712	-0.0000001166
-0.0000024724	-0.0000001171
-0.0000024735	-0.0000001174
-0.0000024745	-0.0000001167
-0.0000024754	-0.0000001170
-0.0000024763	-0.0000001178
-0.0000024774	-0.0000001184
-0.0000024785	-0.0000001190
-0.0000024796	-0.0000001190
-0.0000024805	-0.0000001194
-0.0000024815	-0.0000001206
-0.0000024827	-0.0000001197
-0.0000024841	-0.0000001190
-0.0000024853	-0.0000001188
-0.0000024862	-0.0000001176
-0.0000024870	-0.0000001167
-0.0000024880	-0.0000001165
-0.0000024892	-0.0000001163
-0.0000024904	-0.0000001157
-0.0000024915	-0.0000001155
-0.0000024925	-0.0000001154
-0.0000024935	-0.0000001169
-0.0000024945	-0.0000001176
-0.0000024956	-0.0000001177
-0.0000024967	-0.0000001174
-0.0000024978	-0.0000001185
-0.0000024988	-0.0000001184
-0.0000024997	-0.0000001184
-0.0000025006	-0.0000001176
-0.0000025017	-0.0000001176
-0.0000025029	-0.0000001176
-0.0000025041	-0.0000001165
-0.0000025051	-0.0000001161
-0.0000025060	-0.0000001154
-0.0000025069	-0.0000001154
-0.0000025081	-0.0000001150
-0.0000025094	-0.0000001152
-0.0000025105	-0.0000001155
-0.0000025113	-0.0000001162
-0.0000025122	-0.0000001168
-0.0000025133	-0.0000001174
-0.0000025145	-0.0000001176
-0.0000025156	-0.0000001182
-0.0000025167	-0.0000001184
-0.0000025178	-0.0000001178
-0.0000025188	-0.0000001172
-0.0000025199	-0.0000001175
-0.0000025209	-0.0000001156
-0.0000025220	-0.0000001150
-0.0000025231	-0.0000001146
-0.0000025242	-0.0000001151
-0.0000025253	-0.0000001147
-0.0000025262	-0.0000001146
-0.0000025272	-0.0000001149
-0.0000025283	-0.0000001154
-0.0000025294	-0.0000001162
-0.0000025306	-0.0000001163
-0.0000025316	-0.0000001167
-0.0000025326	-0.0000001171
-0.0000025337	-0.0000001172
-0.0000025347	-0.0000001176
-0.0000025356	-0.0000001172
-0.0000025366	-0.0000001165
-0.0000025378	-0.0000001161
-0.0000025391	-0.0000001151
-0.0000025403	-0.0000001150
-0.0000025412	-0.0000001144
-0.0000025421	-0.0000001138
-0.0000025431	-0.0000001141
-0.0000025444	-0.0000001140
-0.0000025456	-0.0000001136
-0.0000025467	-0.0000001147
-0.0000025475	-0.0000001158
-0.0000025484	-0.0000001158
-0.0000025493	-0.0000001159
-0.0000025504	-0.0000001170
-0.0000025515	-0.0000001174
-0.0000025527	-0.0000001172
-0.0000025539	-0.0000001165
-0.0000025549	-0.0000001163
-0.0000025559	-0.0000001153
-0.0000025570	-0.0000001151
-0.0000025582	-0.0000001143
-0.0000025594	-0.0000001144
-0.0000025604	-0.0000001139
-0.0000025613	-0.0000001145
-0.0000025622	-0.0000001146
-0.0000025632	-0.0000001147
-0.0000025641	-0.0000001155
-0.0000025651	-0.0000001162
-0.0000025663	-0.0000001158
-0.0000025675	-0.0000001166
-0.0000025686	-0.0000001170
-0.0000025696	-0.0000001173
-0.0000025708	-0.0000001166
-0.0000025718	-0.0000001161
-0.0000025728	-0.0000001163
-0.0000025738	-0.0000001152
-0.0000025749	-0.0000001145
-0.0000025760	-0.0000001145
-0.0000025772	-0.0000001134
-0.0000025783	-0.0000001132
-0.0000025792	-0.0000001133
-0.0000025802	-0.0000001138
-0.0000025814	-0.0000001136
-0.0000025826	-0.0000001146
-0.0000025837	-0.0000001152
-0.0000025847	-0.0000001165
-0.0000025856	-0.0000001162
-0.0000025867	-0.0000001170
-0.0000025878	-0.0000001175
-0.0000025890	-0.0000001175
-0.0000025903	-0.0000001163
-0.0000025914	-0.0000001157
-0.0000025924	-0.0000001148
-0.0000025934	-0.0000001146
-0.0000025945	-0.0000001141
-0.0000025956	-0.0000001134
-0.0000025968	-0.0000001131
-0.0000025979	-0.0000001137
-0.0000025991	-0.0000001142
-0.0000026001	-0.0000001147
-0.0000026009	-0.0000001155
-0.0000026018	-0.0000001161
-0.0000026029	-0.0000001160
-0.0000026041	-0.0000001160
-0.0000026053	-0.0000001164
-0.0000026063	-0.0000001177
-0.0000026074	-0.0000001171
-0.0000026086	-0.0000001164
-0.0000026098	-0.0000001159
-0.0000026109	-0.0000001152
-0.0000026119	-0.0000001146
-0.0000026128	-0.0000001146
-0.0000026137	-0.0000001151
-0.0000026149	-0.0000001147
-0.0000026161	-0.0000001140
-0.0000026173	-0.0000001151
-0.0000026184	-0.0000001147
-0.0000026193	-0.0000001157
-0.0000026202	-0.0000001159
-0.0000026213	-0.0000001162
-0.0000026224	-0.0000001173
-0.0000026234	-0.0000001172
-0.0000026245	-0.0000001167
-0.0000026256	-0.0000001168
-0.0000026266	-0.0000001167
-0.0000026278	-0.0000001159
-0.0000026290	-0.0000001151
-0.0000026300	-0.0000001149
-0.0000026311	-0.0000001146
-0.0000026322	-0.0000001147
-0.0000026335	-0.0000001139
-0.0000026345	-0.0000001142
-0.0000026355	-0.0000001147
-0.0000026366	-0.0000001154
-0.0000026378	-0.0000001157
-0.0000026388	-0.0000001168
-0.0000026397	-0.0000001172
-0.0000026407	-0.0000001160
-0.0000026418	-0.0000001173
-0.0000026430	-0.0000001174
-0.0000026440	-0.0000001161
-0.0000026451	-0.0000001158
-0.0000026463	-0.0000001151
-0.0000026473	-0.0000001146
-0.0000026484	-0.0000001142
-0.0000026496	-0.0000001136
-0.0000026508	-0.0000001141
-0.0000026520	-0.0000001144
-0.0000026531	-0.0000001150
-0.0000026541	-0.0000001155
-0.0000026551	-0.0000001158
-0.0000026561	-0.0000001157
-0.0000026571	-0.0000001167
-0.0000026583	-0.0000001168
-0.0000026595	-0.0000001171
-0.0000026605	-0.0000001173
-0.0000026615	-0.0000001177
-0.0000026625	-0.0000001171
-0.0000026636	-0.0000001159
-0.0000026647	-0.0000001152
-0.0000026657	-0.0000001150
-0.0000026667	-0.0000001149
-0.0000026678	-0.0000001150
-0.0000026690	-0.0000001150
-0.0000026701	-0.0000001151
-0.0000026713	-0.0000001153
-0.0000026725	-0.0000001157
-0.0000026736	-0.0000001163
-0.0000026747	-0.0000001163
-0.0000026756	-0.0000001167
-0.0000026766	-0.0000001174
-0.0000026777	-0.0000001184
-0.0000026788	-0.0000001185
-0.0000026798	-0.0000001176
-0.0000026808	-0.0000001178
-0.0000026820	-0.0000001165
-0.0000026832	-0.0000001157
-0.0000026843	-0.0000001155
-0.0000026853	-0.0000001155
-0.0000026863	-0.0000001150
-0.0000026874	-0.0000001150
-0.0000026885	-0.0000001159
-0.0000026898	-0.0000001158
-0.0000026910	-0.0000001159
-0.0000026921	-0.0000001175
-0.0000026931	-0.0000001175
-0.0000026941	-0.0000001177
-0.0000026951	-0.0000001181
-0.0000026962	-0.0000001183
-0.0000026973	-0.0000001181
-0.0000026984	-0.0000001177
-0.0000026994	-0.0000001177
-0.0000027006	-0.0000001166
-0.0000027019	-0.0000001156
-0.0000027030	-0.0000001156
-0.0000027040	-0.0000001148
-0.0000027049	-0.0000001151
-0.0000027061	-0.0000001157
-0.0000027072	-0.0000001155
-0.0000027082	-0.0000001163
-0.0000027093	-0.0000001168
-0.0000027104	-0.0000001169
-0.0000027115	-0.0000001175
-0.0000027125	-0.0000001187
-0.0000027136	-0.0000001190
-0.0000027148	-0.0000001192
-0.0000027160	-0.0000001192
-0.0000027171	-0.0000001179
-0.0000027180	-0.0000001174
-0.0000027190	-0.0000001170
-0.0000027200	-0.0000001164
-0.0000027210	-0.0000001160
-0.0000027221	-0.0000001162
-0.0000027232	-0.0000001161
-0.0000027244	-0.0000001165
-0.0000027256	-0.0000001167
-0.0000027267	-0.0000001168
-0.0000027278	-0.0000001175
-0.0000027288	-0.0000001183
-0.0000027299	-0.0000001188
-0.0000027311	-0.0000001189
-0.0000027322	-0.0000001189
-0.0000027333	-0.0000001186
-0.0000027343	-0.0000001185
-0.0000027355	-0.0000001176
-0.0000027367	-0.0000001174
-0.0000027378	-0.0000001166
-0.0000027389	-0.0000001168
-0.0000027400	-0.0000001157
-0.0000027410	-0.0000001156
-0.0000027421	-0.0000001160
-0.0000027433	-0.0000001155
-0.0000027444	-0.0000001167
-0.0000027454	-0.0000001176
-0.0000027466	-0.0000001173
-0.0000027479	-0.0000001180
-0.0000027491	-0.0000001177
-0.0000027502	-0.0000001190
-0.0000027512	-0.0000001192
-0.0000027521	-0.0000001190
-0.0000027531	-0.0000001183
-0.0000027541	-0.0000001180
-0.0000027552	-0.0000001172
-0.0000027564	-0.0000001165
-0.0000027576	-0.0000001162
-0.0000027587	-0.0000001151
-0.0000027597	-0.0000001154
-0.0000027608	-0.0000001153
-0.0000027619	-0.0000001163
-0.0000027631	-0.0000001160
-0.0000027642	-0.0000001162
-0.0000027651	-0.0000001178
-0.0000027662	-0.0000001186
-0.0000027674	-0.0000001180
-0.0000027686	-0.0000001189
-0.0000027697	-0.0000001194
-0.0000027708	-0.0000001188
-0.0000027720	-0.0000001175
-0.0000027730	-0.0000001171
-0.0000027741	-0.0000001168
-0.0000027752	-0.0000001158
-0.0000027764	-0.0000001154
-0.0000027774	-0.0000001154
-0.0000027784	-0.0000001149
-0.0000027795	-0.0000001152
-0.0000027808	-0.0000001156
-0.0000027821	-0.0000001161
-0.0000027831	-0.0000001171
-0.0000027840	-0.0000001179
-0.0000027850	-0.0000001178
-0.0000027862	-0.0000001181
-0.0000027873	-0.0000001184
-0.0000027884	-0.0000001180
-0.0000027896	-0.0000001181
-0.0000027908	-0.0000001178
-0.0000027919	-0.0000001168
-0.0000027930	-0.0000001163
-0.0000027941	-0.0000001158
-0.0000027952	-0.0000001151
-0.0000027963	-0.0000001141
-0.0000027974	-0.0000001150
-0.0000027985	-0.0000001154
-0.0000027995	-0.0000001160
-0.0000028005	-0.0000001163
-0.0000028017	-0.0000001166
-0.0000028029	-0.0000001178
-0.0000028039	-0.0000001177
-0.0000028048	-0.0000001184
-0.0000028059	-0.0000001185
-0.0000028072	-0.0000001177
-0.0000028084	-0.0000001169
-0.0000028096	-0.0000001167
-0.0000028106	-0.0000001155
-0.0000028116	-0.0000001146
-0.0000028127	-0.0000001143
-0.0000028139	-0.0000001139
-0.0000028151	-0.0000001145
-0.0000028161	-0.0000001151
-0.0000028172	-0.0000001152
-0.0000028183	-0.0000001150
-0.0000028195	-0.0000001151
-0.0000028206	-0.0000001163
-0.0000028217	-0.0000001162
-0.0000028228	-0.0000001160
-0.0000028238	-0.0000001168
-0.0000028250	-0.0000001172
-0.0000028262	-0.0000001161
-0.0000028273	-0.0000001156
-0.0000028283	-0.0000001163
-0.0000028295	-0.0000001156
-0.0000028307	-0.0000001145
-0.0000028319	-0.0000001143
-0.0000028330	-0.0000001147
-0.0000028340	-0.0000001141
-0.0000028350	-0.0000001141
-0.0000028360	-0.0000001144
-0.0000028371	-0.0000001146
-0.0000028382	-0.0000001152
-0.0000028392	-0.0000001154
-0.0000028402	-0.0000001158
-0.0000028412	-0.0000001169
-0.0000028425	-0.0000001165
-0.0000028438	-0.0000001163
-0.0000028450	-0.0000001155
-0.0000028459	-0.0000001151
-0.0000028469	-0.0000001153
-0.0000028481	-0.0000001154
-0.0000028493	-0.0000001132
-0.0000028504	-0.0000001132
-0.0000028514	-0.0000001129
-0.0000028525	-0.0000001128
-0.0000028537	-0.0000001134
-0.0000028549	-0.0000001137
-0.0000028560	-0.0000001139
-0.0000028571	-0.0000001147
-0.0000028583	-0.0000001147
-0.0000028595	-0.0000001147
-0.0000028605	-0.0000001156
-0.0000028615	-0.0000001156
-0.0000028626	-0.0000001152
-0.0000028638	-0.0000001148
-0.0000028650	-0.0000001144
-0.0000028660	-0.0000001134
-0.0000028669	-0.0000001123
-0.0000028680	-0.0000001117
-0.0000028693	-0.0000001113
-0.0000028705	-0.0000001118
-0.0000028717	-0.0000001123
-0.0000028729	-0.0000001126
-0.0000028740	-0.0000001128
-0.0000028751	-0.0000001134
-0.0000028761	-0.0000001134
-0.0000028772	-0.0000001138
-0.0000028783	-0.0000001143
-0.0000028795	-0.0000001140
-0.0000028806	-0.0000001144
-0.0000028817	-0.0000001145
-0.0000028828	-0.0000001143
-0.0000028838	-0.0000001134
-0.0000028850	-0.0000001124
-0.0000028863	-0.0000001114
-0.0000028876	-0.0000001112
-0.0000028886	-0.0000001113
-0.0000028895	-0.0000001110
-0.0000028904	-0.0000001115
-0.0000028916	-0.0000001112
-0.0000028929	-0.0000001117
-0.0000028942	-0.0000001123
-0.0000028953	-0.0000001132
-0.0000028964	-0.0000001130
-0.0000028974	-0.0000001136
-0.0000028984	-0.0000001145
-0.0000028993	-0.0000001149
-0.0000029004	-0.0000001133
-0.0000029016	-0.0000001129
-0.0000029030	-0.0000001115
-0.0000029043	-0.0000001105
-0.0000029055	-0.0000001095
-0.0000029066	-0.0000001100
-0.0000029076	-0.0000001103
-0.0000029086	-0.0000001100
-0.0000029096	-0.0000001107
-0.0000029106	-0.0000001115
-0.0000029117	-0.0000001117
-0.0000029129	-0.0000001114
-0.0000029143	-0.0000001128
-0.0000029156	-0.0000001126
-0.0000029167	-0.0000001132
-0.0000029177	-0.0000001131
-0.0000029186	-0.0000001125
-0.0000029198	-0.0000001124
-0.0000029211	-0.0000001123
-0.0000029223	-0.0000001111
-0.0000029234	-0.0000001101
-0.0000029246	-0.0000001101
-0.0000029258	-0.0000001095
-0.0000029268	-0.0000001100
-0.0000029278	-0.0000001094
-0.0000029288	-0.0000001086
-0.0000029299	-0.0000001098
-0.0000029310	-0.0000001106
-0.0000029322	-0.0000001106
-0.0000029333	-0.0000001113
-0.0000029344	-0.0000001116
-0.0000029355	-0.0000001118
-0.0000029367	-0.0000001118
-0.0000029380	-0.0000001120
-0.0000029393	-0.0000001113
-0.0000029406	-0.0000001107
-0.0000029418	-0.0000001104
-0.0000029429	-0.0000001096
-0.0000029438	-0.0000001092
-0.0000029448	-0.0000001088
-0.0000029460	-0.0000001083
-0.0000029473	-0.0000001077
-0.0000029484	-0.0000001082
-0.0000029494	-0.0000001087
-0.0000029504	-0.0000001093
-0.0000029515	-0.0000001102
-0.0000029527	-0.0000001103
-0.0000029538	-0.0000001104
-0.0000029549	-0.0000001115
-0.0000029560	-0.0000001108
-0.0000029573	-0.0000001105
-0.0000029585	-0.0000001104
-0.0000029597	-0.0000001095
-0.0000029608	-0.0000001087
-0.0000029619	-0.0000001087
-0.0000029630	-0.0000001081
-0.0000029643	-0.0000001077
-0.0000029655	-0.0000001073
-0.0000029665	-0.0000001078
-0.0000029675	-0.0000001088
-0.0000029686	-0.0000001088
-0.0000029696	-0.0000001098
-0.0000029708	-0.0000001100
-0.0000029719	-0.0000001095
-0.0000029730	-0.0000001095
-0.0000029740	-0.0000001108
-0.0000029752	-0.0000001106
-0.0000029763	-0.0000001102
-0.0000029774	-0.0000001087
-0.0000029784	-0.0000001089
-0.0000029798	-0.0000001077
-0.0000029812	-0.0000001074
-0.0000029823	-0.0000001072
-0.0000029833	-0.0000001075
-0.0000029846	-0.0000001072
-0.0000029859	-0.0000001076
-0.0000029870	-0.0000001078
-0.0000029879	-0.0000001086
-0.0000029890	-0.0000001092
-0.0000029902	-0.0000001092
-0.0000029913	-0.0000001092
-0.0000029925	-0.0000001103
-0.0000029938	-0.0000001102
-0.0000029950	-0.0000001096
-0.0000029961	-0.0000001091
-0.0000029972	-0.0000001088
-0.0000029983	-0.0000001075
-0.0000029993	-0.0000001071
-0.0000030005	-0.0000001068
-0.0000030016	-0.0000001063
-0.0000030027	-0.0000001059
-0.0000030038	-0.0000001068
-0.0000030049	-0.0000001068
-0.0000030059	-0.0000001077
-0.0000030070	-0.0000001081
-0.0000030082	-0.0000001088
-0.0000030095	-0.0000001095
-0.0000030107	-0.0000001102
-0.0000030118	-0.0000001096
-0.0000030130	-0.0000001098
-0.0000030143	-0.0000001097
-0.0000030156	-0.0000001091
-0.0000030166	-0.0000001084
-0.0000030176	-0.0000001080
-0.0000030185	-0.0000001075
-0.0000030197	-0.0000001076
-0.0000030210	-0.0000001063
-0.0000030222	-0.0000001069
-0.0000030234	-0.0000001067
-0.0000030246	-0.0000001068
-0.0000030257	-0.0000001077
-0.0000030266	-0.0000001078
-0.0000030275	-0.0000001089
-0.0000030286	-0.0000001099
-0.0000030299	-0.0000001099
-0.0000030312	-0.0000001104
-0.0000030324	-0.0000001101
-0.0000030335	-0.0000001093
-0.0000030347	-0.0000001083
-0.0000030359	-0.0000001074
-0.0000030370	-0.0000001069
-0.0000030380	-0.0000001061
-0.0000030391	-0.0000001064
-0.0000030403	-0.0000001069
-0.0000030415	-0.0000001066
-0.0000030426	-0.0000001069
-0.0000030438	-0.0000001075
-0.0000030450	-0.0000001079
-0.0000030461	-0.0000001083
-0.0000030472	-0.0000001087
-0.0000030483	-0.0000001097
-0.0000030496	-0.0000001096
-0.0000030509	-0.0000001096
-0.0000030521	-0.0000001097
-0.0000030532	-0.0000001092
-0.0000030542	-0.0000001088
-0.0000030553	-0.0000001082
-0.0000030564	-0.0000001068
-0.0000030575	-0.0000001071
-0.0000030587	-0.0000001066
-0.0000030601	-0.0000001067
-0.0000030613	-0.0000001067
-0.0000030623	-0.0000001075
-0.0000030633	-0.0000001079
-0.0000030645	-0.0000001089
-0.0000030657	-0.0000001096
-0.0000030668	-0.0000001099
-0.0000030679	-0.0000001097
-0.0000030690	-0.0000001104
-0.0000030702	-0.0000001102
-0.0000030714	-0.0000001092
-0.0000030725	-0.0000001088
-0.0000030736	-0.0000001085
-0.0000030746	-0.0000001084
-0.0000030758	-0.0000001077
-0.0000030770	-0.0000001077
-0.0000030783	-0.0000001070
-0.0000030794	-0.0000001070
-0.0000030806	-0.0000001066
-0.0000030817	-0.0000001071
-0.0000030829	-0.0000001076
-0.0000030841	-0.0000001085
-0.0000030853	-0.0000001091
-0.0000030864	-0.0000001094
-0.0000030875	-0.0000001094
-0.0000030886	-0.0000001103
-0.0000030896	-0.0000001104
-0.0000030908	-0.0000001100
-0.0000030921	-0.0000001087
-0.0000030934	-0.0000001081
-0.0000030945	-0.0000001075
-0.0000030956	-0.0000001081
-0.0000030968	-0.0000001068
-0.0000030979	-0.0000001066
-0.0000030991	-0.0000001068
-0.0000031002	-0.0000001068
-0.0000031014	-0.0000001076
-0.0000031026	-0.0000001079
-0.0000031037	-0.0000001090
-0.0000031047	-0.0000001101
-0.0000031058	-0.0000001104
-0.0000031070	-0.0000001103
-0.0000031081	-0.0000001100
-0.0000031092	-0.0000001100
-0.0000031104	-0.0000001098
-0.0000031116	-0.0000001097
-0.0000031129	-0.0000001088
-0.0000031142	-0.0000001078
