-0.00000147283000000000	0.00000092815500000000
-0.00000147316000000000	0.00000096618400000000
-0.00000147304000000000	0.00000095643900000000
-0.00000147302000000000	0.00000093403600000000
-0.00000147296000000000	0.00000090941200000000
-0.00000147297000000000	0.00000088931300000000
-0.00000147297000000000	0.00000086633800000000
-0.00000147295000000000	0.00000083898000000000
-0.00000147299000000000	0.00000081370000000000
-0.00000147297000000000	0.00000078765200000000
-0.00000147296000000000	0.00000076066300000000
-0.00000147296000000000	0.00000073427700000000
-0.00000147292000000000	0.00000070807100000000
-0.00000147288000000000	0.00000068012500000000
-0.00000147287000000000	0.00000065043300000000
-0.00000147277000000000	0.00000061971600000000
-0.00000147263000000000	0.00000059014400000000
-0.00000147255000000000	0.00000056178500000000
-0.00000147253000000000	0.00000053049600000000
-0.00000147261000000000	0.00000049884500000000
-0.00000147257000000000	0.00000046806100000000
-0.00000147229000000000	0.00000043729200000000
-0.00000147205000000000	0.00000040598800000000
-0.00000147211000000000	0.00000037491700000000
-0.00000147224000000000	0.00000034244600000000
-0.00000147223000000000	0.00000031091600000000
-0.00000147200000000000	0.00000027737600000000
-0.00000147181000000000	0.00000024513800000000
-0.00000147175000000000	0.00000021487300000000
-0.00000147169000000000	0.00000018248500000000
-0.00000147164000000000	0.00000014870300000000
-0.00000147165000000000	0.00000011422100000000
-0.00000147173000000000	0.00000008131350000000
-0.00000147170000000000	0.00000004708770000000
-0.00000147148000000000	0.00000001378070000000
-0.00000147119000000000	-0.00000001985020000000
-0.00000147111000000000	-0.00000005352630000000
-0.00000147119000000000	-0.00000008809090000000
-0.00000147123000000000	-0.00000012192500000000
-0.00000147115000000000	-0.00000015530700000000
-0.00000147110000000000	-0.00000018863000000000
-0.00000147116000000000	-0.00000022298300000000
-0.00000147122000000000	-0.00000025774400000000
-0.00000147113000000000	-0.00000029203000000000
-0.00000147099000000000	-0.00000032462200000000
-0.00000147091000000000	-0.00000035729600000000
-0.00000147088000000000	-0.00000039188300000000
-0.00000147086000000000	-0.00000042683200000000
-0.00000147080000000000	-0.00000046179600000000
-0.00000147070000000000	-0.00000049601400000000
-0.00000147059000000000	-0.00000052988600000000
-0.00000147056000000000	-0.00000056288400000000
-0.00000147065000000000	-0.00000059355600000000
-0.00000147108000000000	-0.00000061126000000000
-0.00000147204000000000	-0.00000060843600000000
-0.00000147317000000000	-0.00000060232100000000
-0.00000147436000000000	-0.00000059516700000000
-0.00000147537000000000	-0.00000058915800000000
-0.00000147616000000000	-0.00000058503900000000
-0.00000147701000000000	-0.00000058257600000000
-0.00000147809000000000	-0.00000057922500000000
-0.00000147915000000000	-0.00000057823100000000
-0.00000148017000000000	-0.00000057683800000000
-0.00000148114000000000	-0.00000057604700000000
-0.00000148202000000000	-0.00000057569300000000
-0.00000148282000000000	-0.00000057582900000000
-0.00000148370000000000	-0.00000057576900000000
-0.00000148470000000000	-0.00000057616000000000
-0.00000148571000000000	-0.00000057780900000000
-0.00000148667000000000	-0.00000057740300000000
-0.00000148752000000000	-0.00000057723700000000
-0.00000148840000000000	-0.00000057763600000000
-0.00000148943000000000	-0.00000057713900000000
-0.00000149050000000000	-0.00000057585200000000
-0.00000149146000000000	-0.00000057554300000000
-0.00000149234000000000	-0.00000057567800000000
-0.00000149320000000000	-0.00000057628100000000
-0.00000149412000000000	-0.00000057554300000000
-0.00000149508000000000	-0.00000057425500000000
-0.00000149605000000000	-0.00000057390100000000
-0.00000149700000000000	-0.00000057465400000000
-0.00000149792000000000	-0.00000057498600000000
-0.00000149881000000000	-0.00000057527900000000
-0.00000149972000000000	-0.00000057653700000000
-0.00000150072000000000	-0.00000057639400000000
-0.00000150164000000000	-0.00000057706400000000
-0.00000150249000000000	-0.00000057757600000000
-0.00000150342000000000	-0.00000057683000000000
-0.00000150441000000000	-0.00000057672500000000
-0.00000150542000000000	-0.00000057717700000000
-0.00000150639000000000	-0.00000057665000000000
-0.00000150728000000000	-0.00000057589700000000
-0.00000150817000000000	-0.00000057597200000000
-0.00000150923000000000	-0.00000057555800000000
-0.00000151036000000000	-0.00000057451100000000
-0.00000151130000000000	-0.00000057500100000000
-0.00000151212000000000	-0.00000057480500000000
-0.00000151299000000000	-0.00000057503800000000
-0.00000151402000000000	-0.00000057545200000000
-0.00000151508000000000	-0.00000057569300000000
-0.00000151602000000000	-0.00000057628100000000
-0.00000151690000000000	-0.00000057713900000000
-0.00000151791000000000	-0.00000057698100000000
-0.00000151891000000000	-0.00000057788500000000
-0.00000151982000000000	-0.00000057684500000000
-0.00000152058000000000	-0.00000057694300000000
-0.00000152139000000000	-0.00000057619800000000
-0.00000152239000000000	-0.00000057585200000000
-0.00000152353000000000	-0.00000057557300000000
-0.00000152452000000000	-0.00000057541500000000
-0.00000152533000000000	-0.00000057503800000000
-0.00000152628000000000	-0.00000057478200000000
-0.00000152743000000000	-0.00000057386300000000
-0.00000152846000000000	-0.00000057372800000000
-0.00000152937000000000	-0.00000057458600000000
-0.00000153033000000000	-0.00000057549800000000
-0.00000153138000000000	-0.00000057511400000000
-0.00000153239000000000	-0.00000057579900000000
-0.00000153338000000000	-0.00000057662000000000
-0.00000153429000000000	-0.00000057756800000000
-0.00000153521000000000	-0.00000057694300000000
-0.00000153616000000000	-0.00000057678500000000
-0.00000153707000000000	-0.00000057675500000000
-0.00000153799000000000	-0.00000057583600000000
-0.00000153898000000000	-0.00000057594200000000
-0.00000154003000000000	-0.00000057521900000000
-0.00000154106000000000	-0.00000057466200000000
-0.00000154206000000000	-0.00000057486500000000
-0.00000154300000000000	-0.00000057445800000000
-0.00000154392000000000	-0.00000057427800000000
-0.00000154487000000000	-0.00000057460900000000
-0.00000154577000000000	-0.00000057575400000000
-0.00000154666000000000	-0.00000057628800000000
-0.00000154763000000000	-0.00000057577600000000
-0.00000154866000000000	-0.00000057689800000000
-0.00000154971000000000	-0.00000057748600000000
-0.00000155067000000000	-0.00000057771200000000
-0.00000155165000000000	-0.00000057741000000000
-0.00000155273000000000	-0.00000057695800000000
-0.00000155376000000000	-0.00000057622800000000
-0.00000155463000000000	-0.00000057663500000000
-0.00000155558000000000	-0.00000057679300000000
-0.00000155664000000000	-0.00000057588900000000
-0.00000155766000000000	-0.00000057497000000000
-0.00000155868000000000	-0.00000057527200000000
-0.00000155973000000000	-0.00000057540000000000
-0.00000156058000000000	-0.00000057473700000000
-0.00000156134000000000	-0.00000057551300000000
-0.00000156233000000000	-0.00000057584400000000
-0.00000156343000000000	-0.00000057612300000000
-0.00000156449000000000	-0.00000057647700000000
-0.00000156556000000000	-0.00000057626600000000
-0.00000156655000000000	-0.00000057658200000000
-0.00000156746000000000	-0.00000057695100000000
-0.00000156842000000000	-0.00000057738800000000
-0.00000156946000000000	-0.00000057741800000000
-0.00000157045000000000	-0.00000057620500000000
-0.00000157127000000000	-0.00000057626600000000
-0.00000157210000000000	-0.00000057548300000000
-0.00000157305000000000	-0.00000057559500000000
-0.00000157419000000000	-0.00000057473700000000
-0.00000157533000000000	-0.00000057433000000000
-0.00000157638000000000	-0.00000057450400000000
-0.00000157741000000000	-0.00000057435300000000
-0.00000157845000000000	-0.00000057457100000000
-0.00000157941000000000	-0.00000057592700000000
-0.00000158035000000000	-0.00000057542200000000
-0.00000158126000000000	-0.00000057596400000000
-0.00000158220000000000	-0.00000057715400000000
-0.00000158319000000000	-0.00000057796000000000
-0.00000158428000000000	-0.00000057741000000000
-0.00000158535000000000	-0.00000057732000000000
-0.00000158631000000000	-0.00000057674000000000
-0.00000158721000000000	-0.00000057634900000000
-0.00000158824000000000	-0.00000057604700000000
-0.00000158940000000000	-0.00000057603200000000
-0.00000159047000000000	-0.00000057613800000000
-0.00000159140000000000	-0.00000057502300000000
-0.00000159233000000000	-0.00000057396900000000
-0.00000159335000000000	-0.00000057395400000000
-0.00000159428000000000	-0.00000057447300000000
-0.00000159503000000000	-0.00000057552800000000
-0.00000159597000000000	-0.00000057467700000000
-0.00000159712000000000	-0.00000057532400000000
-0.00000159811000000000	-0.00000057708600000000
-0.00000159885000000000	-0.00000057667200000000
-0.00000159961000000000	-0.00000057720700000000
-0.00000160070000000000	-0.00000057698900000000
-0.00000160192000000000	-0.00000057681500000000
-0.00000160304000000000	-0.00000057676300000000
-0.00000160410000000000	-0.00000057569300000000
-0.00000160508000000000	-0.00000057621300000000
-0.00000160604000000000	-0.00000057495500000000
-0.00000160696000000000	-0.00000057455600000000
-0.00000160793000000000	-0.00000057474500000000
-0.00000160890000000000	-0.00000057457900000000
-0.00000160978000000000	-0.00000057433000000000
-0.00000161070000000000	-0.00000057369800000000
-0.00000161169000000000	-0.00000057448800000000
-0.00000161274000000000	-0.00000057547500000000
-0.00000161381000000000	-0.00000057581400000000
-0.00000161485000000000	-0.00000057535500000000
-0.00000161586000000000	-0.00000057711700000000
-0.00000161692000000000	-0.00000057756100000000
-0.00000161788000000000	-0.00000057644600000000
-0.00000161874000000000	-0.00000057636400000000
-0.00000161969000000000	-0.00000057653700000000
-0.00000162072000000000	-0.00000057597200000000
-0.00000162171000000000	-0.00000057582100000000
-0.00000162273000000000	-0.00000057512900000000
-0.00000162377000000000	-0.00000057497800000000
-0.00000162481000000000	-0.00000057395400000000
-0.00000162579000000000	-0.00000057308800000000
-0.00000162676000000000	-0.00000057357000000000
-0.00000162774000000000	-0.00000057384800000000
-0.00000162874000000000	-0.00000057429300000000
-0.00000162979000000000	-0.00000057529400000000
-0.00000163088000000000	-0.00000057521100000000
-0.00000163189000000000	-0.00000057628800000000
-0.00000163284000000000	-0.00000057647700000000
-0.00000163379000000000	-0.00000057561000000000
-0.00000163469000000000	-0.00000057671000000000
-0.00000163570000000000	-0.00000057655200000000
-0.00000163683000000000	-0.00000057544500000000
-0.00000163792000000000	-0.00000057494800000000
-0.00000163897000000000	-0.00000057411200000000
-0.00000164000000000000	-0.00000057349400000000
-0.00000164106000000000	-0.00000057383300000000
-0.00000164219000000000	-0.00000057339700000000
-0.00000164328000000000	-0.00000057265100000000
-0.00000164412000000000	-0.00000057377300000000
-0.00000164488000000000	-0.00000057391600000000
-0.00000164580000000000	-0.00000057424000000000
-0.00000164688000000000	-0.00000057574600000000
-0.00000164795000000000	-0.00000057574600000000
-0.00000164885000000000	-0.00000057609200000000
-0.00000164983000000000	-0.00000057591900000000
-0.00000165099000000000	-0.00000057609200000000
-0.00000165209000000000	-0.00000057634900000000
-0.00000165309000000000	-0.00000057597200000000
-0.00000165415000000000	-0.00000057495500000000
-0.00000165518000000000	-0.00000057473700000000
-0.00000165611000000000	-0.00000057388600000000
-0.00000165706000000000	-0.00000057420200000000
-0.00000165815000000000	-0.00000057380300000000
-0.00000165921000000000	-0.00000057352500000000
-0.00000166015000000000	-0.00000057265100000000
-0.00000166106000000000	-0.00000057376600000000
-0.00000166213000000000	-0.00000057354700000000
-0.00000166321000000000	-0.00000057392400000000
-0.00000166416000000000	-0.00000057493300000000
-0.00000166510000000000	-0.00000057471400000000
-0.00000166607000000000	-0.00000057519600000000
-0.00000166712000000000	-0.00000057537000000000
-0.00000166817000000000	-0.00000057512100000000
-0.00000166911000000000	-0.00000057454100000000
-0.00000167001000000000	-0.00000057439100000000
-0.00000167102000000000	-0.00000057485000000000
-0.00000167209000000000	-0.00000057425500000000
-0.00000167314000000000	-0.00000057326900000000
-0.00000167424000000000	-0.00000057315600000000
-0.00000167541000000000	-0.00000057268900000000
-0.00000167646000000000	-0.00000057239500000000
-0.00000167737000000000	-0.00000057323100000000
-0.00000167827000000000	-0.00000057356200000000
-0.00000167924000000000	-0.00000057377300000000
-0.00000168024000000000	-0.00000057490300000000
-0.00000168135000000000	-0.00000057415000000000
-0.00000168249000000000	-0.00000057494000000000
-0.00000168368000000000	-0.00000057547500000000
-0.00000168480000000000	-0.00000057469200000000
-0.00000168573000000000	-0.00000057510600000000
-0.00000168660000000000	-0.00000057533200000000
-0.00000168753000000000	-0.00000057485700000000
-0.00000168858000000000	-0.00000057405200000000
-0.00000168966000000000	-0.00000057329100000000
-0.00000169071000000000	-0.00000057311000000000
-0.00000169173000000000	-0.00000057216900000000
-0.00000169273000000000	-0.00000057189800000000
-0.00000169376000000000	-0.00000057153700000000
-0.00000169480000000000	-0.00000057115200000000
-0.00000169579000000000	-0.00000057143900000000
-0.00000169674000000000	-0.00000057244800000000
-0.00000169769000000000	-0.00000057387900000000
-0.00000169869000000000	-0.00000057466900000000
-0.00000169978000000000	-0.00000057439800000000
-0.00000170083000000000	-0.00000057440600000000
-0.00000170178000000000	-0.00000057399100000000
-0.00000170270000000000	-0.00000057361500000000
-0.00000170379000000000	-0.00000057268900000000
-0.00000170496000000000	-0.00000057229000000000
-0.00000170597000000000	-0.00000057328400000000
-0.00000170692000000000	-0.00000057251600000000
-0.00000170794000000000	-0.00000057286200000000
-0.00000170917000000000	-0.00000057177000000000
-0.00000171034000000000	-0.00000057109200000000
-0.00000171127000000000	-0.00000057138600000000
-0.00000171208000000000	-0.00000057129600000000
-0.00000171296000000000	-0.00000057155900000000
-0.00000171408000000000	-0.00000057259800000000
-0.00000171537000000000	-0.00000057232000000000
-0.00000171648000000000	-0.00000057160400000000
-0.00000171732000000000	-0.00000057283900000000
-0.00000171820000000000	-0.00000057296000000000
-0.00000171929000000000	-0.00000057258300000000
-0.00000172050000000000	-0.00000057317800000000
-0.00000172166000000000	-0.00000057253100000000
-0.00000172265000000000	-0.00000057178500000000
-0.00000172364000000000	-0.00000057115200000000
-0.00000172470000000000	-0.00000057140100000000
-0.00000172572000000000	-0.00000057107000000000
-0.00000172657000000000	-0.00000057106200000000
-0.00000172749000000000	-0.00000057034700000000
-0.00000172862000000000	-0.00000057003800000000
-0.00000172975000000000	-0.00000057136300000000
-0.00000173074000000000	-0.00000057153700000000
-0.00000173164000000000	-0.00000057160400000000
-0.00000173261000000000	-0.00000057222900000000
-0.00000173367000000000	-0.00000057186000000000
-0.00000173471000000000	-0.00000057224400000000
-0.00000173578000000000	-0.00000057247000000000
-0.00000173680000000000	-0.00000057236500000000
-0.00000173772000000000	-0.00000057169500000000
-0.00000173868000000000	-0.00000057172500000000
-0.00000173990000000000	-0.00000057134100000000
-0.00000174114000000000	-0.00000057073800000000
-0.00000174211000000000	-0.00000057064800000000
-0.00000174295000000000	-0.00000056977400000000
-0.00000174386000000000	-0.00000057015800000000
-0.00000174488000000000	-0.00000056966900000000
-0.00000174589000000000	-0.00000056967700000000
-0.00000174691000000000	-0.00000057017400000000
-0.00000174795000000000	-0.00000057025600000000
-0.00000174897000000000	-0.00000057113700000000
-0.00000175000000000000	-0.00000057213900000000
-0.00000175112000000000	-0.00000057112200000000
-0.00000175221000000000	-0.00000057205600000000
-0.00000175332000000000	-0.00000057116800000000
-0.00000175435000000000	-0.00000057207900000000
-0.00000175536000000000	-0.00000057183000000000
-0.00000175632000000000	-0.00000057100900000000
-0.00000175733000000000	-0.00000056994800000000
-0.00000175844000000000	-0.00000057040700000000
-0.00000175954000000000	-0.00000056966900000000
-0.00000176049000000000	-0.00000056890800000000
-0.00000176142000000000	-0.00000056856200000000
-0.00000176243000000000	-0.00000056802000000000
-0.00000176344000000000	-0.00000056878800000000
-0.00000176449000000000	-0.00000056970700000000
-0.00000176555000000000	-0.00000056982700000000
-0.00000176658000000000	-0.00000056973700000000
-0.00000176762000000000	-0.00000057051200000000
-0.00000176873000000000	-0.00000057095700000000
-0.00000176983000000000	-0.00000057070800000000
-0.00000177082000000000	-0.00000057094900000000
-0.00000177180000000000	-0.00000057048200000000
-0.00000177290000000000	-0.00000056949600000000
-0.00000177408000000000	-0.00000056958600000000
-0.00000177522000000000	-0.00000056941300000000
-0.00000177618000000000	-0.00000056903600000000
-0.00000177706000000000	-0.00000056878800000000
-0.00000177802000000000	-0.00000056799000000000
-0.00000177903000000000	-0.00000056798200000000
-0.00000178006000000000	-0.00000056813300000000
-0.00000178111000000000	-0.00000056819300000000
-0.00000178216000000000	-0.00000056897600000000
-0.00000178318000000000	-0.00000056936800000000
-0.00000178412000000000	-0.00000056960100000000
-0.00000178503000000000	-0.00000057056500000000
-0.00000178614000000000	-0.00000057025600000000
-0.00000178746000000000	-0.00000057048200000000
-0.00000178879000000000	-0.00000057027100000000
-0.00000178982000000000	-0.00000057027900000000
-0.00000179064000000000	-0.00000056945100000000
-0.00000179150000000000	-0.00000056891600000000
-0.00000179252000000000	-0.00000056850200000000
-0.00000179362000000000	-0.00000056750000000000
-0.00000179467000000000	-0.00000056754500000000
-0.00000179573000000000	-0.00000056677700000000
-0.00000179681000000000	-0.00000056680000000000
-0.00000179790000000000	-0.00000056686800000000
-0.00000179894000000000	-0.00000056775600000000
-0.00000179998000000000	-0.00000056890800000000
-0.00000180107000000000	-0.00000056908200000000
-0.00000180211000000000	-0.00000057000000000000
-0.00000180306000000000	-0.00000057068600000000
-0.00000180401000000000	-0.00000057014300000000
-0.00000180504000000000	-0.00000056914900000000
-0.00000180612000000000	-0.00000057039900000000
-0.00000180734000000000	-0.00000056959400000000
-0.00000180855000000000	-0.00000056914900000000
-0.00000180953000000000	-0.00000056904400000000
-0.00000181036000000000	-0.00000056847200000000
-0.00000181131000000000	-0.00000056857700000000
-0.00000181245000000000	-0.00000056750000000000
-0.00000181356000000000	-0.00000056657400000000
-0.00000181459000000000	-0.00000056650600000000
-0.00000181548000000000	-0.00000056854700000000
-0.00000181635000000000	-0.00000056823800000000
-0.00000181738000000000	-0.00000056809500000000
-0.00000181867000000000	-0.00000056954900000000
-0.00000182000000000000	-0.00000056911200000000
-0.00000182099000000000	-0.00000056902100000000
-0.00000182182000000000	-0.00000056930000000000
-0.00000182286000000000	-0.00000056881800000000
-0.00000182408000000000	-0.00000056939800000000
-0.00000182527000000000	-0.00000056936800000000
-0.00000182627000000000	-0.00000056890100000000
-0.00000182719000000000	-0.00000056817000000000
-0.00000182818000000000	-0.00000056809500000000
-0.00000182924000000000	-0.00000056827600000000
-0.00000183028000000000	-0.00000056708600000000
-0.00000183128000000000	-0.00000056694300000000
-0.00000183233000000000	-0.00000056704800000000
-0.00000183341000000000	-0.00000056769600000000
-0.00000183445000000000	-0.00000056849400000000
-0.00000183543000000000	-0.00000056861500000000
-0.00000183645000000000	-0.00000056879500000000
-0.00000183755000000000	-0.00000056850200000000
-0.00000183852000000000	-0.00000057002300000000
-0.00000183951000000000	-0.00000056863700000000
-0.00000184053000000000	-0.00000056900600000000
-0.00000184163000000000	-0.00000056918700000000
-0.00000184274000000000	-0.00000056814800000000
-0.00000184379000000000	-0.00000056826100000000
-0.00000184496000000000	-0.00000056713900000000
-0.00000184614000000000	-0.00000056658900000000
-0.00000184723000000000	-0.00000056674700000000
-0.00000184828000000000	-0.00000056602400000000
-0.00000184932000000000	-0.00000056623500000000
-0.00000185039000000000	-0.00000056634100000000
-0.00000185140000000000	-0.00000056699600000000
-0.00000185238000000000	-0.00000056740200000000
-0.00000185339000000000	-0.00000056786200000000
-0.00000185443000000000	-0.00000056771900000000
-0.00000185545000000000	-0.00000056872800000000
-0.00000185657000000000	-0.00000056905200000000
-0.00000185779000000000	-0.00000056809500000000
-0.00000185884000000000	-0.00000056875000000000
-0.00000185977000000000	-0.00000056876500000000
-0.00000186079000000000	-0.00000056801200000000
-0.00000186193000000000	-0.00000056713900000000
-0.00000186301000000000	-0.00000056767300000000
-0.00000186404000000000	-0.00000056704800000000
-0.00000186504000000000	-0.00000056678500000000
-0.00000186605000000000	-0.00000056630300000000
-0.00000186701000000000	-0.00000056667200000000
-0.00000186790000000000	-0.00000056625800000000
-0.00000186877000000000	-0.00000056680000000000
-0.00000186983000000000	-0.00000056844900000000
-0.00000187115000000000	-0.00000056858500000000
-0.00000187242000000000	-0.00000056887800000000
-0.00000187342000000000	-0.00000057023400000000
-0.00000187437000000000	-0.00000056928500000000
-0.00000187544000000000	-0.00000056868300000000
-0.00000187659000000000	-0.00000056866000000000
-0.00000187761000000000	-0.00000056857700000000
-0.00000187855000000000	-0.00000056826100000000
-0.00000187961000000000	-0.00000056813300000000
-0.00000188078000000000	-0.00000056690500000000
-0.00000188184000000000	-0.00000056723700000000
-0.00000188288000000000	-0.00000056704100000000
-0.00000188398000000000	-0.00000056623500000000
-0.00000188490000000000	-0.00000056701800000000
-0.00000188573000000000	-0.00000056777100000000
-0.00000188675000000000	-0.00000056829100000000
-0.00000188801000000000	-0.00000056778600000000
-0.00000188917000000000	-0.00000056814000000000
-0.00000189014000000000	-0.00000056881800000000
-0.00000189115000000000	-0.00000056869800000000
-0.00000189225000000000	-0.00000056917200000000
-0.00000189338000000000	-0.00000056869000000000
-0.00000189446000000000	-0.00000056867500000000
-0.00000189555000000000	-0.00000056780900000000
-0.00000189656000000000	-0.00000056744000000000
-0.00000189750000000000	-0.00000056788400000000
-0.00000189854000000000	-0.00000056744000000000
-0.00000189972000000000	-0.00000056672500000000
-0.00000190085000000000	-0.00000056697300000000
-0.00000190189000000000	-0.00000056674700000000
-0.00000190291000000000	-0.00000056646100000000
-0.00000190403000000000	-0.00000056642300000000
-0.00000190515000000000	-0.00000056743300000000
-0.00000190617000000000	-0.00000056822300000000
-0.00000190717000000000	-0.00000056794500000000
-0.00000190822000000000	-0.00000056826100000000
-0.00000190929000000000	-0.00000056835100000000
-0.00000191031000000000	-0.00000056858500000000
-0.00000191133000000000	-0.00000056848700000000
-0.00000191233000000000	-0.00000056766600000000
-0.00000191332000000000	-0.00000056769600000000
-0.00000191449000000000	-0.00000056761300000000
-0.00000191580000000000	-0.00000056666400000000
-0.00000191696000000000	-0.00000056565500000000
-0.00000191787000000000	-0.00000056628800000000
-0.00000191880000000000	-0.00000056618200000000
-0.00000191983000000000	-0.00000056657400000000
-0.00000192089000000000	-0.00000056706400000000
-0.00000192200000000000	-0.00000056689800000000
-0.00000192316000000000	-0.00000056750800000000
-0.00000192427000000000	-0.00000056826800000000
-0.00000192524000000000	-0.00000056912700000000
-0.00000192619000000000	-0.00000056898400000000
-0.00000192713000000000	-0.00000056948800000000
-0.00000192820000000000	-0.00000056887800000000
-0.00000192933000000000	-0.00000056844200000000
-0.00000193042000000000	-0.00000056848700000000
-0.00000193148000000000	-0.00000056803500000000
-0.00000193258000000000	-0.00000056755300000000
-0.00000193369000000000	-0.00000056672500000000
-0.00000193475000000000	-0.00000056587400000000
-0.00000193584000000000	-0.00000056612200000000
-0.00000193705000000000	-0.00000056582100000000
-0.00000193811000000000	-0.00000056636300000000
-0.00000193899000000000	-0.00000056616000000000
-0.00000193992000000000	-0.00000056698100000000
-0.00000194113000000000	-0.00000056728900000000
-0.00000194232000000000	-0.00000056823800000000
-0.00000194327000000000	-0.00000056887100000000
-0.00000194414000000000	-0.00000056942100000000
-0.00000194522000000000	-0.00000056879500000000
-0.00000194641000000000	-0.00000056913400000000
-0.00000194758000000000	-0.00000056858500000000
-0.00000194864000000000	-0.00000056869800000000
-0.00000194978000000000	-0.00000056842700000000
-0.00000195095000000000	-0.00000056840400000000
-0.00000195199000000000	-0.00000056818600000000
-0.00000195296000000000	-0.00000056735000000000
-0.00000195404000000000	-0.00000056701800000000
-0.00000195520000000000	-0.00000056663400000000
-0.00000195620000000000	-0.00000056679200000000
-0.00000195714000000000	-0.00000056673200000000
-0.00000195819000000000	-0.00000056773400000000
-0.00000195940000000000	-0.00000056829900000000
-0.00000196052000000000	-0.00000056887800000000
-0.00000196150000000000	-0.00000056998500000000
-0.00000196255000000000	-0.00000056980500000000
-0.00000196365000000000	-0.00000056937500000000
-0.00000196464000000000	-0.00000056984200000000
-0.00000196561000000000	-0.00000056956400000000
-0.00000196674000000000	-0.00000056868300000000
-0.00000196796000000000	-0.00000056808800000000
-0.00000196911000000000	-0.00000056809500000000
-0.00000197018000000000	-0.00000056792200000000
-0.00000197126000000000	-0.00000056640100000000
-0.00000197229000000000	-0.00000056582100000000
-0.00000197328000000000	-0.00000056539200000000
-0.00000197431000000000	-0.00000056616000000000
-0.00000197544000000000	-0.00000056643900000000
-0.00000197644000000000	-0.00000056727400000000
-0.00000197732000000000	-0.00000056749300000000
-0.00000197835000000000	-0.00000056807300000000
-0.00000197961000000000	-0.00000056826100000000
-0.00000198080000000000	-0.00000056847900000000
-0.00000198183000000000	-0.00000056879500000000
-0.00000198284000000000	-0.00000056875800000000
-0.00000198388000000000	-0.00000056792200000000
-0.00000198489000000000	-0.00000056735000000000
-0.00000198593000000000	-0.00000056779400000000
-0.00000198708000000000	-0.00000056700300000000
-0.00000198818000000000	-0.00000056652100000000
-0.00000198920000000000	-0.00000056567800000000
-0.00000199019000000000	-0.00000056619800000000
-0.00000199129000000000	-0.00000056669400000000
-0.00000199240000000000	-0.00000056678500000000
-0.00000199344000000000	-0.00000056717600000000
-0.00000199447000000000	-0.00000056753800000000
-0.00000199553000000000	-0.00000056827600000000
-0.00000199656000000000	-0.00000056878000000000
-0.00000199755000000000	-0.00000056869000000000
-0.00000199858000000000	-0.00000056854000000000
-0.00000199975000000000	-0.00000056878800000000
-0.00000200105000000000	-0.00000056859200000000
-0.00000200223000000000	-0.00000056809500000000
-0.00000200319000000000	-0.00000056802700000000
-0.00000200417000000000	-0.00000056748500000000
-0.00000200528000000000	-0.00000056732700000000
-0.00000200636000000000	-0.00000056692000000000
-0.00000200736000000000	-0.00000056628800000000
-0.00000200844000000000	-0.00000056533900000000
-0.00000200968000000000	-0.00000056613700000000
-0.00000201089000000000	-0.00000056686000000000
-0.00000201180000000000	-0.00000056722200000000
-0.00000201264000000000	-0.00000056727400000000
-0.00000201374000000000	-0.00000056760600000000
-0.00000201496000000000	-0.00000056792900000000
-0.00000201606000000000	-0.00000056827600000000
-0.00000201702000000000	-0.00000056889300000000
-0.00000201798000000000	-0.00000056811000000000
-0.00000201901000000000	-0.00000056855500000000
-0.00000202017000000000	-0.00000056825300000000
-0.00000202129000000000	-0.00000056796700000000
-0.00000202229000000000	-0.00000056785400000000
-0.00000202333000000000	-0.00000056686800000000
-0.00000202445000000000	-0.00000056649100000000
-0.00000202559000000000	-0.00000056531600000000
-0.00000202656000000000	-0.00000056564000000000
-0.00000202761000000000	-0.00000056503800000000
-0.00000202888000000000	-0.00000056589600000000
-0.00000203018000000000	-0.00000056756800000000
-0.00000203120000000000	-0.00000056838100000000
-0.00000203201000000000	-0.00000056875800000000
-0.00000203291000000000	-0.00000056926200000000
-0.00000203406000000000	-0.00000056872800000000
-0.00000203530000000000	-0.00000056830600000000
-0.00000203647000000000	-0.00000056783900000000
-0.00000203750000000000	-0.00000056807300000000
-0.00000203851000000000	-0.00000056843400000000
-0.00000203964000000000	-0.00000056777900000000
-0.00000204085000000000	-0.00000056591100000000
-0.00000204191000000000	-0.00000056670200000000
-0.00000204284000000000	-0.00000056652100000000
-0.00000204369000000000	-0.00000056613000000000
-0.00000204465000000000	-0.00000056568500000000
-0.00000204584000000000	-0.00000056626500000000
-0.00000204715000000000	-0.00000056661900000000
-0.00000204832000000000	-0.00000056722900000000
-0.00000204935000000000	-0.00000056756100000000
-0.00000205042000000000	-0.00000056786900000000
-0.00000205150000000000	-0.00000056783200000000
-0.00000205249000000000	-0.00000056775600000000
-0.00000205357000000000	-0.00000056697300000000
-0.00000205478000000000	-0.00000056642300000000
-0.00000205582000000000	-0.00000056701800000000
-0.00000205678000000000	-0.00000056646900000000
-0.00000205791000000000	-0.00000056600200000000
-0.00000205916000000000	-0.00000056524100000000
-0.00000206024000000000	-0.00000056549700000000
-0.00000206125000000000	-0.00000056484200000000
-0.00000206229000000000	-0.00000056505300000000
-0.00000206335000000000	-0.00000056514300000000
-0.00000206438000000000	-0.00000056552700000000
-0.00000206548000000000	-0.00000056640100000000
-0.00000206669000000000	-0.00000056693600000000
-0.00000206789000000000	-0.00000056725200000000
-0.00000206897000000000	-0.00000056740200000000
-0.00000206995000000000	-0.00000056689800000000
-0.00000207097000000000	-0.00000056698100000000
-0.00000207210000000000	-0.00000056697300000000
-0.00000207321000000000	-0.00000056710100000000
-0.00000207420000000000	-0.00000056704100000000
-0.00000207521000000000	-0.00000056633300000000
-0.00000207634000000000	-0.00000056584400000000
-0.00000207761000000000	-0.00000056577600000000
-0.00000207885000000000	-0.00000056539200000000
-0.00000207986000000000	-0.00000056418700000000
-0.00000208074000000000	-0.00000056407400000000
-0.00000208188000000000	-0.00000056502300000000
-0.00000208322000000000	-0.00000056539900000000
-0.00000208435000000000	-0.00000056567800000000
-0.00000208527000000000	-0.00000056661900000000
-0.00000208628000000000	-0.00000056633300000000
-0.00000208741000000000	-0.00000056625000000000
-0.00000208854000000000	-0.00000056613000000000
-0.00000208963000000000	-0.00000056671700000000
-0.00000209086000000000	-0.00000056590400000000
-0.00000209205000000000	-0.00000056550500000000
-0.00000209302000000000	-0.00000056550500000000
-0.00000209390000000000	-0.00000056520300000000
-0.00000209497000000000	-0.00000056433000000000
-0.00000209611000000000	-0.00000056490200000000
-0.00000209730000000000	-0.00000056431500000000
-0.00000209851000000000	-0.00000056405900000000
-0.00000209969000000000	-0.00000056420200000000
-0.00000210079000000000	-0.00000056406600000000
-0.00000210177000000000	-0.00000056424700000000
-0.00000210266000000000	-0.00000056491700000000
-0.00000210359000000000	-0.00000056486500000000
-0.00000210464000000000	-0.00000056605400000000
-0.00000210590000000000	-0.00000056626500000000
-0.00000210716000000000	-0.00000056619000000000
-0.00000210822000000000	-0.00000056551200000000
-0.00000210915000000000	-0.00000056617500000000
-0.00000211024000000000	-0.00000056552000000000
-0.00000211138000000000	-0.00000056571600000000
-0.00000211254000000000	-0.00000056405100000000
-0.00000211368000000000	-0.00000056357700000000
-0.00000211477000000000	-0.00000056447300000000
-0.00000211582000000000	-0.00000056390800000000
-0.00000211680000000000	-0.00000056393100000000
-0.00000211782000000000	-0.00000056370500000000
-0.00000211895000000000	-0.00000056356200000000
-0.00000212017000000000	-0.00000056390800000000
-0.00000212135000000000	-0.00000056440500000000
-0.00000212237000000000	-0.00000056529400000000
-0.00000212329000000000	-0.00000056548200000000
-0.00000212427000000000	-0.00000056484200000000
-0.00000212545000000000	-0.00000056517300000000
-0.00000212670000000000	-0.00000056574600000000
-0.00000212778000000000	-0.00000056496300000000
-0.00000212875000000000	-0.00000056431500000000
-0.00000212984000000000	-0.00000056332800000000
-0.00000213096000000000	-0.00000056263600000000
-0.00000213204000000000	-0.00000056249300000000
-0.00000213317000000000	-0.00000056277100000000
-0.00000213434000000000	-0.00000056281600000000
-0.00000213549000000000	-0.00000056252300000000
-0.00000213653000000000	-0.00000056343400000000
-0.00000213756000000000	-0.00000056347100000000
-0.00000213854000000000	-0.00000056377300000000
-0.00000213952000000000	-0.00000056379500000000
-0.00000214051000000000	-0.00000056423200000000
-0.00000214158000000000	-0.00000056499300000000
-0.00000214285000000000	-0.00000056447300000000
-0.00000214422000000000	-0.00000056417200000000
-0.00000214549000000000	-0.00000056439000000000
-0.00000214667000000000	-0.00000056354700000000
-0.00000214777000000000	-0.00000056323100000000
-0.00000214879000000000	-0.00000056347900000000
-0.00000214973000000000	-0.00000056320000000000
-0.00000215066000000000	-0.00000056247700000000
-0.00000215177000000000	-0.00000056187500000000
-0.00000215307000000000	-0.00000056096400000000
-0.00000215427000000000	-0.00000056080600000000
-0.00000215529000000000	-0.00000056186700000000
-0.00000215636000000000	-0.00000056149100000000
-0.00000215740000000000	-0.00000056233400000000
-0.00000215835000000000	-0.00000056405900000000
-0.00000215936000000000	-0.00000056406600000000
-0.00000216048000000000	-0.00000056402100000000
-0.00000216170000000000	-0.00000056366000000000
-0.00000216295000000000	-0.00000056303500000000
-0.00000216411000000000	-0.00000056355400000000
-0.00000216520000000000	-0.00000056347100000000
-0.00000216631000000000	-0.00000056278600000000
-0.00000216748000000000	-0.00000056192800000000
-0.00000216862000000000	-0.00000056171700000000
-0.00000216968000000000	-0.00000056125000000000
-0.00000217070000000000	-0.00000056023300000000
-0.00000217181000000000	-0.00000055970600000000
-0.00000217302000000000	-0.00000056068500000000
-0.00000217423000000000	-0.00000056137800000000
-0.00000217537000000000	-0.00000056082100000000
-0.00000217632000000000	-0.00000056177700000000
-0.00000217716000000000	-0.00000056265800000000
-0.00000217813000000000	-0.00000056289900000000
-0.00000217930000000000	-0.00000056348700000000
-0.00000218051000000000	-0.00000056373500000000
-0.00000218163000000000	-0.00000056270300000000
-0.00000218272000000000	-0.00000056242500000000
-0.00000218379000000000	-0.00000056274900000000
-0.00000218484000000000	-0.00000056287700000000
-0.00000218595000000000	-0.00000056151400000000
-0.00000218710000000000	-0.00000056097900000000
-0.00000218824000000000	-0.00000056043700000000
-0.00000218942000000000	-0.00000055972900000000
-0.00000219060000000000	-0.00000055925400000000
-0.00000219163000000000	-0.00000055968400000000
-0.00000219253000000000	-0.00000056103200000000
-0.00000219353000000000	-0.00000056191300000000
-0.00000219465000000000	-0.00000056207800000000
-0.00000219578000000000	-0.00000056165700000000
-0.00000219686000000000	-0.00000056218400000000
-0.00000219806000000000	-0.00000056208600000000
-0.00000219934000000000	-0.00000056278600000000
-0.00000220067000000000	-0.00000056238000000000
-0.00000220188000000000	-0.00000056210100000000
-0.00000220286000000000	-0.00000056113700000000
-0.00000220361000000000	-0.00000056084300000000
-0.00000220446000000000	-0.00000055981200000000
-0.00000220565000000000	-0.00000055966900000000
-0.00000220704000000000	-0.00000055990200000000
-0.00000220832000000000	-0.00000055925400000000
-0.00000220931000000000	-0.00000055936700000000
-0.00000221023000000000	-0.00000056019600000000
-0.00000221138000000000	-0.00000056077600000000
-0.00000221267000000000	-0.00000056058000000000
-0.00000221376000000000	-0.00000056128000000000
-0.00000221457000000000	-0.00000056152900000000
-0.00000221538000000000	-0.00000056165700000000
-0.00000221653000000000	-0.00000056152100000000
-0.00000221787000000000	-0.00000056197300000000
-0.00000221916000000000	-0.00000056113000000000
-0.00000222031000000000	-0.00000056114500000000
-0.00000222146000000000	-0.00000056007500000000
-0.00000222256000000000	-0.00000055958600000000
-0.00000222360000000000	-0.00000056010500000000
-0.00000222471000000000	-0.00000055985700000000
-0.00000222588000000000	-0.00000055880300000000
-0.00000222705000000000	-0.00000055930000000000
-0.00000222819000000000	-0.00000055931500000000
-0.00000222921000000000	-0.00000055994000000000
-0.00000223027000000000	-0.00000056002300000000
-0.00000223136000000000	-0.00000056047400000000
-0.00000223243000000000	-0.00000056135500000000
-0.00000223355000000000	-0.00000056209300000000
-0.00000223467000000000	-0.00000056155100000000
-0.00000223566000000000	-0.00000056088900000000
-0.00000223664000000000	-0.00000056091100000000
-0.00000223773000000000	-0.00000056113000000000
-0.00000223886000000000	-0.00000056027900000000
-0.00000223995000000000	-0.00000056053500000000
-0.00000224115000000000	-0.00000055997000000000
-0.00000224242000000000	-0.00000055888500000000
-0.00000224359000000000	-0.00000055881000000000
-0.00000224475000000000	-0.00000055791400000000
-0.00000224593000000000	-0.00000055839600000000
-0.00000224708000000000	-0.00000055909600000000
-0.00000224810000000000	-0.00000055884800000000
-0.00000224906000000000	-0.00000055981900000000
-0.00000225017000000000	-0.00000056091900000000
-0.00000225134000000000	-0.00000056066300000000
-0.00000225236000000000	-0.00000056052700000000
-0.00000225333000000000	-0.00000056133300000000
-0.00000225440000000000	-0.00000056104700000000
-0.00000225547000000000	-0.00000056091100000000
-0.00000225662000000000	-0.00000056023300000000
-0.00000225783000000000	-0.00000056027900000000
-0.00000225902000000000	-0.00000055925400000000
-0.00000226011000000000	-0.00000055951100000000
-0.00000226121000000000	-0.00000055925400000000
-0.00000226228000000000	-0.00000055884000000000
-0.00000226337000000000	-0.00000055821500000000
-0.00000226451000000000	-0.00000055798900000000
-0.00000226564000000000	-0.00000055826000000000
-0.00000226675000000000	-0.00000055921700000000
-0.00000226790000000000	-0.00000055919400000000
-0.00000226900000000000	-0.00000056043700000000
-0.00000227014000000000	-0.00000056066300000000
-0.00000227124000000000	-0.00000056133300000000
-0.00000227229000000000	-0.00000056103900000000
-0.00000227332000000000	-0.00000056096400000000
-0.00000227439000000000	-0.00000056128000000000
-0.00000227553000000000	-0.00000056013600000000
-0.00000227670000000000	-0.00000056003000000000
-0.00000227788000000000	-0.00000055923200000000
-0.00000227898000000000	-0.00000055881800000000
-0.00000228009000000000	-0.00000055786900000000
-0.00000228126000000000	-0.00000055768800000000
-0.00000228241000000000	-0.00000055809500000000
-0.00000228348000000000	-0.00000055905100000000
-0.00000228458000000000	-0.00000055903600000000
-0.00000228571000000000	-0.00000055915700000000
-0.00000228681000000000	-0.00000055937500000000
-0.00000228792000000000	-0.00000055920900000000
-0.00000228907000000000	-0.00000055969100000000
-0.00000229017000000000	-0.00000056052000000000
-0.00000229119000000000	-0.00000056114500000000
-0.00000229224000000000	-0.00000056105400000000
-0.00000229335000000000	-0.00000055986400000000
-0.00000229448000000000	-0.00000055908100000000
-0.00000229565000000000	-0.00000055927000000000
-0.00000229682000000000	-0.00000055856900000000
-0.00000229778000000000	-0.00000055887800000000
-0.00000229873000000000	-0.00000055798900000000
-0.00000229988000000000	-0.00000055717600000000
-0.00000230119000000000	-0.00000055774800000000
-0.00000230247000000000	-0.00000055764300000000
-0.00000230359000000000	-0.00000055789100000000
-0.00000230463000000000	-0.00000055830600000000
-0.00000230570000000000	-0.00000055903600000000
-0.00000230678000000000	-0.00000055997000000000
-0.00000230790000000000	-0.00000055932200000000
-0.00000230902000000000	-0.00000055958600000000
-0.00000231014000000000	-0.00000055885500000000
-0.00000231115000000000	-0.00000055934500000000
-0.00000231223000000000	-0.00000055897600000000
-0.00000231341000000000	-0.00000055964600000000
-0.00000231457000000000	-0.00000055859900000000
-0.00000231553000000000	-0.00000055822300000000
-0.00000231655000000000	-0.00000055830600000000
-0.00000231784000000000	-0.00000055735700000000
-0.00000231911000000000	-0.00000055744700000000
-0.00000232014000000000	-0.00000055729700000000
-0.00000232107000000000	-0.00000055796700000000
-0.00000232228000000000	-0.00000055859900000000
-0.00000232366000000000	-0.00000055850100000000
-0.00000232489000000000	-0.00000055948800000000
-0.00000232601000000000	-0.00000055923900000000
-0.00000232707000000000	-0.00000055972100000000
-0.00000232812000000000	-0.00000056081300000000
-0.00000232921000000000	-0.00000056015100000000
-0.00000233023000000000	-0.00000055985700000000
-0.00000233129000000000	-0.00000055889300000000
-0.00000233244000000000	-0.00000055881000000000
-0.00000233367000000000	-0.00000055905900000000
-0.00000233494000000000	-0.00000055779400000000
-0.00000233605000000000	-0.00000055760500000000
-0.00000233703000000000	-0.00000055811000000000
-0.00000233806000000000	-0.00000055772600000000
-0.00000233920000000000	-0.00000055757500000000
-0.00000234040000000000	-0.00000055724400000000
-0.00000234148000000000	-0.00000055808700000000
-0.00000234248000000000	-0.00000055893800000000
-0.00000234354000000000	-0.00000055921700000000
-0.00000234473000000000	-0.00000055896800000000
-0.00000234589000000000	-0.00000055973600000000
-0.00000234702000000000	-0.00000055966900000000
-0.00000234815000000000	-0.00000056032400000000
-0.00000234937000000000	-0.00000055992500000000
-0.00000235061000000000	-0.00000055930700000000
-0.00000235176000000000	-0.00000055962300000000
-0.00000235285000000000	-0.00000055882500000000
-0.00000235391000000000	-0.00000055805000000000
-0.00000235497000000000	-0.00000055802700000000
-0.00000235603000000000	-0.00000055783900000000
-0.00000235715000000000	-0.00000055743200000000
-0.00000235835000000000	-0.00000055766600000000
-0.00000235951000000000	-0.00000055850100000000
-0.00000236064000000000	-0.00000055890800000000
-0.00000236186000000000	-0.00000055946500000000
-0.00000236311000000000	-0.00000055942000000000
-0.00000236416000000000	-0.00000056021100000000
-0.00000236504000000000	-0.00000056023300000000
-0.00000236594000000000	-0.00000055978900000000
-0.00000236698000000000	-0.00000055967600000000
-0.00000236815000000000	-0.00000055923900000000
-0.00000236937000000000	-0.00000055905900000000
-0.00000237060000000000	-0.00000055977400000000
-0.00000237189000000000	-0.00000055930700000000
-0.00000237315000000000	-0.00000055852400000000
-0.00000237424000000000	-0.00000055773300000000
-0.00000237527000000000	-0.00000055737200000000
-0.00000237640000000000	-0.00000055823000000000
-0.00000237760000000000	-0.00000055826800000000
-0.00000237861000000000	-0.00000055899800000000
-0.00000237948000000000	-0.00000056001500000000
-0.00000238047000000000	-0.00000055938200000000
-0.00000238155000000000	-0.00000056006800000000
-0.00000238271000000000	-0.00000056042200000000
-0.00000238394000000000	-0.00000056048200000000
-0.00000238520000000000	-0.00000056027100000000
-0.00000238638000000000	-0.00000055951100000000
-0.00000238736000000000	-0.00000055970600000000
-0.00000238832000000000	-0.00000056001500000000
-0.00000238949000000000	-0.00000055914100000000
-0.00000239075000000000	-0.00000055910400000000
-0.00000239195000000000	-0.00000055859200000000
-0.00000239310000000000	-0.00000055727400000000
-0.00000239424000000000	-0.00000055795200000000
-0.00000239539000000000	-0.00000055856900000000
-0.00000239652000000000	-0.00000055862200000000
-0.00000239755000000000	-0.00000055913400000000
-0.00000239857000000000	-0.00000055997000000000
-0.00000239974000000000	-0.00000055979700000000
-0.00000240093000000000	-0.00000056073000000000
-0.00000240204000000000	-0.00000056055700000000
-0.00000240312000000000	-0.00000056037700000000
-0.00000240430000000000	-0.00000056019600000000
-0.00000240554000000000	-0.00000055988700000000
-0.00000240672000000000	-0.00000055953300000000
-0.00000240789000000000	-0.00000055899800000000
-0.00000240902000000000	-0.00000055875000000000
-0.00000241003000000000	-0.00000055907400000000
-0.00000241100000000000	-0.00000055864400000000
-0.00000241205000000000	-0.00000055846400000000
-0.00000241325000000000	-0.00000055781600000000
-0.00000241443000000000	-0.00000055835800000000
-0.00000241553000000000	-0.00000055859200000000
-0.00000241659000000000	-0.00000055914100000000
-0.00000241772000000000	-0.00000055888500000000
-0.00000241888000000000	-0.00000056055700000000
-0.00000242005000000000	-0.00000056109900000000
-0.00000242121000000000	-0.00000056110700000000
-0.00000242235000000000	-0.00000056055700000000
-0.00000242347000000000	-0.00000056000000000000
-0.00000242462000000000	-0.00000055960100000000
-0.00000242575000000000	-0.00000055966100000000
-0.00000242682000000000	-0.00000055901300000000
-0.00000242789000000000	-0.00000055827600000000
-0.00000242907000000000	-0.00000055789100000000
-0.00000243034000000000	-0.00000055862200000000
-0.00000243167000000000	-0.00000055773300000000
-0.00000243290000000000	-0.00000055753700000000
-0.00000243403000000000	-0.00000055770300000000
-0.00000243509000000000	-0.00000055877300000000
-0.00000243614000000000	-0.00000055919400000000
-0.00000243714000000000	-0.00000055909600000000
-0.00000243808000000000	-0.00000055942000000000
-0.00000243908000000000	-0.00000055985700000000
-0.00000244023000000000	-0.00000056104700000000
-0.00000244150000000000	-0.00000056054200000000
-0.00000244264000000000	-0.00000055957800000000
-0.00000244363000000000	-0.00000055972100000000
-0.00000244470000000000	-0.00000055938200000000
-0.00000244590000000000	-0.00000055807200000000
-0.00000244711000000000	-0.00000055810200000000
-0.00000244836000000000	-0.00000055857700000000
-0.00000244968000000000	-0.00000055782400000000
-0.00000245089000000000	-0.00000055805700000000
-0.00000245194000000000	-0.00000055789900000000
-0.00000245287000000000	-0.00000055849400000000
-0.00000245384000000000	-0.00000055914900000000
-0.00000245495000000000	-0.00000055949500000000
-0.00000245617000000000	-0.00000056009800000000
-0.00000245740000000000	-0.00000056030100000000
-0.00000245855000000000	-0.00000056049700000000
-0.00000245968000000000	-0.00000056072300000000
-0.00000246093000000000	-0.00000055984200000000
-0.00000246221000000000	-0.00000055978200000000
-0.00000246337000000000	-0.00000056001500000000
-0.00000246443000000000	-0.00000055912600000000
-0.00000246547000000000	-0.00000055827600000000
-0.00000246653000000000	-0.00000055863700000000
-0.00000246769000000000	-0.00000055805000000000
-0.00000246890000000000	-0.00000055735700000000
-0.00000247005000000000	-0.00000055728900000000
-0.00000247104000000000	-0.00000055804200000000
-0.00000247206000000000	-0.00000055828300000000
-0.00000247314000000000	-0.00000055967600000000
-0.00000247428000000000	-0.00000055965400000000
-0.00000247542000000000	-0.00000055983400000000
-0.00000247653000000000	-0.00000056022600000000
-0.00000247759000000000	-0.00000056041400000000
-0.00000247867000000000	-0.00000055984200000000
-0.00000247983000000000	-0.00000055924700000000
-0.00000248101000000000	-0.00000055974400000000
-0.00000248227000000000	-0.00000055907400000000
	
	
