-0.00000145296000000000	0.00000094735000000000
-0.00000145324000000000	0.00000096586000000000
-0.00000145324000000000	0.00000094591900000000
-0.00000145329000000000	0.00000091703200000000
-0.00000145321000000000	0.00000088858200000000
-0.00000145305000000000	0.00000086230900000000
-0.00000145292000000000	0.00000083467200000000
-0.00000145287000000000	0.00000080637300000000
-0.00000145287000000000	0.00000077920300000000
-0.00000145281000000000	0.00000074866000000000
-0.00000145276000000000	0.00000071688900000000
-0.00000145274000000000	0.00000068540400000000
-0.00000145284000000000	0.00000065702900000000
-0.00000145300000000000	0.00000062799200000000
-0.00000145305000000000	0.00000059578500000000
-0.00000145291000000000	0.00000056137800000000
-0.00000145273000000000	0.00000052786000000000
-0.00000145270000000000	0.00000049618700000000
-0.00000145276000000000	0.00000046346700000000
-0.00000145278000000000	0.00000042946800000000
-0.00000145262000000000	0.00000039500800000000
-0.00000145238000000000	0.00000036009000000000
-0.00000145228000000000	0.00000032627800000000
-0.00000145225000000000	0.00000029320500000000
-0.00000145217000000000	0.00000026044000000000
-0.00000145201000000000	0.00000022607800000000
-0.00000145190000000000	0.00000018981900000000
-0.00000145191000000000	0.00000015507400000000
-0.00000145196000000000	0.00000012172900000000
-0.00000145202000000000	0.00000008935600000000
-0.00000145192000000000	0.00000005467840000000
-0.00000145169000000000	0.00000001946610000000
-0.00000145149000000000	-0.00000001710910000000
-0.00000145145000000000	-0.00000005406840000000
-0.00000145154000000000	-0.00000008849750000000
-0.00000145152000000000	-0.00000012264000000000
-0.00000145132000000000	-0.00000015905000000000
-0.00000145114000000000	-0.00000019707100000000
-0.00000145118000000000	-0.00000023184700000000
-0.00000145118000000000	-0.00000026811300000000
-0.00000145114000000000	-0.00000030206800000000
-0.00000145103000000000	-0.00000033769400000000
-0.00000145096000000000	-0.00000037300400000000
-0.00000145082000000000	-0.00000040930100000000
-0.00000145064000000000	-0.00000044476200000000
-0.00000145053000000000	-0.00000047879200000000
-0.00000145051000000000	-0.00000051347000000000
-0.00000145056000000000	-0.00000054677700000000
-0.00000145058000000000	-0.00000057907500000000
-0.00000145081000000000	-0.00000060489600000000
-0.00000145183000000000	-0.00000060498700000000
-0.00000145297000000000	-0.00000059984300000000
-0.00000145410000000000	-0.00000059363100000000
-0.00000145533000000000	-0.00000058625900000000
-0.00000145639000000000	-0.00000058306600000000
-0.00000145728000000000	-0.00000058015100000000
-0.00000145809000000000	-0.00000057938300000000
-0.00000145905000000000	-0.00000057783200000000
-0.00000146004000000000	-0.00000057616000000000
-0.00000146097000000000	-0.00000057497000000000
-0.00000146189000000000	-0.00000057359200000000
-0.00000146281000000000	-0.00000057289200000000
-0.00000146372000000000	-0.00000057293700000000
-0.00000146469000000000	-0.00000057174700000000
-0.00000146568000000000	-0.00000057127300000000
-0.00000146664000000000	-0.00000057193600000000
-0.00000146764000000000	-0.00000057250000000000
-0.00000146866000000000	-0.00000057278700000000
-0.00000146961000000000	-0.00000057313300000000
-0.00000147050000000000	-0.00000057305800000000
-0.00000147141000000000	-0.00000057314800000000
-0.00000147238000000000	-0.00000057440600000000
-0.00000147344000000000	-0.00000057447300000000
-0.00000147450000000000	-0.00000057393900000000
-0.00000147546000000000	-0.00000057331400000000
-0.00000147628000000000	-0.00000057367500000000
-0.00000147705000000000	-0.00000057384800000000
-0.00000147787000000000	-0.00000057338100000000
-0.00000147875000000000	-0.00000057235700000000
-0.00000147959000000000	-0.00000057189100000000
-0.00000148051000000000	-0.00000057225200000000
-0.00000148170000000000	-0.00000057191300000000
-0.00000148298000000000	-0.00000057204900000000
-0.00000148415000000000	-0.00000057219200000000
-0.00000148511000000000	-0.00000057260600000000
-0.00000148594000000000	-0.00000057315600000000
-0.00000148674000000000	-0.00000057368300000000
-0.00000148763000000000	-0.00000057442800000000
-0.00000148867000000000	-0.00000057431500000000
-0.00000148971000000000	-0.00000057462400000000
-0.00000149072000000000	-0.00000057381800000000
-0.00000149169000000000	-0.00000057392400000000
-0.00000149261000000000	-0.00000057407400000000
-0.00000149349000000000	-0.00000057329100000000
-0.00000149435000000000	-0.00000057257600000000
-0.00000149517000000000	-0.00000057399100000000
-0.00000149616000000000	-0.00000057293000000000
-0.00000149728000000000	-0.00000057218400000000
-0.00000149836000000000	-0.00000057210900000000
-0.00000149934000000000	-0.00000057235000000000
-0.00000150029000000000	-0.00000057274900000000
-0.00000150123000000000	-0.00000057337400000000
-0.00000150220000000000	-0.00000057422500000000
-0.00000150331000000000	-0.00000057396100000000
-0.00000150438000000000	-0.00000057501600000000
-0.00000150540000000000	-0.00000057546000000000
-0.00000150638000000000	-0.00000057499300000000
-0.00000150719000000000	-0.00000057464700000000
-0.00000150794000000000	-0.00000057451100000000
-0.00000150883000000000	-0.00000057428500000000
-0.00000150989000000000	-0.00000057281700000000
-0.00000151092000000000	-0.00000057259100000000
-0.00000151190000000000	-0.00000057236500000000
-0.00000151282000000000	-0.00000057177000000000
-0.00000151383000000000	-0.00000057148400000000
-0.00000151494000000000	-0.00000057121300000000
-0.00000151594000000000	-0.00000057283200000000
-0.00000151689000000000	-0.00000057328400000000
-0.00000151785000000000	-0.00000057320100000000
-0.00000151886000000000	-0.00000057395400000000
-0.00000151997000000000	-0.00000057384100000000
-0.00000152098000000000	-0.00000057408900000000
-0.00000152185000000000	-0.00000057486500000000
-0.00000152282000000000	-0.00000057389400000000
-0.00000152386000000000	-0.00000057357000000000
-0.00000152483000000000	-0.00000057352500000000
-0.00000152573000000000	-0.00000057357000000000
-0.00000152673000000000	-0.00000057299000000000
-0.00000152780000000000	-0.00000057294500000000
-0.00000152887000000000	-0.00000057262100000000
-0.00000152986000000000	-0.00000057169500000000
-0.00000153075000000000	-0.00000057171700000000
-0.00000153169000000000	-0.00000057175500000000
-0.00000153265000000000	-0.00000057279400000000
-0.00000153356000000000	-0.00000057313300000000
-0.00000153441000000000	-0.00000057357700000000
-0.00000153541000000000	-0.00000057342700000000
-0.00000153652000000000	-0.00000057421000000000
-0.00000153752000000000	-0.00000057431500000000
-0.00000153833000000000	-0.00000057494000000000
-0.00000153930000000000	-0.00000057399100000000
-0.00000154041000000000	-0.00000057375800000000
-0.00000154147000000000	-0.00000057315600000000
-0.00000154251000000000	-0.00000057216900000000
-0.00000154359000000000	-0.00000057303500000000
-0.00000154466000000000	-0.00000057326100000000
-0.00000154572000000000	-0.00000057241800000000
-0.00000154670000000000	-0.00000057325300000000
-0.00000154757000000000	-0.00000057195800000000
-0.00000154831000000000	-0.00000057226700000000
-0.00000154927000000000	-0.00000057321600000000
-0.00000155044000000000	-0.00000057387100000000
-0.00000155149000000000	-0.00000057343400000000
-0.00000155229000000000	-0.00000057332900000000
-0.00000155311000000000	-0.00000057386300000000
-0.00000155419000000000	-0.00000057375800000000
-0.00000155534000000000	-0.00000057468400000000
-0.00000155644000000000	-0.00000057436100000000
-0.00000155746000000000	-0.00000057378800000000
-0.00000155847000000000	-0.00000057288500000000
-0.00000155944000000000	-0.00000057198100000000
-0.00000156038000000000	-0.00000057193600000000
-0.00000156138000000000	-0.00000057222200000000
-0.00000156237000000000	-0.00000057161200000000
-0.00000156331000000000	-0.00000057117500000000
-0.00000156429000000000	-0.00000057041500000000
-0.00000156522000000000	-0.00000057165000000000
-0.00000156616000000000	-0.00000057259800000000
-0.00000156719000000000	-0.00000057357700000000
-0.00000156825000000000	-0.00000057361500000000
-0.00000156919000000000	-0.00000057418700000000
-0.00000157008000000000	-0.00000057408900000000
-0.00000157111000000000	-0.00000057370500000000
-0.00000157220000000000	-0.00000057327600000000
-0.00000157318000000000	-0.00000057402200000000
-0.00000157414000000000	-0.00000057358500000000
-0.00000157518000000000	-0.00000057409700000000
-0.00000157630000000000	-0.00000057300500000000
-0.00000157730000000000	-0.00000057245500000000
-0.00000157821000000000	-0.00000057214700000000
-0.00000157924000000000	-0.00000057183800000000
-0.00000158033000000000	-0.00000057149900000000
-0.00000158131000000000	-0.00000057175500000000
-0.00000158224000000000	-0.00000057284700000000
-0.00000158323000000000	-0.00000057339700000000
-0.00000158424000000000	-0.00000057294500000000
-0.00000158525000000000	-0.00000057305000000000
-0.00000158627000000000	-0.00000057329900000000
-0.00000158720000000000	-0.00000057438300000000
-0.00000158815000000000	-0.00000057436100000000
-0.00000158923000000000	-0.00000057410400000000
-0.00000159037000000000	-0.00000057328400000000
-0.00000159134000000000	-0.00000057258300000000
-0.00000159211000000000	-0.00000057276400000000
-0.00000159299000000000	-0.00000057257600000000
-0.00000159411000000000	-0.00000057241000000000
-0.00000159527000000000	-0.00000057274900000000
-0.00000159636000000000	-0.00000057180800000000
-0.00000159741000000000	-0.00000057097200000000
-0.00000159836000000000	-0.00000057193600000000
-0.00000159925000000000	-0.00000057238000000000
-0.00000160016000000000	-0.00000057277900000000
-0.00000160118000000000	-0.00000057311000000000
-0.00000160221000000000	-0.00000057361500000000
-0.00000160319000000000	-0.00000057400700000000
-0.00000160419000000000	-0.00000057444300000000
-0.00000160522000000000	-0.00000057457100000000
-0.00000160623000000000	-0.00000057399100000000
-0.00000160720000000000	-0.00000057270400000000
-0.00000160811000000000	-0.00000057332900000000
-0.00000160913000000000	-0.00000057311000000000
-0.00000161024000000000	-0.00000057236500000000
-0.00000161130000000000	-0.00000057107700000000
-0.00000161226000000000	-0.00000057171000000000
-0.00000161331000000000	-0.00000057078400000000
-0.00000161430000000000	-0.00000057081400000000
-0.00000161523000000000	-0.00000057105500000000
-0.00000161623000000000	-0.00000057155900000000
-0.00000161734000000000	-0.00000057214700000000
-0.00000161838000000000	-0.00000057389400000000
-0.00000161937000000000	-0.00000057352500000000
-0.00000162040000000000	-0.00000057253800000000
-0.00000162141000000000	-0.00000057392400000000
-0.00000162236000000000	-0.00000057466200000000
-0.00000162331000000000	-0.00000057374300000000
-0.00000162433000000000	-0.00000057329100000000
-0.00000162545000000000	-0.00000057193600000000
-0.00000162640000000000	-0.00000057186800000000
-0.00000162725000000000	-0.00000057072300000000
-0.00000162811000000000	-0.00000057151400000000
-0.00000162918000000000	-0.00000057083600000000
-0.00000163026000000000	-0.00000057042200000000
-0.00000163128000000000	-0.00000057038400000000
-0.00000163237000000000	-0.00000057095700000000
-0.00000163343000000000	-0.00000057200400000000
-0.00000163437000000000	-0.00000057223700000000
-0.00000163527000000000	-0.00000057236500000000
-0.00000163626000000000	-0.00000057296700000000
-0.00000163737000000000	-0.00000057417200000000
-0.00000163861000000000	-0.00000057362300000000
-0.00000163968000000000	-0.00000057331400000000
-0.00000164056000000000	-0.00000057275700000000
-0.00000164147000000000	-0.00000057250000000000
-0.00000164258000000000	-0.00000057183800000000
-0.00000164369000000000	-0.00000057018900000000
-0.00000164461000000000	-0.00000057055000000000
-0.00000164555000000000	-0.00000057030200000000
-0.00000164655000000000	-0.00000056995500000000
-0.00000164750000000000	-0.00000057020400000000
-0.00000164848000000000	-0.00000057013600000000
-0.00000164952000000000	-0.00000057063300000000
-0.00000165053000000000	-0.00000057108500000000
-0.00000165149000000000	-0.00000057201100000000
-0.00000165253000000000	-0.00000057191300000000
-0.00000165360000000000	-0.00000057264400000000
-0.00000165467000000000	-0.00000057264400000000
-0.00000165572000000000	-0.00000057238700000000
-0.00000165673000000000	-0.00000057233500000000
-0.00000165773000000000	-0.00000057193600000000
-0.00000165864000000000	-0.00000057202600000000
-0.00000165952000000000	-0.00000057241000000000
-0.00000166054000000000	-0.00000057148400000000
-0.00000166168000000000	-0.00000056998500000000
-0.00000166282000000000	-0.00000057004600000000
-0.00000166390000000000	-0.00000056952600000000
-0.00000166485000000000	-0.00000056914900000000
-0.00000166581000000000	-0.00000056933800000000
-0.00000166683000000000	-0.00000057083600000000
-0.00000166795000000000	-0.00000057074600000000
-0.00000166899000000000	-0.00000057159700000000
-0.00000166991000000000	-0.00000057233500000000
-0.00000167079000000000	-0.00000057220700000000
-0.00000167175000000000	-0.00000057177000000000
-0.00000167284000000000	-0.00000057163400000000
-0.00000167401000000000	-0.00000057105500000000
-0.00000167515000000000	-0.00000057109200000000
-0.00000167624000000000	-0.00000057044500000000
-0.00000167727000000000	-0.00000056976700000000
-0.00000167832000000000	-0.00000056919500000000
-0.00000167931000000000	-0.00000056962400000000
-0.00000168016000000000	-0.00000056937500000000
-0.00000168096000000000	-0.00000056859200000000
-0.00000168198000000000	-0.00000056885600000000
-0.00000168320000000000	-0.00000057003800000000
-0.00000168436000000000	-0.00000056997800000000
-0.00000168528000000000	-0.00000057016600000000
-0.00000168615000000000	-0.00000057044500000000
-0.00000168717000000000	-0.00000057043000000000
-0.00000168830000000000	-0.00000057105500000000
-0.00000168945000000000	-0.00000057115200000000
-0.00000169052000000000	-0.00000057049700000000
-0.00000169148000000000	-0.00000057058000000000
-0.00000169235000000000	-0.00000057107700000000
-0.00000169332000000000	-0.00000057012100000000
-0.00000169443000000000	-0.00000056932300000000
-0.00000169557000000000	-0.00000056898400000000
-0.00000169665000000000	-0.00000056869800000000
-0.00000169772000000000	-0.00000056843400000000
-0.00000169879000000000	-0.00000056788400000000
-0.00000169977000000000	-0.00000056801200000000
-0.00000170070000000000	-0.00000056845700000000
-0.00000170163000000000	-0.00000056930000000000
-0.00000170261000000000	-0.00000056901400000000
-0.00000170364000000000	-0.00000056975900000000
-0.00000170470000000000	-0.00000057078400000000
-0.00000170573000000000	-0.00000057012800000000
-0.00000170666000000000	-0.00000056982700000000
-0.00000170761000000000	-0.00000056980500000000
-0.00000170870000000000	-0.00000056933800000000
-0.00000170989000000000	-0.00000056907400000000
-0.00000171103000000000	-0.00000056927700000000
-0.00000171205000000000	-0.00000056920200000000
-0.00000171299000000000	-0.00000056928500000000
-0.00000171394000000000	-0.00000056777100000000
-0.00000171490000000000	-0.00000056674000000000
-0.00000171586000000000	-0.00000056724400000000
-0.00000171689000000000	-0.00000056782400000000
-0.00000171800000000000	-0.00000056830600000000
-0.00000171916000000000	-0.00000056795200000000
-0.00000172018000000000	-0.00000056875000000000
-0.00000172113000000000	-0.00000056985000000000
-0.00000172211000000000	-0.00000057049000000000
-0.00000172311000000000	-0.00000056994000000000
-0.00000172410000000000	-0.00000056991800000000
-0.00000172514000000000	-0.00000056931500000000
-0.00000172621000000000	-0.00000056917200000000
-0.00000172728000000000	-0.00000056903600000000
-0.00000172827000000000	-0.00000056789900000000
-0.00000172922000000000	-0.00000056751500000000
-0.00000173032000000000	-0.00000056694300000000
-0.00000173145000000000	-0.00000056751500000000
-0.00000173246000000000	-0.00000056708600000000
-0.00000173340000000000	-0.00000056686800000000
-0.00000173446000000000	-0.00000056699600000000
-0.00000173558000000000	-0.00000056766600000000
-0.00000173668000000000	-0.00000056789900000000
-0.00000173780000000000	-0.00000056865200000000
-0.00000173891000000000	-0.00000056921000000000
-0.00000173991000000000	-0.00000056931500000000
-0.00000174080000000000	-0.00000056932300000000
-0.00000174175000000000	-0.00000056859200000000
-0.00000174284000000000	-0.00000056820100000000
-0.00000174394000000000	-0.00000056872000000000
-0.00000174492000000000	-0.00000056822300000000
-0.00000174579000000000	-0.00000056811800000000
-0.00000174676000000000	-0.00000056750000000000
-0.00000174784000000000	-0.00000056681500000000
-0.00000174892000000000	-0.00000056579800000000
-0.00000174991000000000	-0.00000056579800000000
-0.00000175093000000000	-0.00000056689800000000
-0.00000175208000000000	-0.00000056661900000000
-0.00000175315000000000	-0.00000056640100000000
-0.00000175410000000000	-0.00000056777100000000
-0.00000175505000000000	-0.00000056794500000000
-0.00000175599000000000	-0.00000056725200000000
-0.00000175694000000000	-0.00000056799700000000
-0.00000175806000000000	-0.00000056874300000000
-0.00000175928000000000	-0.00000056829900000000
-0.00000176043000000000	-0.00000056773400000000
-0.00000176153000000000	-0.00000056715400000000
-0.00000176256000000000	-0.00000056634100000000
-0.00000176347000000000	-0.00000056627300000000
-0.00000176443000000000	-0.00000056585100000000
-0.00000176553000000000	-0.00000056551200000000
-0.00000176670000000000	-0.00000056550500000000
-0.00000176782000000000	-0.00000056548200000000
-0.00000176877000000000	-0.00000056617500000000
-0.00000176961000000000	-0.00000056634800000000
-0.00000177047000000000	-0.00000056629500000000
-0.00000177151000000000	-0.00000056659700000000
-0.00000177273000000000	-0.00000056673200000000
-0.00000177388000000000	-0.00000056833600000000
-0.00000177491000000000	-0.00000056768900000000
-0.00000177584000000000	-0.00000056790700000000
-0.00000177692000000000	-0.00000056750000000000
-0.00000177816000000000	-0.00000056613700000000
-0.00000177935000000000	-0.00000056581300000000
-0.00000178036000000000	-0.00000056558000000000
-0.00000178120000000000	-0.00000056541400000000
-0.00000178203000000000	-0.00000056551200000000
-0.00000178305000000000	-0.00000056581300000000
-0.00000178426000000000	-0.00000056472900000000
-0.00000178537000000000	-0.00000056476700000000
-0.00000178636000000000	-0.00000056583600000000
-0.00000178740000000000	-0.00000056588100000000
-0.00000178843000000000	-0.00000056633300000000
-0.00000178939000000000	-0.00000056723700000000
-0.00000179037000000000	-0.00000056701800000000
-0.00000179142000000000	-0.00000056731200000000
-0.00000179250000000000	-0.00000056732700000000
-0.00000179351000000000	-0.00000056769600000000
-0.00000179453000000000	-0.00000056770400000000
-0.00000179564000000000	-0.00000056707900000000
-0.00000179680000000000	-0.00000056621300000000
-0.00000179791000000000	-0.00000056553500000000
-0.00000179895000000000	-0.00000056549700000000
-0.00000179995000000000	-0.00000056569300000000
-0.00000180097000000000	-0.00000056539200000000
-0.00000180199000000000	-0.00000056476700000000
-0.00000180302000000000	-0.00000056456300000000
-0.00000180406000000000	-0.00000056463100000000
-0.00000180508000000000	-0.00000056509100000000
-0.00000180609000000000	-0.00000056513600000000
-0.00000180705000000000	-0.00000056564800000000
-0.00000180798000000000	-0.00000056677000000000
-0.00000180900000000000	-0.00000056664900000000
-0.00000181016000000000	-0.00000056654400000000
-0.00000181135000000000	-0.00000056605400000000
-0.00000181238000000000	-0.00000056574600000000
-0.00000181336000000000	-0.00000056538400000000
-0.00000181442000000000	-0.00000056532400000000
-0.00000181558000000000	-0.00000056444300000000
-0.00000181663000000000	-0.00000056512100000000
-0.00000181761000000000	-0.00000056429200000000
-0.00000181860000000000	-0.00000056386300000000
-0.00000181972000000000	-0.00000056413400000000
-0.00000182085000000000	-0.00000056465400000000
-0.00000182185000000000	-0.00000056509800000000
-0.00000182282000000000	-0.00000056521900000000
-0.00000182382000000000	-0.00000056631000000000
-0.00000182489000000000	-0.00000056659700000000
-0.00000182594000000000	-0.00000056693600000000
-0.00000182692000000000	-0.00000056759800000000
-0.00000182792000000000	-0.00000056706400000000
-0.00000182903000000000	-0.00000056625000000000
-0.00000183020000000000	-0.00000056600900000000
-0.00000183127000000000	-0.00000056566300000000
-0.00000183222000000000	-0.00000056539200000000
-0.00000183316000000000	-0.00000056614500000000
-0.00000183415000000000	-0.00000056532400000000
-0.00000183513000000000	-0.00000056436800000000
-0.00000183618000000000	-0.00000056446500000000
-0.00000183738000000000	-0.00000056463100000000
-0.00000183853000000000	-0.00000056417200000000
-0.00000183958000000000	-0.00000056389300000000
-0.00000184058000000000	-0.00000056549000000000
-0.00000184159000000000	-0.00000056666400000000
-0.00000184271000000000	-0.00000056610700000000
-0.00000184382000000000	-0.00000056674700000000
-0.00000184480000000000	-0.00000056640100000000
-0.00000184570000000000	-0.00000056581300000000
-0.00000184672000000000	-0.00000056532400000000
-0.00000184789000000000	-0.00000056495500000000
-0.00000184901000000000	-0.00000056497800000000
-0.00000185004000000000	-0.00000056529400000000
-0.00000185111000000000	-0.00000056512800000000
-0.00000185227000000000	-0.00000056457100000000
-0.00000185338000000000	-0.00000056354700000000
-0.00000185439000000000	-0.00000056337400000000
-0.00000185537000000000	-0.00000056451800000000
-0.00000185643000000000	-0.00000056453300000000
-0.00000185750000000000	-0.00000056500800000000
-0.00000185859000000000	-0.00000056582900000000
-0.00000185963000000000	-0.00000056562500000000
-0.00000186046000000000	-0.00000056646900000000
-0.00000186131000000000	-0.00000056753000000000
-0.00000186244000000000	-0.00000056578300000000
-0.00000186368000000000	-0.00000056585900000000
-0.00000186479000000000	-0.00000056628000000000
-0.00000186572000000000	-0.00000056569300000000
-0.00000186663000000000	-0.00000056565500000000
-0.00000186775000000000	-0.00000056491700000000
-0.00000186902000000000	-0.00000056500800000000
-0.00000187030000000000	-0.00000056439800000000
-0.00000187147000000000	-0.00000056408100000000
-0.00000187253000000000	-0.00000056330600000000
-0.00000187346000000000	-0.00000056367500000000
-0.00000187432000000000	-0.00000056427000000000
-0.00000187520000000000	-0.00000056481900000000
-0.00000187618000000000	-0.00000056562500000000
-0.00000187728000000000	-0.00000056683800000000
-0.00000187856000000000	-0.00000056591100000000
-0.00000187981000000000	-0.00000056592600000000
-0.00000188091000000000	-0.00000056656600000000
-0.00000188200000000000	-0.00000056581300000000
-0.00000188303000000000	-0.00000056588100000000
-0.00000188403000000000	-0.00000056531600000000
-0.00000188506000000000	-0.00000056508300000000
-0.00000188615000000000	-0.00000056529400000000
-0.00000188719000000000	-0.00000056535400000000
-0.00000188817000000000	-0.00000056381000000000
-0.00000188912000000000	-0.00000056302700000000
-0.00000189008000000000	-0.00000056366700000000
-0.00000189107000000000	-0.00000056420200000000
-0.00000189210000000000	-0.00000056500000000000
-0.00000189319000000000	-0.00000056577600000000
-0.00000189431000000000	-0.00000056619000000000
-0.00000189538000000000	-0.00000056632600000000
-0.00000189640000000000	-0.00000056654400000000
-0.00000189747000000000	-0.00000056720700000000
-0.00000189858000000000	-0.00000056719200000000
-0.00000189963000000000	-0.00000056646100000000
-0.00000190066000000000	-0.00000056668700000000
-0.00000190181000000000	-0.00000056574600000000
-0.00000190294000000000	-0.00000056439800000000
-0.00000190394000000000	-0.00000056432200000000
-0.00000190496000000000	-0.00000056462400000000
-0.00000190608000000000	-0.00000056344100000000
-0.00000190713000000000	-0.00000056332800000000
-0.00000190816000000000	-0.00000056380300000000
-0.00000190931000000000	-0.00000056456300000000
-0.00000191049000000000	-0.00000056505300000000
-0.00000191148000000000	-0.00000056576100000000
-0.00000191239000000000	-0.00000056626500000000
-0.00000191336000000000	-0.00000056652100000000
-0.00000191437000000000	-0.00000056701800000000
-0.00000191540000000000	-0.00000056693600000000
-0.00000191650000000000	-0.00000056667200000000
-0.00000191770000000000	-0.00000056612200000000
-0.00000191889000000000	-0.00000056615200000000
-0.00000191998000000000	-0.00000056585900000000
-0.00000192095000000000	-0.00000056546000000000
-0.00000192196000000000	-0.00000056446500000000
-0.00000192305000000000	-0.00000056376500000000
-0.00000192418000000000	-0.00000056356900000000
-0.00000192527000000000	-0.00000056386300000000
-0.00000192628000000000	-0.00000056468400000000
-0.00000192733000000000	-0.00000056501500000000
-0.00000192849000000000	-0.00000056518800000000
-0.00000192967000000000	-0.00000056576100000000
-0.00000193073000000000	-0.00000056623500000000
-0.00000193163000000000	-0.00000056663400000000
-0.00000193253000000000	-0.00000056637100000000
-0.00000193354000000000	-0.00000056632600000000
-0.00000193460000000000	-0.00000056647600000000
-0.00000193569000000000	-0.00000056603900000000
-0.00000193684000000000	-0.00000056566300000000
-0.00000193802000000000	-0.00000056555700000000
-0.00000193912000000000	-0.00000056493200000000
-0.00000194010000000000	-0.00000056457800000000
-0.00000194104000000000	-0.00000056420900000000
-0.00000194205000000000	-0.00000056351700000000
-0.00000194305000000000	-0.00000056405900000000
-0.00000194404000000000	-0.00000056447300000000
-0.00000194512000000000	-0.00000056514300000000
-0.00000194635000000000	-0.00000056638600000000
-0.00000194759000000000	-0.00000056552000000000
-0.00000194863000000000	-0.00000056579800000000
-0.00000194957000000000	-0.00000056652900000000
-0.00000195058000000000	-0.00000056661200000000
-0.00000195167000000000	-0.00000056619800000000
-0.00000195278000000000	-0.00000056594900000000
-0.00000195390000000000	-0.00000056609200000000
-0.00000195512000000000	-0.00000056548200000000
-0.00000195638000000000	-0.00000056429200000000
-0.00000195750000000000	-0.00000056399100000000
-0.00000195850000000000	-0.00000056365200000000
-0.00000195945000000000	-0.00000056356900000000
-0.00000196036000000000	-0.00000056338100000000
-0.00000196130000000000	-0.00000056450300000000
-0.00000196240000000000	-0.00000056433700000000
-0.00000196355000000000	-0.00000056481900000000
-0.00000196472000000000	-0.00000056579100000000
-0.00000196597000000000	-0.00000056575300000000
-0.00000196703000000000	-0.00000056661900000000
-0.00000196789000000000	-0.00000056691300000000
-0.00000196871000000000	-0.00000056697300000000
-0.00000196972000000000	-0.00000056710100000000
-0.00000197088000000000	-0.00000056657400000000
-0.00000197208000000000	-0.00000056620500000000
-0.00000197328000000000	-0.00000056619000000000
-0.00000197443000000000	-0.00000056549700000000
-0.00000197550000000000	-0.00000056501500000000
-0.00000197665000000000	-0.00000056433700000000
-0.00000197779000000000	-0.00000056459400000000
-0.00000197883000000000	-0.00000056410400000000
-0.00000197972000000000	-0.00000056467600000000
-0.00000198068000000000	-0.00000056497800000000
-0.00000198180000000000	-0.00000056578300000000
-0.00000198298000000000	-0.00000056544400000000
-0.00000198396000000000	-0.00000056636300000000
-0.00000198480000000000	-0.00000056765800000000
-0.00000198584000000000	-0.00000056716100000000
-0.00000198705000000000	-0.00000056594100000000
-0.00000198823000000000	-0.00000056577600000000
-0.00000198936000000000	-0.00000056580600000000
-0.00000199045000000000	-0.00000056539900000000
-0.00000199154000000000	-0.00000056561000000000
-0.00000199267000000000	-0.00000056518800000000
-0.00000199369000000000	-0.00000056469900000000
-0.00000199464000000000	-0.00000056419400000000
-0.00000199566000000000	-0.00000056415700000000
-0.00000199673000000000	-0.00000056512800000000
-0.00000199780000000000	-0.00000056524900000000
-0.00000199883000000000	-0.00000056491700000000
-0.00000199991000000000	-0.00000056527100000000
-0.00000200107000000000	-0.00000056564800000000
-0.00000200222000000000	-0.00000056591900000000
-0.00000200323000000000	-0.00000056670200000000
-0.00000200421000000000	-0.00000056691300000000
-0.00000200524000000000	-0.00000056633300000000
-0.00000200627000000000	-0.00000056619000000000
-0.00000200734000000000	-0.00000056525600000000
-0.00000200848000000000	-0.00000056466900000000
-0.00000200974000000000	-0.00000056442800000000
-0.00000201094000000000	-0.00000056452600000000
-0.00000201199000000000	-0.00000056449600000000
-0.00000201299000000000	-0.00000056420200000000
-0.00000201403000000000	-0.00000056384100000000
-0.00000201507000000000	-0.00000056398400000000
-0.00000201616000000000	-0.00000056333600000000
-0.00000201718000000000	-0.00000056413400000000
-0.00000201814000000000	-0.00000056483500000000
-0.00000201912000000000	-0.00000056527900000000
-0.00000202019000000000	-0.00000056607700000000
-0.00000202132000000000	-0.00000056587400000000
-0.00000202239000000000	-0.00000056582900000000
-0.00000202350000000000	-0.00000056543700000000
-0.00000202472000000000	-0.00000056442800000000
-0.00000202586000000000	-0.00000056475900000000
-0.00000202687000000000	-0.00000056518100000000
-0.00000202789000000000	-0.00000056457800000000
-0.00000202897000000000	-0.00000056320800000000
-0.00000203003000000000	-0.00000056317000000000
-0.00000203105000000000	-0.00000056338900000000
-0.00000203202000000000	-0.00000056365200000000
-0.00000203305000000000	-0.00000056364500000000
-0.00000203428000000000	-0.00000056353900000000
-0.00000203554000000000	-0.00000056446500000000
-0.00000203663000000000	-0.00000056481200000000
-0.00000203760000000000	-0.00000056549700000000
-0.00000203860000000000	-0.00000056618200000000
-0.00000203964000000000	-0.00000056537700000000
-0.00000204065000000000	-0.00000056555000000000
-0.00000204164000000000	-0.00000056654400000000
-0.00000204265000000000	-0.00000056552000000000
-0.00000204380000000000	-0.00000056413400000000
-0.00000204509000000000	-0.00000056426200000000
-0.00000204639000000000	-0.00000056350900000000
-0.00000204751000000000	-0.00000056258300000000
-0.00000204847000000000	-0.00000056215400000000
-0.00000204941000000000	-0.00000056293700000000
-0.00000205047000000000	-0.00000056286200000000
-0.00000205161000000000	-0.00000056239500000000
-0.00000205274000000000	-0.00000056305000000000
-0.00000205385000000000	-0.00000056427000000000
-0.00000205491000000000	-0.00000056515800000000
-0.00000205597000000000	-0.00000056521100000000
-0.00000205708000000000	-0.00000056546700000000
-0.00000205825000000000	-0.00000056523400000000
-0.00000205938000000000	-0.00000056445800000000
-0.00000206044000000000	-0.00000056454100000000
-0.00000206151000000000	-0.00000056472200000000
-0.00000206260000000000	-0.00000056375800000000
-0.00000206362000000000	-0.00000056375800000000
-0.00000206465000000000	-0.00000056322300000000
-0.00000206574000000000	-0.00000056259000000000
-0.00000206686000000000	-0.00000056183000000000
-0.00000206803000000000	-0.00000056173200000000
-0.00000206922000000000	-0.00000056308700000000
-0.00000207030000000000	-0.00000056356900000000
-0.00000207120000000000	-0.00000056411900000000
-0.00000207216000000000	-0.00000056401400000000
-0.00000207328000000000	-0.00000056392300000000
-0.00000207453000000000	-0.00000056455600000000
-0.00000207586000000000	-0.00000056443500000000
-0.00000207702000000000	-0.00000056449600000000
-0.00000207787000000000	-0.00000056497800000000
-0.00000207871000000000	-0.00000056483500000000
-0.00000207988000000000	-0.00000056412700000000
-0.00000208121000000000	-0.00000056354700000000
-0.00000208235000000000	-0.00000056316300000000
-0.00000208331000000000	-0.00000056279400000000
-0.00000208432000000000	-0.00000056265100000000
-0.00000208548000000000	-0.00000056170200000000
-0.00000208666000000000	-0.00000056118200000000
-0.00000208767000000000	-0.00000056207100000000
-0.00000208855000000000	-0.00000056255300000000
-0.00000208942000000000	-0.00000056310300000000
-0.00000209049000000000	-0.00000056437500000000
-0.00000209183000000000	-0.00000056508300000000
-0.00000209318000000000	-0.00000056474400000000
-0.00000209437000000000	-0.00000056448800000000
-0.00000209545000000000	-0.00000056389300000000
-0.00000209643000000000	-0.00000056377300000000
-0.00000209731000000000	-0.00000056399900000000
-0.00000209821000000000	-0.00000056354700000000
-0.00000209929000000000	-0.00000056196500000000
-0.00000210053000000000	-0.00000056167900000000
-0.00000210186000000000	-0.00000056170200000000
-0.00000210310000000000	-0.00000056170900000000
-0.00000210408000000000	-0.00000056219900000000
-0.00000210502000000000	-0.00000056191300000000
-0.00000210612000000000	-0.00000056209300000000
-0.00000210728000000000	-0.00000056174000000000
-0.00000210823000000000	-0.00000056295900000000
-0.00000210926000000000	-0.00000056283900000000
-0.00000211044000000000	-0.00000056444300000000
-0.00000211161000000000	-0.00000056500800000000
-0.00000211261000000000	-0.00000056484200000000
-0.00000211362000000000	-0.00000056356900000000
-0.00000211468000000000	-0.00000056359200000000
-0.00000211586000000000	-0.00000056234900000000
-0.00000211707000000000	-0.00000056200300000000
-0.00000211817000000000	-0.00000056156600000000
-0.00000211916000000000	-0.00000056115200000000
-0.00000212018000000000	-0.00000056131800000000
-0.00000212132000000000	-0.00000056080600000000
-0.00000212241000000000	-0.00000056064000000000
-0.00000212344000000000	-0.00000056181500000000
-0.00000212460000000000	-0.00000056204800000000
-0.00000212581000000000	-0.00000056187500000000
-0.00000212684000000000	-0.00000056240200000000
-0.00000212784000000000	-0.00000056214600000000
-0.00000212895000000000	-0.00000056280100000000
-0.00000213012000000000	-0.00000056287700000000
-0.00000213113000000000	-0.00000056326800000000
-0.00000213210000000000	-0.00000056292200000000
-0.00000213325000000000	-0.00000056188300000000
-0.00000213447000000000	-0.00000056195000000000
-0.00000213560000000000	-0.00000056174700000000
-0.00000213665000000000	-0.00000056053500000000
-0.00000213769000000000	-0.00000056035400000000
-0.00000213885000000000	-0.00000056045900000000
-0.00000214007000000000	-0.00000056117500000000
-0.00000214127000000000	-0.00000056113000000000
-0.00000214239000000000	-0.00000056102400000000
-0.00000214345000000000	-0.00000056114500000000
-0.00000214445000000000	-0.00000056136300000000
-0.00000214541000000000	-0.00000056185200000000
-0.00000214648000000000	-0.00000056245500000000
-0.00000214778000000000	-0.00000056254500000000
-0.00000214901000000000	-0.00000056237200000000
-0.00000214994000000000	-0.00000056282400000000
-0.00000215080000000000	-0.00000056223600000000
-0.00000215181000000000	-0.00000056164200000000
-0.00000215297000000000	-0.00000056107700000000
-0.00000215415000000000	-0.00000056065500000000
-0.00000215528000000000	-0.00000055969900000000
-0.00000215641000000000	-0.00000055990200000000
-0.00000215760000000000	-0.00000055927700000000
-0.00000215876000000000	-0.00000055926200000000
-0.00000215984000000000	-0.00000055918700000000
-0.00000216087000000000	-0.00000055988700000000
-0.00000216186000000000	-0.00000056027100000000
-0.00000216279000000000	-0.00000056073000000000
-0.00000216384000000000	-0.00000056071500000000
-0.00000216504000000000	-0.00000056162700000000
-0.00000216626000000000	-0.00000056196500000000
-0.00000216738000000000	-0.00000056116000000000
-0.00000216842000000000	-0.00000056170200000000
-0.00000216951000000000	-0.00000056101700000000
-0.00000217061000000000	-0.00000056063300000000
-0.00000217177000000000	-0.00000055962300000000
-0.00000217292000000000	-0.00000056024800000000
-0.00000217412000000000	-0.00000055925400000000
-0.00000217528000000000	-0.00000055964600000000
-0.00000217642000000000	-0.00000055890800000000
-0.00000217747000000000	-0.00000055823800000000
-0.00000217846000000000	-0.00000055946500000000
-0.00000217961000000000	-0.00000055960100000000
-0.00000218089000000000	-0.00000055950300000000
-0.00000218212000000000	-0.00000056003000000000
-0.00000218317000000000	-0.00000056060200000000
-0.00000218403000000000	-0.00000056051200000000
-0.00000218492000000000	-0.00000056119700000000
-0.00000218607000000000	-0.00000056069300000000
-0.00000218724000000000	-0.00000056124200000000
-0.00000218833000000000	-0.00000056020300000000
-0.00000218940000000000	-0.00000055957800000000
-0.00000219050000000000	-0.00000055943500000000
-0.00000219164000000000	-0.00000055893100000000
-0.00000219287000000000	-0.00000055875000000000
-0.00000219407000000000	-0.00000055876500000000
-0.00000219514000000000	-0.00000055791400000000
-0.00000219612000000000	-0.00000055786100000000
-0.00000219721000000000	-0.00000055804200000000
-0.00000219835000000000	-0.00000055903600000000
-0.00000219951000000000	-0.00000055899100000000
-0.00000220065000000000	-0.00000055892300000000
-0.00000220174000000000	-0.00000055947300000000
-0.00000220275000000000	-0.00000055976700000000
-0.00000220377000000000	-0.00000056029400000000
-0.00000220481000000000	-0.00000056025600000000
-0.00000220583000000000	-0.00000056006000000000
-0.00000220691000000000	-0.00000055880300000000
-0.00000220804000000000	-0.00000055850100000000
-0.00000220914000000000	-0.00000055875000000000
-0.00000221025000000000	-0.00000055861400000000
-0.00000221147000000000	-0.00000055816300000000
-0.00000221273000000000	-0.00000055845600000000
-0.00000221395000000000	-0.00000055722900000000
-0.00000221500000000000	-0.00000055791400000000
-0.00000221605000000000	-0.00000055750700000000
-0.00000221718000000000	-0.00000055771100000000
-0.00000221831000000000	-0.00000055821500000000
-0.00000221931000000000	-0.00000055859900000000
-0.00000222020000000000	-0.00000055940500000000
-0.00000222120000000000	-0.00000055969900000000
-0.00000222235000000000	-0.00000055987200000000
-0.00000222353000000000	-0.00000056036100000000
-0.00000222466000000000	-0.00000055981200000000
-0.00000222575000000000	-0.00000055898300000000
-0.00000222686000000000	-0.00000055798200000000
-0.00000222795000000000	-0.00000055794400000000
-0.00000222905000000000	-0.00000055801900000000
-0.00000223028000000000	-0.00000055719900000000
-0.00000223147000000000	-0.00000055659600000000
-0.00000223254000000000	-0.00000055707800000000
-0.00000223361000000000	-0.00000055716100000000
-0.00000223469000000000	-0.00000055734900000000
-0.00000223580000000000	-0.00000055803500000000
-0.00000223701000000000	-0.00000055883300000000
-0.00000223814000000000	-0.00000055902100000000
-0.00000223910000000000	-0.00000055893800000000
-0.00000224010000000000	-0.00000055887800000000
-0.00000224125000000000	-0.00000055884800000000
-0.00000224244000000000	-0.00000055914100000000
-0.00000224358000000000	-0.00000055865200000000
-0.00000224467000000000	-0.00000055873500000000
-0.00000224581000000000	-0.00000055801200000000
-0.00000224697000000000	-0.00000055778600000000
-0.00000224815000000000	-0.00000055680000000000
-0.00000224927000000000	-0.00000055637000000000
-0.00000225035000000000	-0.00000055554200000000
-0.00000225135000000000	-0.00000055595600000000
-0.00000225242000000000	-0.00000055667200000000
-0.00000225364000000000	-0.00000055623500000000
-0.00000225481000000000	-0.00000055759000000000
-0.00000225583000000000	-0.00000055819300000000
-0.00000225683000000000	-0.00000055875000000000
-0.00000225796000000000	-0.00000055960800000000
-0.00000225917000000000	-0.00000055894600000000
-0.00000226025000000000	-0.00000055901300000000
-0.00000226136000000000	-0.00000055848600000000
-0.00000226261000000000	-0.00000055784600000000
-0.00000226381000000000	-0.00000055792900000000
-0.00000226491000000000	-0.00000055774800000000
-0.00000226599000000000	-0.00000055767300000000
-0.00000226710000000000	-0.00000055702500000000
-0.00000226822000000000	-0.00000055667900000000
-0.00000226943000000000	-0.00000055604700000000
-0.00000227059000000000	-0.00000055577500000000
-0.00000227154000000000	-0.00000055646800000000
-0.00000227246000000000	-0.00000055638500000000
-0.00000227353000000000	-0.00000055720600000000
-0.00000227470000000000	-0.00000055797400000000
-0.00000227583000000000	-0.00000055821500000000
-0.00000227688000000000	-0.00000055905100000000
-0.00000227802000000000	-0.00000055919400000000
-0.00000227924000000000	-0.00000055869700000000
-0.00000228039000000000	-0.00000055765000000000
-0.00000228136000000000	-0.00000055826000000000
-0.00000228238000000000	-0.00000055741700000000
-0.00000228356000000000	-0.00000055712300000000
-0.00000228490000000000	-0.00000055650600000000
-0.00000228615000000000	-0.00000055662600000000
-0.00000228724000000000	-0.00000055553400000000
-0.00000228828000000000	-0.00000055544400000000
-0.00000228941000000000	-0.00000055601600000000
-0.00000229060000000000	-0.00000055621200000000
-0.00000229161000000000	-0.00000055708600000000
-0.00000229246000000000	-0.00000055710100000000
-0.00000229335000000000	-0.00000055830600000000
-0.00000229453000000000	-0.00000055788400000000
-0.00000229574000000000	-0.00000055826800000000
-0.00000229692000000000	-0.00000055772600000000
-0.00000229802000000000	-0.00000055813200000000
-0.00000229911000000000	-0.00000055835100000000
-0.00000230021000000000	-0.00000055734200000000
-0.00000230130000000000	-0.00000055763500000000
-0.00000230242000000000	-0.00000055770300000000
-0.00000230350000000000	-0.00000055699500000000
-0.00000230455000000000	-0.00000055657400000000
-0.00000230570000000000	-0.00000055626500000000
-0.00000230695000000000	-0.00000055628000000000
-0.00000230821000000000	-0.00000055621200000000
-0.00000230942000000000	-0.00000055670900000000
-0.00000231055000000000	-0.00000055686700000000
-0.00000231159000000000	-0.00000055734900000000
-0.00000231257000000000	-0.00000055812500000000
-0.00000231356000000000	-0.00000055823000000000
-0.00000231455000000000	-0.00000055830600000000
-0.00000231556000000000	-0.00000055782400000000
-0.00000231659000000000	-0.00000055785400000000
-0.00000231778000000000	-0.00000055745500000000
-0.00000231911000000000	-0.00000055643100000000
-0.00000232036000000000	-0.00000055637800000000
-0.00000232141000000000	-0.00000055674700000000
-0.00000232239000000000	-0.00000055631800000000
-0.00000232342000000000	-0.00000055573800000000
-0.00000232460000000000	-0.00000055588100000000
-0.00000232589000000000	-0.00000055636300000000
-0.00000232709000000000	-0.00000055681500000000
-0.00000232814000000000	-0.00000055728900000000
-0.00000232916000000000	-0.00000055820000000000
-0.00000233029000000000	-0.00000055835800000000
-0.00000233149000000000	-0.00000055851600000000
-0.00000233261000000000	-0.00000055747700000000
-0.00000233359000000000	-0.00000055822300000000
-0.00000233468000000000	-0.00000055861400000000
-0.00000233581000000000	-0.00000055805000000000
-0.00000233681000000000	-0.00000055794400000000
-0.00000233790000000000	-0.00000055813200000000
-0.00000233922000000000	-0.00000055695800000000
-0.00000234046000000000	-0.00000055767300000000
-0.00000234157000000000	-0.00000055653600000000
-0.00000234265000000000	-0.00000055571500000000
-0.00000234379000000000	-0.00000055554200000000
-0.00000234489000000000	-0.00000055612200000000
-0.00000234593000000000	-0.00000055725100000000
-0.00000234707000000000	-0.00000055717600000000
-0.00000234818000000000	-0.00000055788400000000
-0.00000234919000000000	-0.00000055850900000000
-0.00000235025000000000	-0.00000055897600000000
-0.00000235141000000000	-0.00000055931500000000
-0.00000235256000000000	-0.00000055960800000000
-0.00000235365000000000	-0.00000055955600000000
-0.00000235474000000000	-0.00000055878000000000
-0.00000235591000000000	-0.00000055759800000000
-0.00000235710000000000	-0.00000055792900000000
-0.00000235827000000000	-0.00000055728900000000
-0.00000235944000000000	-0.00000055664100000000
-0.00000236061000000000	-0.00000055646100000000
-0.00000236175000000000	-0.00000055581300000000
-0.00000236281000000000	-0.00000055609900000000
-0.00000236386000000000	-0.00000055649800000000
-0.00000236496000000000	-0.00000055704800000000
-0.00000236602000000000	-0.00000055813200000000
-0.00000236707000000000	-0.00000055829800000000
-0.00000236819000000000	-0.00000055827600000000
-0.00000236937000000000	-0.00000055941300000000
-0.00000237053000000000	-0.00000055951100000000
-0.00000237167000000000	-0.00000055850100000000
-0.00000237288000000000	-0.00000055823800000000
-0.00000237408000000000	-0.00000055784600000000
-0.00000237511000000000	-0.00000055763500000000
-0.00000237613000000000	-0.00000055687500000000
-0.00000237729000000000	-0.00000055739400000000
-0.00000237860000000000	-0.00000055692000000000
-0.00000237988000000000	-0.00000055609200000000
-0.00000238104000000000	-0.00000055570000000000
-0.00000238214000000000	-0.00000055575300000000
-0.00000238319000000000	-0.00000055686000000000
-0.00000238421000000000	-0.00000055671700000000
-0.00000238520000000000	-0.00000055801200000000
-0.00000238630000000000	-0.00000055917200000000
-0.00000238739000000000	-0.00000055938200000000
-0.00000238834000000000	-0.00000055899100000000
-0.00000238932000000000	-0.00000055846400000000
-0.00000239047000000000	-0.00000055856200000000
-0.00000239168000000000	-0.00000055853900000000
-0.00000239285000000000	-0.00000055830600000000
-0.00000239398000000000	-0.00000055847100000000
-0.00000239509000000000	-0.00000055783100000000
-0.00000239617000000000	-0.00000055810200000000
-0.00000239732000000000	-0.00000055716100000000
-0.00000239848000000000	-0.00000055560200000000
-0.00000239962000000000	-0.00000055543700000000
-0.00000240077000000000	-0.00000055622000000000
-0.00000240188000000000	-0.00000055731900000000
-0.00000240293000000000	-0.00000055703300000000
-0.00000240402000000000	-0.00000055681500000000
-0.00000240525000000000	-0.00000055789100000000
-0.00000240654000000000	-0.00000055887800000000
-0.00000240771000000000	-0.00000055860700000000
-0.00000240867000000000	-0.00000055866700000000
-0.00000240962000000000	-0.00000055801200000000
-0.00000241074000000000	-0.00000055818500000000
-0.00000241205000000000	-0.00000055798900000000
-0.00000241334000000000	-0.00000055750700000000
-0.00000241446000000000	-0.00000055780100000000
-0.00000241546000000000	-0.00000055704100000000
-0.00000241646000000000	-0.00000055652100000000
-0.00000241755000000000	-0.00000055556500000000
-0.00000241863000000000	-0.00000055604700000000
-0.00000241973000000000	-0.00000055649800000000
-0.00000242096000000000	-0.00000055627200000000
-0.00000242226000000000	-0.00000055719900000000
-0.00000242349000000000	-0.00000055686000000000
-0.00000242447000000000	-0.00000055786100000000
-0.00000242553000000000	-0.00000055802700000000
-0.00000242673000000000	-0.00000055824500000000
-0.00000242783000000000	-0.00000055845600000000
-0.00000242878000000000	-0.00000055827600000000
-0.00000242988000000000	-0.00000055768800000000
-0.00000243117000000000	-0.00000055765800000000
-0.00000243246000000000	-0.00000055677700000000
-0.00000243365000000000	-0.00000055643800000000
-0.00000243479000000000	-0.00000055603100000000
-0.00000243582000000000	-0.00000055615200000000
-0.00000243682000000000	-0.00000055626500000000
-0.00000243795000000000	-0.00000055712300000000
-0.00000243924000000000	-0.00000055655900000000
-0.00000244051000000000	-0.00000055693500000000
-0.00000244173000000000	-0.00000055814800000000
-0.00000244290000000000	-0.00000055818500000000
-0.00000244387000000000	-0.00000055832800000000
-0.00000244479000000000	-0.00000055783100000000
-0.00000244583000000000	-0.00000055773300000000
-0.00000244695000000000	-0.00000055811700000000
-0.00000244809000000000	-0.00000055756000000000
-0.00000244918000000000	-0.00000055809500000000
-0.00000245029000000000	-0.00000055805000000000
-0.00000245141000000000	-0.00000055776300000000
-0.00000245252000000000	-0.00000055719100000000
-0.00000245367000000000	-0.00000055610700000000
-0.00000245484000000000	-0.00000055643100000000
-0.00000245603000000000	-0.00000055614400000000
-0.00000245718000000000	-0.00000055631000000000
-0.00000245832000000000	-0.00000055624200000000
-0.00000245940000000000	-0.00000055673900000000
-0.00000246049000000000	-0.00000055641500000000
-0.00000246164000000000	-0.00000055798900000000
-0.00000246282000000000	-0.00000055777100000000
-0.00000246381000000000	-0.00000055768800000000
-0.00000246477000000000	-0.00000055728200000000
-0.00000246576000000000	-0.00000055686700000000
	
	
