-0.00000250024000000000	-0.00000055377200000000
-0.00000249928000000000	-0.00000055341100000000
-0.00000249838000000000	-0.00000055344100000000
-0.00000249739000000000	-0.00000055357700000000
-0.00000249648000000000	-0.00000055352400000000
-0.00000249570000000000	-0.00000055381800000000
-0.00000249477000000000	-0.00000055437500000000
-0.00000249365000000000	-0.00000055486400000000
-0.00000249260000000000	-0.00000055560200000000
-0.00000249161000000000	-0.00000055680700000000
-0.00000249060000000000	-0.00000055664900000000
-0.00000248966000000000	-0.00000055643100000000
-0.00000248885000000000	-0.00000055606200000000
-0.00000248800000000000	-0.00000055643100000000
-0.00000248707000000000	-0.00000055614400000000
-0.00000248607000000000	-0.00000055528600000000
-0.00000248503000000000	-0.00000055475100000000
-0.00000248395000000000	-0.00000055475900000000
-0.00000248296000000000	-0.00000055500000000000
-0.00000248210000000000	-0.00000055466800000000
-0.00000248123000000000	-0.00000055373500000000
-0.00000248025000000000	-0.00000055421700000000
-0.00000247934000000000	-0.00000055493200000000
-0.00000247849000000000	-0.00000055515800000000
-0.00000247746000000000	-0.00000055533100000000
-0.00000247628000000000	-0.00000055651300000000
-0.00000247532000000000	-0.00000055697300000000
-0.00000247451000000000	-0.00000055701000000000
-0.00000247355000000000	-0.00000055692800000000
-0.00000247247000000000	-0.00000055637000000000
-0.00000247151000000000	-0.00000055601600000000
-0.00000247066000000000	-0.00000055500700000000
-0.00000246967000000000	-0.00000055450300000000
-0.00000246857000000000	-0.00000055507500000000
-0.00000246753000000000	-0.00000055512000000000
-0.00000246657000000000	-0.00000055506800000000
-0.00000246569000000000	-0.00000055450300000000
-0.00000246486000000000	-0.00000055450300000000
-0.00000246404000000000	-0.00000055466100000000
-0.00000246310000000000	-0.00000055453300000000
-0.00000246198000000000	-0.00000055578300000000
-0.00000246089000000000	-0.00000055627200000000
-0.00000245993000000000	-0.00000055584300000000
-0.00000245902000000000	-0.00000055605400000000
-0.00000245813000000000	-0.00000055656600000000
-0.00000245716000000000	-0.00000055700300000000
-0.00000245606000000000	-0.00000055669400000000
-0.00000245498000000000	-0.00000055664100000000
-0.00000245404000000000	-0.00000055608400000000
-0.00000245319000000000	-0.00000055565500000000
-0.00000245228000000000	-0.00000055603100000000
-0.00000245125000000000	-0.00000055572300000000
-0.00000245015000000000	-0.00000055568500000000
-0.00000244914000000000	-0.00000055477400000000
-0.00000244813000000000	-0.00000055447300000000
-0.00000244715000000000	-0.00000055517300000000
-0.00000244634000000000	-0.00000055585800000000
-0.00000244551000000000	-0.00000055645300000000
-0.00000244446000000000	-0.00000055655100000000
-0.00000244324000000000	-0.00000055631800000000
-0.00000244204000000000	-0.00000055768100000000
-0.00000244112000000000	-0.00000055745500000000
-0.00000244031000000000	-0.00000055743200000000
-0.00000243941000000000	-0.00000055743200000000
-0.00000243841000000000	-0.00000055734900000000
-0.00000243748000000000	-0.00000055633300000000
-0.00000243657000000000	-0.00000055591900000000
-0.00000243561000000000	-0.00000055495500000000
-0.00000243458000000000	-0.00000055454000000000
-0.00000243362000000000	-0.00000055399800000000
-0.00000243263000000000	-0.00000055391500000000
-0.00000243154000000000	-0.00000055511300000000
-0.00000243054000000000	-0.00000055463100000000
-0.00000242957000000000	-0.00000055482700000000
-0.00000242852000000000	-0.00000055600100000000
-0.00000242755000000000	-0.00000055619700000000
-0.00000242659000000000	-0.00000055663400000000
-0.00000242549000000000	-0.00000055701800000000
-0.00000242436000000000	-0.00000055756800000000
-0.00000242344000000000	-0.00000055747700000000
-0.00000242265000000000	-0.00000055730400000000
-0.00000242179000000000	-0.00000055649800000000
-0.00000242078000000000	-0.00000055628000000000
-0.00000241972000000000	-0.00000055556500000000
-0.00000241860000000000	-0.00000055571500000000
-0.00000241748000000000	-0.00000055558700000000
-0.00000241645000000000	-0.00000055481200000000
-0.00000241547000000000	-0.00000055463800000000
-0.00000241444000000000	-0.00000055501500000000
-0.00000241342000000000	-0.00000055516500000000
-0.00000241242000000000	-0.00000055603900000000
-0.00000241142000000000	-0.00000055682200000000
-0.00000241041000000000	-0.00000055750000000000
-0.00000240957000000000	-0.00000055764300000000
-0.00000240880000000000	-0.00000055768100000000
-0.00000240783000000000	-0.00000055823800000000
-0.00000240668000000000	-0.00000055813200000000
-0.00000240560000000000	-0.00000055785400000000
-0.00000240474000000000	-0.00000055709300000000
-0.00000240395000000000	-0.00000055694300000000
-0.00000240307000000000	-0.00000055627200000000
-0.00000240203000000000	-0.00000055619700000000
-0.00000240086000000000	-0.00000055596400000000
-0.00000239971000000000	-0.00000055472900000000
-0.00000239868000000000	-0.00000055469100000000
-0.00000239772000000000	-0.00000055497000000000
-0.00000239663000000000	-0.00000055522600000000
-0.00000239554000000000	-0.00000055526300000000
-0.00000239468000000000	-0.00000055589600000000
-0.00000239384000000000	-0.00000055628000000000
-0.00000239274000000000	-0.00000055692800000000
-0.00000239153000000000	-0.00000055771800000000
-0.00000239053000000000	-0.00000055719900000000
-0.00000238968000000000	-0.00000055719100000000
-0.00000238879000000000	-0.00000055682200000000
-0.00000238782000000000	-0.00000055638500000000
-0.00000238678000000000	-0.00000055591100000000
-0.00000238570000000000	-0.00000055513500000000
-0.00000238466000000000	-0.00000055576000000000
-0.00000238374000000000	-0.00000055569300000000
-0.00000238281000000000	-0.00000055521100000000
-0.00000238179000000000	-0.00000055506000000000
-0.00000238083000000000	-0.00000055487200000000
-0.00000237992000000000	-0.00000055472100000000
-0.00000237887000000000	-0.00000055609900000000
-0.00000237780000000000	-0.00000055652100000000
-0.00000237680000000000	-0.00000055647600000000
-0.00000237589000000000	-0.00000055731900000000
-0.00000237499000000000	-0.00000055751500000000
-0.00000237400000000000	-0.00000055730400000000
-0.00000237296000000000	-0.00000055729700000000
-0.00000237195000000000	-0.00000055625700000000
-0.00000237093000000000	-0.00000055593400000000
-0.00000236997000000000	-0.00000055540600000000
-0.00000236903000000000	-0.00000055434500000000
-0.00000236792000000000	-0.00000055420900000000
-0.00000236667000000000	-0.00000055478100000000
-0.00000236556000000000	-0.00000055398300000000
-0.00000236455000000000	-0.00000055479600000000
-0.00000236357000000000	-0.00000055520300000000
-0.00000236260000000000	-0.00000055478900000000
-0.00000236159000000000	-0.00000055598600000000
-0.00000236063000000000	-0.00000055706300000000
-0.00000235970000000000	-0.00000055681500000000
-0.00000235866000000000	-0.00000055730400000000
-0.00000235758000000000	-0.00000055670900000000
-0.00000235658000000000	-0.00000055688200000000
-0.00000235565000000000	-0.00000055723600000000
-0.00000235468000000000	-0.00000055662600000000
-0.00000235358000000000	-0.00000055576800000000
-0.00000235239000000000	-0.00000055621200000000
-0.00000235138000000000	-0.00000055531600000000
-0.00000235056000000000	-0.00000055509800000000
-0.00000234968000000000	-0.00000055475900000000
-0.00000234856000000000	-0.00000055412600000000
-0.00000234732000000000	-0.00000055474400000000
-0.00000234623000000000	-0.00000055548200000000
-0.00000234537000000000	-0.00000055612900000000
-0.00000234457000000000	-0.00000055673900000000
-0.00000234359000000000	-0.00000055696500000000
-0.00000234235000000000	-0.00000055680000000000
-0.00000234114000000000	-0.00000055645300000000
-0.00000234018000000000	-0.00000055662600000000
-0.00000233933000000000	-0.00000055713800000000
-0.00000233842000000000	-0.00000055577500000000
-0.00000233742000000000	-0.00000055567000000000
-0.00000233644000000000	-0.00000055579800000000
-0.00000233543000000000	-0.00000055616700000000
-0.00000233435000000000	-0.00000055564700000000
-0.00000233321000000000	-0.00000055516500000000
-0.00000233209000000000	-0.00000055404300000000
-0.00000233103000000000	-0.00000055467600000000
-0.00000233014000000000	-0.00000055524100000000
-0.00000232932000000000	-0.00000055533100000000
-0.00000232839000000000	-0.00000055597900000000
-0.00000232729000000000	-0.00000055600100000000
-0.00000232606000000000	-0.00000055723600000000
-0.00000232496000000000	-0.00000055728200000000
-0.00000232404000000000	-0.00000055698000000000
-0.00000232314000000000	-0.00000055628700000000
-0.00000232204000000000	-0.00000055654400000000
-0.00000232088000000000	-0.00000055555700000000
-0.00000231977000000000	-0.00000055567800000000
-0.00000231881000000000	-0.00000055520300000000
-0.00000231788000000000	-0.00000055585800000000
-0.00000231695000000000	-0.00000055532400000000
-0.00000231597000000000	-0.00000055420200000000
-0.00000231490000000000	-0.00000055425400000000
-0.00000231380000000000	-0.00000055504500000000
-0.00000231274000000000	-0.00000055520300000000
-0.00000231172000000000	-0.00000055635500000000
-0.00000231077000000000	-0.00000055669400000000
-0.00000230976000000000	-0.00000055667900000000
-0.00000230863000000000	-0.00000055757500000000
-0.00000230754000000000	-0.00000055780100000000
-0.00000230655000000000	-0.00000055695800000000
-0.00000230558000000000	-0.00000055724400000000
-0.00000230466000000000	-0.00000055664900000000
-0.00000230370000000000	-0.00000055607700000000
-0.00000230264000000000	-0.00000055602400000000
-0.00000230149000000000	-0.00000055515000000000
-0.00000230029000000000	-0.00000055451800000000
-0.00000229914000000000	-0.00000055551200000000
-0.00000229820000000000	-0.00000055425400000000
-0.00000229727000000000	-0.00000055429200000000
-0.00000229621000000000	-0.00000055564000000000
-0.00000229520000000000	-0.00000055638500000000
-0.00000229437000000000	-0.00000055571500000000
-0.00000229353000000000	-0.00000055573800000000
-0.00000229250000000000	-0.00000055678400000000
-0.00000229137000000000	-0.00000055677700000000
-0.00000229026000000000	-0.00000055685200000000
-0.00000228925000000000	-0.00000055610700000000
-0.00000228826000000000	-0.00000055619700000000
-0.00000228729000000000	-0.00000055585100000000
-0.00000228630000000000	-0.00000055602400000000
-0.00000228529000000000	-0.00000055527800000000
-0.00000228420000000000	-0.00000055504500000000
-0.00000228308000000000	-0.00000055554200000000
-0.00000228204000000000	-0.00000055507500000000
-0.00000228106000000000	-0.00000055398300000000
-0.00000228006000000000	-0.00000055439000000000
-0.00000227902000000000	-0.00000055482700000000
-0.00000227790000000000	-0.00000055598600000000
-0.00000227686000000000	-0.00000055585100000000
-0.00000227585000000000	-0.00000055597900000000
-0.00000227475000000000	-0.00000055723600000000
-0.00000227365000000000	-0.00000055768100000000
-0.00000227262000000000	-0.00000055802700000000
-0.00000227161000000000	-0.00000055744000000000
-0.00000227058000000000	-0.00000055699500000000
-0.00000226962000000000	-0.00000055647600000000
-0.00000226862000000000	-0.00000055651300000000
-0.00000226751000000000	-0.00000055561000000000
-0.00000226631000000000	-0.00000055569300000000
-0.00000226522000000000	-0.00000055548200000000
-0.00000226426000000000	-0.00000055454000000000
-0.00000226324000000000	-0.00000055487900000000
-0.00000226215000000000	-0.00000055478100000000
-0.00000226113000000000	-0.00000055509000000000
-0.00000226020000000000	-0.00000055556500000000
-0.00000225916000000000	-0.00000055641500000000
-0.00000225804000000000	-0.00000055637000000000
-0.00000225693000000000	-0.00000055706300000000
-0.00000225582000000000	-0.00000055752200000000
-0.00000225474000000000	-0.00000055677700000000
-0.00000225363000000000	-0.00000055754500000000
-0.00000225254000000000	-0.00000055787600000000
-0.00000225154000000000	-0.00000055758300000000
-0.00000225062000000000	-0.00000055769600000000
-0.00000224970000000000	-0.00000055634000000000
-0.00000224868000000000	-0.00000055535400000000
-0.00000224762000000000	-0.00000055615900000000
-0.00000224669000000000	-0.00000055550400000000
-0.00000224578000000000	-0.00000055506800000000
-0.00000224475000000000	-0.00000055573800000000
-0.00000224359000000000	-0.00000055581300000000
-0.00000224234000000000	-0.00000055693500000000
-0.00000224114000000000	-0.00000055737200000000
-0.00000224005000000000	-0.00000055676200000000
-0.00000223899000000000	-0.00000055784600000000
-0.00000223796000000000	-0.00000055806500000000
-0.00000223696000000000	-0.00000055759000000000
-0.00000223599000000000	-0.00000055801900000000
-0.00000223503000000000	-0.00000055746200000000
-0.00000223398000000000	-0.00000055658900000000
-0.00000223289000000000	-0.00000055650600000000
-0.00000223191000000000	-0.00000055598600000000
-0.00000223093000000000	-0.00000055555700000000
-0.00000222990000000000	-0.00000055553400000000
-0.00000222894000000000	-0.00000055487900000000
-0.00000222795000000000	-0.00000055474400000000
-0.00000222674000000000	-0.00000055563200000000
-0.00000222547000000000	-0.00000055601600000000
-0.00000222435000000000	-0.00000055660400000000
-0.00000222342000000000	-0.00000055661900000000
-0.00000222245000000000	-0.00000055766600000000
-0.00000222139000000000	-0.00000055858400000000
-0.00000222031000000000	-0.00000055785400000000
-0.00000221920000000000	-0.00000055792900000000
-0.00000221813000000000	-0.00000055853100000000
-0.00000221720000000000	-0.00000055753000000000
-0.00000221624000000000	-0.00000055705600000000
-0.00000221520000000000	-0.00000055669400000000
-0.00000221410000000000	-0.00000055660400000000
-0.00000221301000000000	-0.00000055631800000000
-0.00000221206000000000	-0.00000055580600000000
-0.00000221121000000000	-0.00000055570800000000
-0.00000221023000000000	-0.00000055569300000000
-0.00000220900000000000	-0.00000055652100000000
-0.00000220772000000000	-0.00000055721400000000
-0.00000220661000000000	-0.00000055672400000000
-0.00000220555000000000	-0.00000055789100000000
-0.00000220450000000000	-0.00000055841100000000
-0.00000220343000000000	-0.00000055893800000000
-0.00000220234000000000	-0.00000055880300000000
-0.00000220124000000000	-0.00000055722900000000
-0.00000220022000000000	-0.00000055734900000000
-0.00000219931000000000	-0.00000055774100000000
-0.00000219837000000000	-0.00000055728200000000
-0.00000219736000000000	-0.00000055735700000000
-0.00000219639000000000	-0.00000055698000000000
-0.00000219533000000000	-0.00000055691200000000
-0.00000219413000000000	-0.00000055676200000000
-0.00000219295000000000	-0.00000055636300000000
-0.00000219187000000000	-0.00000055643100000000
-0.00000219079000000000	-0.00000055789900000000
-0.00000218975000000000	-0.00000055835100000000
-0.00000218875000000000	-0.00000055905900000000
-0.00000218774000000000	-0.00000055899800000000
-0.00000218663000000000	-0.00000055865200000000
-0.00000218557000000000	-0.00000055896100000000
-0.00000218461000000000	-0.00000055951100000000
-0.00000218350000000000	-0.00000055949500000000
-0.00000218224000000000	-0.00000055975900000000
-0.00000218114000000000	-0.00000055874200000000
-0.00000218016000000000	-0.00000055809500000000
-0.00000217923000000000	-0.00000055725900000000
-0.00000217826000000000	-0.00000055716900000000
-0.00000217714000000000	-0.00000055716100000000
-0.00000217590000000000	-0.00000055720600000000
-0.00000217472000000000	-0.00000055688200000000
-0.00000217370000000000	-0.00000055734900000000
-0.00000217274000000000	-0.00000055828300000000
-0.00000217177000000000	-0.00000055809500000000
-0.00000217073000000000	-0.00000055909600000000
-0.00000216972000000000	-0.00000055972100000000
-0.00000216865000000000	-0.00000055935200000000
-0.00000216748000000000	-0.00000055925400000000
-0.00000216642000000000	-0.00000056012800000000
-0.00000216549000000000	-0.00000055983400000000
-0.00000216444000000000	-0.00000055945000000000
-0.00000216324000000000	-0.00000055917900000000
-0.00000216209000000000	-0.00000055883300000000
-0.00000216102000000000	-0.00000055868200000000
-0.00000215994000000000	-0.00000055866000000000
-0.00000215887000000000	-0.00000055750000000000
-0.00000215782000000000	-0.00000055711600000000
-0.00000215680000000000	-0.00000055793700000000
-0.00000215573000000000	-0.00000055827600000000
-0.00000215450000000000	-0.00000055862200000000
-0.00000215326000000000	-0.00000055965400000000
-0.00000215222000000000	-0.00000056039200000000
-0.00000215138000000000	-0.00000056034600000000
-0.00000215052000000000	-0.00000056064000000000
-0.00000214955000000000	-0.00000056009000000000
-0.00000214844000000000	-0.00000056039900000000
-0.00000214728000000000	-0.00000055983400000000
-0.00000214609000000000	-0.00000055964600000000
-0.00000214493000000000	-0.00000056006000000000
-0.00000214390000000000	-0.00000055942800000000
-0.00000214297000000000	-0.00000055892300000000
-0.00000214201000000000	-0.00000055830600000000
-0.00000214087000000000	-0.00000055810200000000
-0.00000213962000000000	-0.00000055819300000000
-0.00000213847000000000	-0.00000055878000000000
-0.00000213755000000000	-0.00000055903600000000
-0.00000213669000000000	-0.00000055960800000000
-0.00000213570000000000	-0.00000056058000000000
-0.00000213462000000000	-0.00000056061000000000
-0.00000213345000000000	-0.00000056128000000000
-0.00000213225000000000	-0.00000056183700000000
-0.00000213108000000000	-0.00000056163400000000
-0.00000212997000000000	-0.00000056226700000000
-0.00000212899000000000	-0.00000056174700000000
-0.00000212811000000000	-0.00000056134800000000
-0.00000212728000000000	-0.00000056100200000000
-0.00000212630000000000	-0.00000056096400000000
-0.00000212513000000000	-0.00000055985700000000
-0.00000212391000000000	-0.00000055920200000000
-0.00000212277000000000	-0.00000055987200000000
-0.00000212174000000000	-0.00000055958600000000
-0.00000212061000000000	-0.00000056036900000000
-0.00000211939000000000	-0.00000055980400000000
-0.00000211816000000000	-0.00000056011300000000
-0.00000211703000000000	-0.00000056183700000000
-0.00000211602000000000	-0.00000056214600000000
-0.00000211497000000000	-0.00000056230400000000
-0.00000211389000000000	-0.00000056176200000000
-0.00000211280000000000	-0.00000056154400000000
-0.00000211172000000000	-0.00000056201800000000
-0.00000211070000000000	-0.00000056117500000000
-0.00000210974000000000	-0.00000056061000000000
-0.00000210888000000000	-0.00000055986400000000
-0.00000210796000000000	-0.00000056009800000000
-0.00000210688000000000	-0.00000055940500000000
-0.00000210562000000000	-0.00000056000700000000
-0.00000210443000000000	-0.00000055969100000000
-0.00000210337000000000	-0.00000055975900000000
-0.00000210242000000000	-0.00000056045200000000
-0.00000210135000000000	-0.00000056163400000000
-0.00000210012000000000	-0.00000056220600000000
-0.00000209893000000000	-0.00000056329800000000
-0.00000209790000000000	-0.00000056290700000000
-0.00000209682000000000	-0.00000056256000000000
-0.00000209569000000000	-0.00000056235700000000
-0.00000209468000000000	-0.00000056198800000000
-0.00000209371000000000	-0.00000056246200000000
-0.00000209267000000000	-0.00000056271100000000
-0.00000209153000000000	-0.00000056164200000000
-0.00000209026000000000	-0.00000056148300000000
-0.00000208908000000000	-0.00000056061000000000
-0.00000208808000000000	-0.00000056033900000000
-0.00000208718000000000	-0.00000055983400000000
-0.00000208618000000000	-0.00000055961600000000
-0.00000208509000000000	-0.00000056063300000000
-0.00000208406000000000	-0.00000056158900000000
-0.00000208304000000000	-0.00000056198800000000
-0.00000208188000000000	-0.00000056225900000000
-0.00000208063000000000	-0.00000056326800000000
-0.00000207950000000000	-0.00000056467600000000
-0.00000207861000000000	-0.00000056378000000000
-0.00000207770000000000	-0.00000056323100000000
-0.00000207658000000000	-0.00000056296700000000
-0.00000207531000000000	-0.00000056300500000000
-0.00000207422000000000	-0.00000056246200000000
-0.00000207329000000000	-0.00000056225900000000
-0.00000207231000000000	-0.00000056186700000000
-0.00000207118000000000	-0.00000056108400000000
-0.00000207005000000000	-0.00000056129500000000
-0.00000206909000000000	-0.00000056128000000000
-0.00000206808000000000	-0.00000056142300000000
-0.00000206686000000000	-0.00000056177700000000
-0.00000206556000000000	-0.00000056170200000000
-0.00000206435000000000	-0.00000056259000000000
-0.00000206330000000000	-0.00000056362200000000
-0.00000206230000000000	-0.00000056393800000000
-0.00000206120000000000	-0.00000056398400000000
-0.00000206002000000000	-0.00000056453300000000
-0.00000205892000000000	-0.00000056444300000000
-0.00000205791000000000	-0.00000056388600000000
-0.00000205689000000000	-0.00000056360700000000
-0.00000205585000000000	-0.00000056332100000000
-0.00000205479000000000	-0.00000056265100000000
-0.00000205369000000000	-0.00000056209300000000
-0.00000205251000000000	-0.00000056285400000000
-0.00000205142000000000	-0.00000056183000000000
-0.00000205042000000000	-0.00000056153600000000
-0.00000204940000000000	-0.00000056198800000000
-0.00000204823000000000	-0.00000056311800000000
-0.00000204700000000000	-0.00000056329800000000
-0.00000204582000000000	-0.00000056369000000000
-0.00000204478000000000	-0.00000056353900000000
-0.00000204375000000000	-0.00000056407400000000
-0.00000204265000000000	-0.00000056557200000000
-0.00000204160000000000	-0.00000056450300000000
-0.00000204055000000000	-0.00000056424000000000
-0.00000203953000000000	-0.00000056360700000000
-0.00000203848000000000	-0.00000056347900000000
-0.00000203738000000000	-0.00000056290700000000
-0.00000203633000000000	-0.00000056294400000000
-0.00000203541000000000	-0.00000056259800000000
-0.00000203435000000000	-0.00000056317000000000
-0.00000203309000000000	-0.00000056253800000000
-0.00000203188000000000	-0.00000056160400000000
-0.00000203076000000000	-0.00000056317800000000
-0.00000202969000000000	-0.00000056399100000000
-0.00000202864000000000	-0.00000056363700000000
-0.00000202760000000000	-0.00000056442000000000
-0.00000202658000000000	-0.00000056458600000000
-0.00000202542000000000	-0.00000056474400000000
-0.00000202413000000000	-0.00000056546000000000
-0.00000202296000000000	-0.00000056525600000000
-0.00000202194000000000	-0.00000056463900000000
-0.00000202087000000000	-0.00000056460900000000
-0.00000201978000000000	-0.00000056410400000000
-0.00000201879000000000	-0.00000056332800000000
-0.00000201785000000000	-0.00000056390100000000
-0.00000201680000000000	-0.00000056380300000000
-0.00000201562000000000	-0.00000056299700000000
-0.00000201452000000000	-0.00000056215400000000
-0.00000201363000000000	-0.00000056225200000000
-0.00000201282000000000	-0.00000056286200000000
-0.00000201183000000000	-0.00000056341100000000
-0.00000201061000000000	-0.00000056402900000000
-0.00000200936000000000	-0.00000056445000000000
-0.00000200820000000000	-0.00000056454800000000
-0.00000200709000000000	-0.00000056521100000000
-0.00000200600000000000	-0.00000056497000000000
-0.00000200485000000000	-0.00000056526400000000
-0.00000200367000000000	-0.00000056552000000000
-0.00000200254000000000	-0.00000056521100000000
-0.00000200140000000000	-0.00000056433000000000
-0.00000200026000000000	-0.00000056375800000000
-0.00000199919000000000	-0.00000056379500000000
-0.00000199818000000000	-0.00000056285400000000
-0.00000199715000000000	-0.00000056204100000000
-0.00000199615000000000	-0.00000056158100000000
-0.00000199510000000000	-0.00000056241000000000
-0.00000199395000000000	-0.00000056254500000000
-0.00000199273000000000	-0.00000056343400000000
-0.00000199164000000000	-0.00000056397600000000
-0.00000199065000000000	-0.00000056448800000000
-0.00000198956000000000	-0.00000056518100000000
-0.00000198834000000000	-0.00000056529400000000
-0.00000198718000000000	-0.00000056483500000000
-0.00000198612000000000	-0.00000056513600000000
-0.00000198509000000000	-0.00000056489500000000
-0.00000198402000000000	-0.00000056454100000000
-0.00000198302000000000	-0.00000056399900000000
-0.00000198204000000000	-0.00000056389300000000
-0.00000198092000000000	-0.00000056405900000000
-0.00000197973000000000	-0.00000056356900000000
-0.00000197861000000000	-0.00000056247700000000
-0.00000197756000000000	-0.00000056182200000000
-0.00000197650000000000	-0.00000056276400000000
-0.00000197541000000000	-0.00000056366700000000
-0.00000197423000000000	-0.00000056450300000000
-0.00000197313000000000	-0.00000056493200000000
-0.00000197214000000000	-0.00000056594900000000
-0.00000197109000000000	-0.00000056596400000000
-0.00000196984000000000	-0.00000056588900000000
-0.00000196862000000000	-0.00000056560300000000
-0.00000196755000000000	-0.00000056476700000000
-0.00000196650000000000	-0.00000056447300000000
-0.00000196542000000000	-0.00000056422500000000
-0.00000196434000000000	-0.00000056411900000000
-0.00000196327000000000	-0.00000056405100000000
-0.00000196219000000000	-0.00000056350900000000
-0.00000196114000000000	-0.00000056311800000000
-0.00000196014000000000	-0.00000056265100000000
-0.00000195908000000000	-0.00000056258300000000
-0.00000195789000000000	-0.00000056335100000000
-0.00000195667000000000	-0.00000056333600000000
-0.00000195544000000000	-0.00000056399900000000
-0.00000195428000000000	-0.00000056442000000000
-0.00000195323000000000	-0.00000056481200000000
-0.00000195218000000000	-0.00000056549700000000
-0.00000195109000000000	-0.00000056454800000000
-0.00000194999000000000	-0.00000056398400000000
-0.00000194893000000000	-0.00000056454800000000
-0.00000194788000000000	-0.00000056421700000000
-0.00000194677000000000	-0.00000056422500000000
-0.00000194566000000000	-0.00000056370500000000
-0.00000194461000000000	-0.00000056325300000000
-0.00000194362000000000	-0.00000056317800000000
-0.00000194259000000000	-0.00000056288400000000
-0.00000194137000000000	-0.00000056272600000000
-0.00000194008000000000	-0.00000056331300000000
-0.00000193904000000000	-0.00000056358400000000
-0.00000193812000000000	-0.00000056382500000000
-0.00000193700000000000	-0.00000056418700000000
-0.00000193568000000000	-0.00000056448100000000
-0.00000193444000000000	-0.00000056513600000000
-0.00000193339000000000	-0.00000056545200000000
-0.00000193242000000000	-0.00000056493200000000
-0.00000193133000000000	-0.00000056527100000000
-0.00000193019000000000	-0.00000056485700000000
-0.00000192910000000000	-0.00000056379500000000
-0.00000192801000000000	-0.00000056417200000000
-0.00000192697000000000	-0.00000056390100000000
-0.00000192599000000000	-0.00000056244000000000
-0.00000192494000000000	-0.00000056194300000000
-0.00000192379000000000	-0.00000056135500000000
-0.00000192262000000000	-0.00000056223600000000
-0.00000192154000000000	-0.00000056209300000000
-0.00000192041000000000	-0.00000056296700000000
-0.00000191925000000000	-0.00000056396100000000
-0.00000191807000000000	-0.00000056472200000000
-0.00000191681000000000	-0.00000056448100000000
-0.00000191554000000000	-0.00000056454100000000
-0.00000191456000000000	-0.00000056529400000000
-0.00000191375000000000	-0.00000056468400000000
-0.00000191268000000000	-0.00000056396100000000
-0.00000191146000000000	-0.00000056372000000000
-0.00000191034000000000	-0.00000056424000000000
-0.00000190925000000000	-0.00000056398400000000
-0.00000190804000000000	-0.00000056345600000000
-0.00000190682000000000	-0.00000056344100000000
-0.00000190573000000000	-0.00000056288400000000
-0.00000190464000000000	-0.00000056235700000000
-0.00000190347000000000	-0.00000056246200000000
-0.00000190233000000000	-0.00000056297400000000
-0.00000190130000000000	-0.00000056294400000000
-0.00000190023000000000	-0.00000056408900000000
-0.00000189915000000000	-0.00000056423200000000
-0.00000189800000000000	-0.00000056474400000000
-0.00000189680000000000	-0.00000056527100000000
-0.00000189569000000000	-0.00000056465400000000
-0.00000189463000000000	-0.00000056463100000000
-0.00000189353000000000	-0.00000056399100000000
-0.00000189239000000000	-0.00000056320000000000
-0.00000189126000000000	-0.00000056378800000000
-0.00000189019000000000	-0.00000056345600000000
-0.00000188918000000000	-0.00000056207100000000
-0.00000188815000000000	-0.00000056182200000000
-0.00000188701000000000	-0.00000056200300000000
-0.00000188578000000000	-0.00000056226700000000
-0.00000188460000000000	-0.00000056320000000000
-0.00000188357000000000	-0.00000056283100000000
-0.00000188256000000000	-0.00000056241700000000
-0.00000188151000000000	-0.00000056380300000000
-0.00000188049000000000	-0.00000056425500000000
-0.00000187934000000000	-0.00000056514300000000
-0.00000187809000000000	-0.00000056570800000000
-0.00000187690000000000	-0.00000056607000000000
-0.00000187589000000000	-0.00000056416400000000
-0.00000187479000000000	-0.00000056433000000000
-0.00000187356000000000	-0.00000056442800000000
-0.00000187233000000000	-0.00000056421700000000
-0.00000187121000000000	-0.00000056311800000000
-0.00000187014000000000	-0.00000056283900000000
-0.00000186919000000000	-0.00000056201100000000
-0.00000186824000000000	-0.00000056256000000000
-0.00000186721000000000	-0.00000056216100000000
-0.00000186609000000000	-0.00000056228200000000
-0.00000186500000000000	-0.00000056335100000000
-0.00000186392000000000	-0.00000056375800000000
-0.00000186281000000000	-0.00000056437500000000
-0.00000186170000000000	-0.00000056464600000000
-0.00000186045000000000	-0.00000056556500000000
-0.00000185908000000000	-0.00000056625000000000
-0.00000185781000000000	-0.00000056599400000000
-0.00000185673000000000	-0.00000056441300000000
-0.00000185568000000000	-0.00000056424700000000
-0.00000185465000000000	-0.00000056436000000000
-0.00000185359000000000	-0.00000056337400000000
-0.00000185233000000000	-0.00000056401400000000
-0.00000185113000000000	-0.00000056329100000000
-0.00000185013000000000	-0.00000056265800000000
-0.00000184921000000000	-0.00000056219900000000
-0.00000184812000000000	-0.00000056202600000000
-0.00000184686000000000	-0.00000056230400000000
-0.00000184558000000000	-0.00000056373500000000
-0.00000184445000000000	-0.00000056302000000000
-0.00000184340000000000	-0.00000056427000000000
-0.00000184248000000000	-0.00000056467600000000
-0.00000184141000000000	-0.00000056521900000000
-0.00000184018000000000	-0.00000056481200000000
-0.00000183902000000000	-0.00000056431500000000
-0.00000183794000000000	-0.00000056427700000000
-0.00000183684000000000	-0.00000056446500000000
-0.00000183577000000000	-0.00000056474400000000
-0.00000183474000000000	-0.00000056382500000000
-0.00000183365000000000	-0.00000056322300000000
-0.00000183250000000000	-0.00000056339600000000
-0.00000183134000000000	-0.00000056249300000000
-0.00000183016000000000	-0.00000056225900000000
-0.00000182906000000000	-0.00000056352400000000
-0.00000182807000000000	-0.00000056354700000000
-0.00000182691000000000	-0.00000056420200000000
-0.00000182558000000000	-0.00000056448100000000
-0.00000182428000000000	-0.00000056440500000000
-0.00000182311000000000	-0.00000056545200000000
-0.00000182205000000000	-0.00000056546700000000
-0.00000182100000000000	-0.00000056560300000000
-0.00000181993000000000	-0.00000056538400000000
-0.00000181883000000000	-0.00000056543700000000
-0.00000181771000000000	-0.00000056469100000000
-0.00000181655000000000	-0.00000056469900000000
-0.00000181543000000000	-0.00000056442800000000
-0.00000181440000000000	-0.00000056411200000000
-0.00000181342000000000	-0.00000056356200000000
-0.00000181236000000000	-0.00000056344900000000
-0.00000181124000000000	-0.00000056265100000000
-0.00000181006000000000	-0.00000056349400000000
-0.00000180889000000000	-0.00000056347900000000
-0.00000180770000000000	-0.00000056333600000000
-0.00000180646000000000	-0.00000056463100000000
-0.00000180529000000000	-0.00000056528600000000
-0.00000180420000000000	-0.00000056571600000000
-0.00000180309000000000	-0.00000056616700000000
-0.00000180194000000000	-0.00000056585100000000
-0.00000180081000000000	-0.00000056583600000000
-0.00000179979000000000	-0.00000056523400000000
-0.00000179878000000000	-0.00000056502300000000
-0.00000179772000000000	-0.00000056407400000000
-0.00000179656000000000	-0.00000056372800000000
-0.00000179538000000000	-0.00000056402900000000
-0.00000179433000000000	-0.00000056291400000000
-0.00000179331000000000	-0.00000056270300000000
-0.00000179220000000000	-0.00000056356900000000
-0.00000179102000000000	-0.00000056419400000000
-0.00000178987000000000	-0.00000056422500000000
-0.00000178869000000000	-0.00000056520300000000
-0.00000178746000000000	-0.00000056599400000000
-0.00000178630000000000	-0.00000056532400000000
-0.00000178519000000000	-0.00000056597200000000
-0.00000178408000000000	-0.00000056631800000000
-0.00000178289000000000	-0.00000056568500000000
-0.00000178168000000000	-0.00000056585900000000
-0.00000178059000000000	-0.00000056539200000000
-0.00000177958000000000	-0.00000056518800000000
-0.00000177859000000000	-0.00000056443500000000
-0.00000177749000000000	-0.00000056372800000000
-0.00000177621000000000	-0.00000056458600000000
-0.00000177496000000000	-0.00000056451800000000
-0.00000177386000000000	-0.00000056387100000000
-0.00000177283000000000	-0.00000056422500000000
-0.00000177176000000000	-0.00000056427000000000
-0.00000177070000000000	-0.00000056388600000000
-0.00000176960000000000	-0.00000056503000000000
-0.00000176835000000000	-0.00000056551200000000
-0.00000176691000000000	-0.00000056576800000000
-0.00000176557000000000	-0.00000056629500000000
-0.00000176455000000000	-0.00000056644600000000
-0.00000176376000000000	-0.00000056713900000000
-0.00000176288000000000	-0.00000056625800000000
-0.00000176163000000000	-0.00000056626500000000
-0.00000176021000000000	-0.00000056640800000000
-0.00000175901000000000	-0.00000056552700000000
-0.00000175802000000000	-0.00000056452600000000
-0.00000175696000000000	-0.00000056362200000000
-0.00000175572000000000	-0.00000056330600000000
-0.00000175450000000000	-0.00000056402100000000
-0.00000175344000000000	-0.00000056426200000000
-0.00000175242000000000	-0.00000056414900000000
-0.00000175132000000000	-0.00000056597200000000
-0.00000175017000000000	-0.00000056613000000000
-0.00000174890000000000	-0.00000056717600000000
-0.00000174764000000000	-0.00000056759100000000
-0.00000174655000000000	-0.00000056705600000000
-0.00000174556000000000	-0.00000056714600000000
-0.00000174454000000000	-0.00000056716100000000
-0.00000174341000000000	-0.00000056688300000000
-0.00000174223000000000	-0.00000056638600000000
-0.00000174105000000000	-0.00000056641600000000
-0.00000173993000000000	-0.00000056553500000000
-0.00000173880000000000	-0.00000056616700000000
-0.00000173766000000000	-0.00000056528600000000
-0.00000173653000000000	-0.00000056467600000000
-0.00000173547000000000	-0.00000056439800000000
-0.00000173434000000000	-0.00000056549000000000
-0.00000173311000000000	-0.00000056591900000000
-0.00000173183000000000	-0.00000056657400000000
-0.00000173056000000000	-0.00000056719900000000
-0.00000172933000000000	-0.00000056812500000000
-0.00000172824000000000	-0.00000056877300000000
-0.00000172727000000000	-0.00000056794500000000
-0.00000172620000000000	-0.00000056757600000000
-0.00000172504000000000	-0.00000056792900000000
-0.00000172394000000000	-0.00000056750800000000
-0.00000172293000000000	-0.00000056686800000000
-0.00000172192000000000	-0.00000056696600000000
-0.00000172085000000000	-0.00000056655900000000
-0.00000171971000000000	-0.00000056570000000000
-0.00000171854000000000	-0.00000056508300000000
-0.00000171734000000000	-0.00000056517300000000
-0.00000171607000000000	-0.00000056599400000000
-0.00000171476000000000	-0.00000056734200000000
-0.00000171357000000000	-0.00000056781700000000
-0.00000171246000000000	-0.00000056832900000000
-0.00000171133000000000	-0.00000056792900000000
-0.00000171019000000000	-0.00000056859200000000
-0.00000170913000000000	-0.00000056854700000000
-0.00000170807000000000	-0.00000056875800000000
-0.00000170696000000000	-0.00000056899100000000
-0.00000170585000000000	-0.00000056826100000000
-0.00000170478000000000	-0.00000056797500000000
-0.00000170367000000000	-0.00000056793700000000
-0.00000170251000000000	-0.00000056747000000000
-0.00000170135000000000	-0.00000056707100000000
-0.00000170021000000000	-0.00000056763600000000
-0.00000169916000000000	-0.00000056744000000000
-0.00000169816000000000	-0.00000056685300000000
-0.00000169707000000000	-0.00000056720700000000
-0.00000169589000000000	-0.00000056751500000000
-0.00000169470000000000	-0.00000056744000000000
-0.00000169348000000000	-0.00000056826100000000
-0.00000169222000000000	-0.00000056875800000000
-0.00000169097000000000	-0.00000056878800000000
-0.00000168978000000000	-0.00000056982700000000
-0.00000168871000000000	-0.00000056878000000000
-0.00000168752000000000	-0.00000056924700000000
-0.00000168633000000000	-0.00000056867500000000
-0.00000168516000000000	-0.00000056850900000000
-0.00000168405000000000	-0.00000056785400000000
-0.00000168295000000000	-0.00000056801200000000
-0.00000168192000000000	-0.00000056796700000000
-0.00000168088000000000	-0.00000056724400000000
-0.00000167980000000000	-0.00000056613700000000
-0.00000167872000000000	-0.00000056633300000000
-0.00000167759000000000	-0.00000056747000000000
-0.00000167635000000000	-0.00000056883300000000
-0.00000167509000000000	-0.00000057016600000000
-0.00000167390000000000	-0.00000057054300000000
-0.00000167265000000000	-0.00000057070100000000
-0.00000167131000000000	-0.00000057069300000000
-0.00000167010000000000	-0.00000057066300000000
-0.00000166910000000000	-0.00000056999300000000
-0.00000166808000000000	-0.00000057080600000000
-0.00000166701000000000	-0.00000057010600000000
-0.00000166593000000000	-0.00000056975200000000
-0.00000166494000000000	-0.00000056887100000000
-0.00000166390000000000	-0.00000056822300000000
-0.00000166267000000000	-0.00000056875800000000
-0.00000166141000000000	-0.00000056805800000000
-0.00000166020000000000	-0.00000056823100000000
-0.00000165907000000000	-0.00000056871300000000
-0.00000165796000000000	-0.00000056913400000000
-0.00000165689000000000	-0.00000056931500000000
-0.00000165589000000000	-0.00000057014300000000
-0.00000165490000000000	-0.00000057034700000000
-0.00000165372000000000	-0.00000057093400000000
-0.00000165244000000000	-0.00000057115200000000
-0.00000165123000000000	-0.00000057128100000000
-0.00000165018000000000	-0.00000057045200000000
-0.00000164920000000000	-0.00000056998500000000
-0.00000164820000000000	-0.00000057032400000000
-0.00000164708000000000	-0.00000056916500000000
-0.00000164575000000000	-0.00000056869000000000
-0.00000164436000000000	-0.00000056944300000000
-0.00000164315000000000	-0.00000056995500000000
-0.00000164207000000000	-0.00000056905900000000
-0.00000164089000000000	-0.00000056930800000000
-0.00000163976000000000	-0.00000056967700000000
-0.00000163878000000000	-0.00000056985700000000
-0.00000163767000000000	-0.00000057033200000000
-0.00000163638000000000	-0.00000057038400000000
-0.00000163511000000000	-0.00000057030200000000
-0.00000163390000000000	-0.00000057170200000000
-0.00000163271000000000	-0.00000057207900000000
-0.00000163150000000000	-0.00000057222900000000
-0.00000163034000000000	-0.00000057234200000000
-0.00000162923000000000	-0.00000057131100000000
-0.00000162809000000000	-0.00000057043700000000
-0.00000162698000000000	-0.00000057055800000000
-0.00000162593000000000	-0.00000057055800000000
-0.00000162486000000000	-0.00000057008300000000
-0.00000162372000000000	-0.00000056983500000000
-0.00000162252000000000	-0.00000056946600000000
-0.00000162127000000000	-0.00000056872000000000
-0.00000162012000000000	-0.00000056943600000000
-0.00000161918000000000	-0.00000057069300000000
-0.00000161825000000000	-0.00000057073800000000
-0.00000161707000000000	-0.00000057151400000000
-0.00000161579000000000	-0.00000057145400000000
-0.00000161449000000000	-0.00000057177800000000
-0.00000161328000000000	-0.00000057234200000000
-0.00000161220000000000	-0.00000057166500000000
-0.00000161105000000000	-0.00000057167200000000
-0.00000160980000000000	-0.00000057189100000000
-0.00000160865000000000	-0.00000057043700000000
-0.00000160754000000000	-0.00000057039200000000
-0.00000160643000000000	-0.00000057089700000000
-0.00000160533000000000	-0.00000057040700000000
-0.00000160425000000000	-0.00000056927700000000
-0.00000160316000000000	-0.00000056882600000000
-0.00000160201000000000	-0.00000056954900000000
-0.00000160081000000000	-0.00000057015800000000
-0.00000159970000000000	-0.00000056989500000000
-0.00000159860000000000	-0.00000057061000000000
-0.00000159740000000000	-0.00000057172500000000
-0.00000159618000000000	-0.00000057201100000000
-0.00000159499000000000	-0.00000057263600000000
-0.00000159391000000000	-0.00000057204900000000
-0.00000159286000000000	-0.00000057247000000000
-0.00000159181000000000	-0.00000057235000000000
-0.00000159067000000000	-0.00000057201900000000
-0.00000158947000000000	-0.00000057172500000000
-0.00000158835000000000	-0.00000057041500000000
-0.00000158719000000000	-0.00000057049700000000
-0.00000158593000000000	-0.00000057116000000000
-0.00000158473000000000	-0.00000056996300000000
-0.00000158367000000000	-0.00000056919500000000
-0.00000158268000000000	-0.00000057022600000000
-0.00000158157000000000	-0.00000057092700000000
-0.00000158029000000000	-0.00000057105500000000
-0.00000157908000000000	-0.00000057171000000000
-0.00000157804000000000	-0.00000057176200000000
-0.00000157693000000000	-0.00000057203400000000
-0.00000157564000000000	-0.00000057208600000000
-0.00000157429000000000	-0.00000057271900000000
-0.00000157318000000000	-0.00000057179300000000
-0.00000157221000000000	-0.00000057127300000000
-0.00000157110000000000	-0.00000057143100000000
-0.00000156986000000000	-0.00000057159700000000
-0.00000156867000000000	-0.00000057175500000000
-0.00000156751000000000	-0.00000057153700000000
-0.00000156633000000000	-0.00000057076900000000
-0.00000156525000000000	-0.00000057032400000000
-0.00000156430000000000	-0.00000056948800000000
-0.00000156322000000000	-0.00000057078400000000
-0.00000156189000000000	-0.00000057245500000000
-0.00000156055000000000	-0.00000057188300000000
-0.00000155933000000000	-0.00000057180800000000
-0.00000155821000000000	-0.00000057292200000000
-0.00000155712000000000	-0.00000057308800000000
-0.00000155597000000000	-0.00000057225200000000
-0.00000155480000000000	-0.00000057252300000000
-0.00000155375000000000	-0.00000057228200000000
-0.00000155267000000000	-0.00000057235700000000
-0.00000155144000000000	-0.00000057251600000000
-0.00000155018000000000	-0.00000057221400000000
-0.00000154905000000000	-0.00000057174000000000
-0.00000154795000000000	-0.00000057082900000000
-0.00000154674000000000	-0.00000057048200000000
-0.00000154556000000000	-0.00000057033200000000
-0.00000154450000000000	-0.00000057025600000000
-0.00000154332000000000	-0.00000057110700000000
-0.00000154195000000000	-0.00000057104700000000
-0.00000154060000000000	-0.00000057198100000000
-0.00000153951000000000	-0.00000057230500000000
-0.00000153846000000000	-0.00000057274900000000
-0.00000153729000000000	-0.00000057332900000000
-0.00000153607000000000	-0.00000057286900000000
-0.00000153487000000000	-0.00000057219200000000
-0.00000153369000000000	-0.00000057262800000000
-0.00000153266000000000	-0.00000057291500000000
-0.00000153160000000000	-0.00000057272600000000
-0.00000153036000000000	-0.00000057124300000000
-0.00000152911000000000	-0.00000057016600000000
-0.00000152804000000000	-0.00000057043000000000
-0.00000152705000000000	-0.00000057107700000000
-0.00000152602000000000	-0.00000057052800000000
-0.00000152489000000000	-0.00000056989500000000
-0.00000152363000000000	-0.00000057075300000000
-0.00000152230000000000	-0.00000057145400000000
-0.00000152098000000000	-0.00000057250000000000
-0.00000151981000000000	-0.00000057251600000000
-0.00000151871000000000	-0.00000057323100000000
-0.00000151760000000000	-0.00000057320100000000
-0.00000151652000000000	-0.00000057330600000000
-0.00000151551000000000	-0.00000057277200000000
-0.00000151443000000000	-0.00000057256800000000
-0.00000151325000000000	-0.00000057273400000000
-0.00000151207000000000	-0.00000057161200000000
-0.00000151086000000000	-0.00000057057300000000
-0.00000150967000000000	-0.00000057011300000000
-0.00000150856000000000	-0.00000057012800000000
-0.00000150743000000000	-0.00000057042200000000
-0.00000150618000000000	-0.00000057083600000000
-0.00000150494000000000	-0.00000057086600000000
-0.00000150378000000000	-0.00000057066300000000
-0.00000150262000000000	-0.00000057194300000000
-0.00000150156000000000	-0.00000057168700000000
-0.00000150048000000000	-0.00000057321600000000
-0.00000149929000000000	-0.00000057258300000000
-0.00000149791000000000	-0.00000057305800000000
-0.00000149663000000000	-0.00000057285400000000
-0.00000149551000000000	-0.00000057213200000000
-0.00000149432000000000	-0.00000057150600000000
-0.00000149312000000000	-0.00000057101700000000
-0.00000149215000000000	-0.00000057124300000000
-0.00000149124000000000	-0.00000057063300000000
-0.00000149003000000000	-0.00000056956400000000
-0.00000148862000000000	-0.00000056942800000000
-0.00000148736000000000	-0.00000057036900000000
-0.00000148625000000000	-0.00000057072300000000
-0.00000148504000000000	-0.00000057093400000000
-0.00000148377000000000	-0.00000057107000000000
-0.00000148257000000000	-0.00000057181500000000
-0.00000148151000000000	-0.00000057174000000000
-0.00000148048000000000	-0.00000057200400000000
-0.00000147938000000000	-0.00000057312600000000
-0.00000147821000000000	-0.00000057241800000000
-0.00000147691000000000	-0.00000057307300000000
-0.00000147568000000000	-0.00000057289200000000
-0.00000147464000000000	-0.00000057241800000000
-0.00000147366000000000	-0.00000057155900000000
-0.00000147244000000000	-0.00000057073100000000
-0.00000147100000000000	-0.00000057149900000000
-0.00000146982000000000	-0.00000056957100000000
-0.00000146879000000000	-0.00000056919500000000
-0.00000146768000000000	-0.00000056996300000000
-0.00000146650000000000	-0.00000056966200000000
-0.00000146527000000000	-0.00000057027900000000
-0.00000146403000000000	-0.00000057149100000000
-0.00000146279000000000	-0.00000057174700000000
-0.00000146154000000000	-0.00000057235000000000
-0.00000146035000000000	-0.00000057285400000000
-0.00000145924000000000	-0.00000057278700000000
-0.00000145819000000000	-0.00000057206400000000
-0.00000145711000000000	-0.00000057253800000000
-0.00000145604000000000	-0.00000057241000000000
-0.00000145493000000000	-0.00000057187500000000
-0.00000145372000000000	-0.00000057063300000000
-0.00000145240000000000	-0.00000057066300000000
-0.00000145110000000000	-0.00000057186800000000
-0.00000144978000000000	-0.00000057781700000000
-0.00000144850000000000	-0.00000058290000000000
-0.00000144775000000000	-0.00000056432200000000
-0.00000144737000000000	-0.00000052968200000000
-0.00000144722000000000	-0.00000049008000000000
-0.00000144729000000000	-0.00000044704400000000
-0.00000144731000000000	-0.00000040453400000000
-0.00000144726000000000	-0.00000036191200000000
-0.00000144721000000000	-0.00000031776100000000
-0.00000144722000000000	-0.00000027277500000000
-0.00000144727000000000	-0.00000022762200000000
-0.00000144738000000000	-0.00000018176900000000
-0.00000144744000000000	-0.00000013638400000000
-0.00000144753000000000	-0.00000009026720000000
-0.00000144779000000000	-0.00000004397010000000
-0.00000144805000000000	0.00000000100908000000
-0.00000144814000000000	0.00000004700490000000
-0.00000144803000000000	0.00000009242840000000
-0.00000144796000000000	0.00000013917700000000
-0.00000144794000000000	0.00000018450300000000
-0.00000144797000000000	0.00000022949000000000
-0.00000144807000000000	0.00000027625400000000
-0.00000144822000000000	0.00000032289700000000
-0.00000144836000000000	0.00000036893100000000
-0.00000144847000000000	0.00000041439200000000
-0.00000144850000000000	0.00000045953700000000
-0.00000144851000000000	0.00000050566800000000
-0.00000144864000000000	0.00000055298900000000
-0.00000144882000000000	0.00000060079200000000
-0.00000144880000000000	0.00000064786500000000
-0.00000144871000000000	0.00000069458400000000
-0.00000144875000000000	0.00000073990900000000
-0.00000144891000000000	0.00000078616900000000
-0.00000144904000000000	0.00000083388100000000
-0.00000144911000000000	0.00000088215100000000
-0.00000144932000000000	0.00000092935200000000
	
	
	
	
	
