-0.00000144563000000000	0.00000095923300000000
-0.00000144573000000000	0.00000096104000000000
-0.00000144586000000000	0.00000093657400000000
-0.00000144600000000000	0.00000090804100000000
-0.00000144596000000000	0.00000087989200000000
-0.00000144591000000000	0.00000085297100000000
-0.00000144590000000000	0.00000082289500000000
-0.00000144593000000000	0.00000079192200000000
-0.00000144593000000000	0.00000076317800000000
-0.00000144577000000000	0.00000073085800000000
-0.00000144571000000000	0.00000069795700000000
-0.00000144581000000000	0.00000066659300000000
-0.00000144584000000000	0.00000063520600000000
-0.00000144574000000000	0.00000060481400000000
-0.00000144558000000000	0.00000057166500000000
-0.00000144554000000000	0.00000053734800000000
-0.00000144559000000000	0.00000050411700000000
-0.00000144562000000000	0.00000047105100000000
-0.00000144562000000000	0.00000043767600000000
-0.00000144564000000000	0.00000040430800000000
-0.00000144565000000000	0.00000037101600000000
-0.00000144557000000000	0.00000033614300000000
-0.00000144540000000000	0.00000030083300000000
-0.00000144523000000000	0.00000026620000000000
-0.00000144507000000000	0.00000023193000000000
-0.00000144499000000000	0.00000019710100000000
-0.00000144504000000000	0.00000016179100000000
-0.00000144512000000000	0.00000012559200000000
-0.00000144516000000000	0.00000008923550000000
-0.00000144512000000000	0.00000005369190000000
-0.00000144504000000000	0.00000002027940000000
-0.00000144488000000000	-0.00000001420240000000
-0.00000144471000000000	-0.00000005043880000000
-0.00000144457000000000	-0.00000008657730000000
-0.00000144446000000000	-0.00000012129300000000
-0.00000144433000000000	-0.00000015694200000000
-0.00000144434000000000	-0.00000019130300000000
-0.00000144432000000000	-0.00000022650800000000
-0.00000144414000000000	-0.00000026417500000000
-0.00000144401000000000	-0.00000030023000000000
-0.00000144405000000000	-0.00000033519400000000
-0.00000144399000000000	-0.00000037253000000000
-0.00000144387000000000	-0.00000040771200000000
-0.00000144374000000000	-0.00000044443800000000
-0.00000144371000000000	-0.00000048001900000000
-0.00000144374000000000	-0.00000051439600000000
-0.00000144380000000000	-0.00000054800400000000
-0.00000144391000000000	-0.00000057833700000000
-0.00000144412000000000	-0.00000060281000000000
-0.00000144498000000000	-0.00000060551400000000
-0.00000144616000000000	-0.00000059972300000000
-0.00000144735000000000	-0.00000059178600000000
-0.00000144845000000000	-0.00000058411200000000
-0.00000144942000000000	-0.00000058009900000000
-0.00000145042000000000	-0.00000057667200000000
-0.00000145136000000000	-0.00000057495500000000
-0.00000145220000000000	-0.00000057461600000000
-0.00000145309000000000	-0.00000057363000000000
-0.00000145415000000000	-0.00000057355500000000
-0.00000145530000000000	-0.00000057296000000000
-0.00000145624000000000	-0.00000057284700000000
-0.00000145707000000000	-0.00000057259800000000
-0.00000145801000000000	-0.00000057300500000000
-0.00000145908000000000	-0.00000057236500000000
-0.00000146005000000000	-0.00000057244800000000
-0.00000146101000000000	-0.00000057223700000000
-0.00000146200000000000	-0.00000057169500000000
-0.00000146298000000000	-0.00000057104700000000
-0.00000146394000000000	-0.00000057055000000000
-0.00000146491000000000	-0.00000057066300000000
-0.00000146584000000000	-0.00000057077600000000
-0.00000146673000000000	-0.00000056997000000000
-0.00000146761000000000	-0.00000057059500000000
-0.00000146855000000000	-0.00000057070800000000
-0.00000146947000000000	-0.00000057119800000000
-0.00000147040000000000	-0.00000057158200000000
-0.00000147138000000000	-0.00000057225900000000
-0.00000147237000000000	-0.00000057305800000000
-0.00000147333000000000	-0.00000057325300000000
-0.00000147425000000000	-0.00000057332900000000
-0.00000147526000000000	-0.00000057188300000000
-0.00000147629000000000	-0.00000057267400000000
-0.00000147732000000000	-0.00000057230500000000
-0.00000147826000000000	-0.00000057146900000000
-0.00000147915000000000	-0.00000057186800000000
-0.00000148017000000000	-0.00000057088900000000
-0.00000148126000000000	-0.00000057008300000000
-0.00000148227000000000	-0.00000056988700000000
-0.00000148312000000000	-0.00000057025600000000
-0.00000148393000000000	-0.00000057100200000000
-0.00000148480000000000	-0.00000057220700000000
-0.00000148576000000000	-0.00000057275700000000
-0.00000148679000000000	-0.00000057238700000000
-0.00000148782000000000	-0.00000057277900000000
-0.00000148878000000000	-0.00000057308000000000
-0.00000148963000000000	-0.00000057422500000000
-0.00000149057000000000	-0.00000057360700000000
-0.00000149165000000000	-0.00000057300500000000
-0.00000149275000000000	-0.00000057218400000000
-0.00000149375000000000	-0.00000057165700000000
-0.00000149474000000000	-0.00000057144600000000
-0.00000149579000000000	-0.00000057126500000000
-0.00000149679000000000	-0.00000057079100000000
-0.00000149771000000000	-0.00000057043000000000
-0.00000149864000000000	-0.00000056992500000000
-0.00000149960000000000	-0.00000057054300000000
-0.00000150062000000000	-0.00000057142400000000
-0.00000150157000000000	-0.00000057140100000000
-0.00000150243000000000	-0.00000057158900000000
-0.00000150338000000000	-0.00000057219900000000
-0.00000150437000000000	-0.00000057285400000000
-0.00000150526000000000	-0.00000057351000000000
-0.00000150626000000000	-0.00000057291500000000
-0.00000150742000000000	-0.00000057226700000000
-0.00000150850000000000	-0.00000057234200000000
-0.00000150935000000000	-0.00000057222200000000
-0.00000151014000000000	-0.00000057176200000000
-0.00000151115000000000	-0.00000057092700000000
-0.00000151234000000000	-0.00000057139400000000
-0.00000151347000000000	-0.00000057122000000000
-0.00000151440000000000	-0.00000057075300000000
-0.00000151522000000000	-0.00000057097900000000
-0.00000151611000000000	-0.00000057090400000000
-0.00000151709000000000	-0.00000057065600000000
-0.00000151812000000000	-0.00000057204900000000
-0.00000151915000000000	-0.00000057295200000000
-0.00000152008000000000	-0.00000057302800000000
-0.00000152097000000000	-0.00000057334400000000
-0.00000152194000000000	-0.00000057360000000000
-0.00000152295000000000	-0.00000057231200000000
-0.00000152390000000000	-0.00000057280900000000
-0.00000152497000000000	-0.00000057238700000000
-0.00000152610000000000	-0.00000057217700000000
-0.00000152719000000000	-0.00000057235700000000
-0.00000152824000000000	-0.00000057141600000000
-0.00000152921000000000	-0.00000057107000000000
-0.00000153016000000000	-0.00000057047500000000
-0.00000153103000000000	-0.00000057144600000000
-0.00000153190000000000	-0.00000057046700000000
-0.00000153277000000000	-0.00000057097200000000
-0.00000153382000000000	-0.00000057222200000000
-0.00000153492000000000	-0.00000057302000000000
-0.00000153584000000000	-0.00000057358500000000
-0.00000153671000000000	-0.00000057319300000000
-0.00000153768000000000	-0.00000057289200000000
-0.00000153869000000000	-0.00000057338900000000
-0.00000153964000000000	-0.00000057370500000000
-0.00000154061000000000	-0.00000057305800000000
-0.00000154165000000000	-0.00000057244800000000
-0.00000154272000000000	-0.00000057172500000000
-0.00000154369000000000	-0.00000057212400000000
-0.00000154470000000000	-0.00000057086600000000
-0.00000154566000000000	-0.00000057151400000000
-0.00000154664000000000	-0.00000057134100000000
-0.00000154769000000000	-0.00000057105500000000
-0.00000154869000000000	-0.00000057126500000000
-0.00000154956000000000	-0.00000057132600000000
-0.00000155047000000000	-0.00000057188300000000
-0.00000155159000000000	-0.00000057143100000000
-0.00000155269000000000	-0.00000057247800000000
-0.00000155366000000000	-0.00000057342700000000
-0.00000155460000000000	-0.00000057394600000000
-0.00000155563000000000	-0.00000057350200000000
-0.00000155666000000000	-0.00000057300500000000
-0.00000155762000000000	-0.00000057227500000000
-0.00000155861000000000	-0.00000057180800000000
-0.00000155962000000000	-0.00000057198100000000
-0.00000156064000000000	-0.00000057118300000000
-0.00000156167000000000	-0.00000057098700000000
-0.00000156276000000000	-0.00000057081400000000
-0.00000156384000000000	-0.00000056994000000000
-0.00000156480000000000	-0.00000057030200000000
-0.00000156572000000000	-0.00000057080600000000
-0.00000156672000000000	-0.00000057059500000000
-0.00000156769000000000	-0.00000057119800000000
-0.00000156865000000000	-0.00000057170200000000
-0.00000156970000000000	-0.00000057192800000000
-0.00000157075000000000	-0.00000057299000000000
-0.00000157168000000000	-0.00000057310300000000
-0.00000157251000000000	-0.00000057299800000000
-0.00000157343000000000	-0.00000057283200000000
-0.00000157446000000000	-0.00000057292200000000
-0.00000157553000000000	-0.00000057212400000000
-0.00000157654000000000	-0.00000057164200000000
-0.00000157745000000000	-0.00000057119800000000
-0.00000157832000000000	-0.00000057067800000000
-0.00000157927000000000	-0.00000057022600000000
-0.00000158041000000000	-0.00000056924700000000
-0.00000158158000000000	-0.00000056945100000000
-0.00000158265000000000	-0.00000057058000000000
-0.00000158367000000000	-0.00000057143100000000
-0.00000158471000000000	-0.00000057216900000000
-0.00000158579000000000	-0.00000057224400000000
-0.00000158681000000000	-0.00000057234200000000
-0.00000158772000000000	-0.00000057305000000000
-0.00000158858000000000	-0.00000057269600000000
-0.00000158947000000000	-0.00000057188300000000
-0.00000159045000000000	-0.00000057243300000000
-0.00000159156000000000	-0.00000057190600000000
-0.00000159264000000000	-0.00000057129600000000
-0.00000159366000000000	-0.00000057134800000000
-0.00000159466000000000	-0.00000057161900000000
-0.00000159562000000000	-0.00000057109200000000
-0.00000159650000000000	-0.00000056997800000000
-0.00000159733000000000	-0.00000056917200000000
-0.00000159817000000000	-0.00000057043000000000
-0.00000159926000000000	-0.00000057028700000000
-0.00000160055000000000	-0.00000057027100000000
-0.00000160176000000000	-0.00000057066300000000
-0.00000160268000000000	-0.00000057210900000000
-0.00000160349000000000	-0.00000057213900000000
-0.00000160441000000000	-0.00000057189800000000
-0.00000160545000000000	-0.00000057200400000000
-0.00000160651000000000	-0.00000057224400000000
-0.00000160761000000000	-0.00000057143100000000
-0.00000160865000000000	-0.00000057140900000000
-0.00000160963000000000	-0.00000057067800000000
-0.00000161061000000000	-0.00000057036200000000
-0.00000161167000000000	-0.00000057038400000000
-0.00000161273000000000	-0.00000056951100000000
-0.00000161368000000000	-0.00000056911200000000
-0.00000161460000000000	-0.00000056906700000000
-0.00000161552000000000	-0.00000056918000000000
-0.00000161650000000000	-0.00000056985000000000
-0.00000161762000000000	-0.00000057105500000000
-0.00000161873000000000	-0.00000057128100000000
-0.00000161969000000000	-0.00000057141600000000
-0.00000162068000000000	-0.00000057131800000000
-0.00000162172000000000	-0.00000057149900000000
-0.00000162266000000000	-0.00000057137100000000
-0.00000162348000000000	-0.00000057122800000000
-0.00000162445000000000	-0.00000057119000000000
-0.00000162555000000000	-0.00000057154400000000
-0.00000162662000000000	-0.00000057111500000000
-0.00000162769000000000	-0.00000057002300000000
-0.00000162875000000000	-0.00000056991800000000
-0.00000162975000000000	-0.00000057015800000000
-0.00000163083000000000	-0.00000056943600000000
-0.00000163196000000000	-0.00000056911900000000
-0.00000163296000000000	-0.00000056986500000000
-0.00000163384000000000	-0.00000056956400000000
-0.00000163474000000000	-0.00000057053500000000
-0.00000163584000000000	-0.00000057064800000000
-0.00000163701000000000	-0.00000057020400000000
-0.00000163803000000000	-0.00000057153700000000
-0.00000163899000000000	-0.00000057146100000000
-0.00000163996000000000	-0.00000057104700000000
-0.00000164099000000000	-0.00000057147600000000
-0.00000164198000000000	-0.00000057087400000000
-0.00000164283000000000	-0.00000057030200000000
-0.00000164382000000000	-0.00000056999300000000
-0.00000164502000000000	-0.00000056917200000000
-0.00000164607000000000	-0.00000056902100000000
-0.00000164694000000000	-0.00000056779400000000
-0.00000164781000000000	-0.00000056805800000000
-0.00000164886000000000	-0.00000056896100000000
-0.00000165004000000000	-0.00000056933000000000
-0.00000165111000000000	-0.00000057021100000000
-0.00000165204000000000	-0.00000056977400000000
-0.00000165293000000000	-0.00000057034700000000
-0.00000165393000000000	-0.00000057040700000000
-0.00000165502000000000	-0.00000057025600000000
-0.00000165617000000000	-0.00000057053500000000
-0.00000165725000000000	-0.00000057014300000000
-0.00000165811000000000	-0.00000057066300000000
-0.00000165898000000000	-0.00000057038400000000
-0.00000165997000000000	-0.00000056988000000000
-0.00000166105000000000	-0.00000056969900000000
-0.00000166221000000000	-0.00000056896100000000
-0.00000166335000000000	-0.00000056860000000000
-0.00000166433000000000	-0.00000056731200000000
-0.00000166518000000000	-0.00000056796000000000
-0.00000166617000000000	-0.00000056832100000000
-0.00000166722000000000	-0.00000056850200000000
-0.00000166827000000000	-0.00000056893900000000
-0.00000166940000000000	-0.00000056914900000000
-0.00000167055000000000	-0.00000056938300000000
-0.00000167160000000000	-0.00000056999300000000
-0.00000167256000000000	-0.00000057066300000000
-0.00000167351000000000	-0.00000057063300000000
-0.00000167445000000000	-0.00000057030200000000
-0.00000167532000000000	-0.00000056997800000000
-0.00000167629000000000	-0.00000056924000000000
-0.00000167755000000000	-0.00000056886300000000
-0.00000167885000000000	-0.00000056884100000000
-0.00000167989000000000	-0.00000056775600000000
-0.00000168067000000000	-0.00000056784700000000
-0.00000168151000000000	-0.00000056732700000000
-0.00000168252000000000	-0.00000056769600000000
-0.00000168369000000000	-0.00000056772600000000
-0.00000168486000000000	-0.00000056768900000000
-0.00000168588000000000	-0.00000056826800000000
-0.00000168677000000000	-0.00000056924700000000
-0.00000168762000000000	-0.00000056924000000000
-0.00000168849000000000	-0.00000056963900000000
-0.00000168955000000000	-0.00000057024100000000
-0.00000169076000000000	-0.00000056991000000000
-0.00000169188000000000	-0.00000056959400000000
-0.00000169295000000000	-0.00000056849400000000
-0.00000169402000000000	-0.00000056750000000000
-0.00000169495000000000	-0.00000056738000000000
-0.00000169579000000000	-0.00000056744800000000
-0.00000169688000000000	-0.00000056641600000000
-0.00000169815000000000	-0.00000056603200000000
-0.00000169926000000000	-0.00000056643100000000
-0.00000170012000000000	-0.00000056707900000000
-0.00000170093000000000	-0.00000056771100000000
-0.00000170192000000000	-0.00000056671700000000
-0.00000170297000000000	-0.00000056790700000000
-0.00000170403000000000	-0.00000056826800000000
-0.00000170498000000000	-0.00000056835900000000
-0.00000170589000000000	-0.00000056891600000000
-0.00000170697000000000	-0.00000056826800000000
-0.00000170817000000000	-0.00000056826800000000
-0.00000170939000000000	-0.00000056824600000000
-0.00000171048000000000	-0.00000056810300000000
-0.00000171147000000000	-0.00000056729700000000
-0.00000171241000000000	-0.00000056715400000000
-0.00000171346000000000	-0.00000056681500000000
-0.00000171461000000000	-0.00000056630300000000
-0.00000171567000000000	-0.00000056634800000000
-0.00000171664000000000	-0.00000056595700000000
-0.00000171761000000000	-0.00000056582900000000
-0.00000171859000000000	-0.00000056616700000000
-0.00000171958000000000	-0.00000056730400000000
-0.00000172068000000000	-0.00000056649900000000
-0.00000172177000000000	-0.00000056771900000000
-0.00000172287000000000	-0.00000056802700000000
-0.00000172382000000000	-0.00000056863700000000
-0.00000172466000000000	-0.00000056819300000000
-0.00000172562000000000	-0.00000056786200000000
-0.00000172676000000000	-0.00000056797500000000
-0.00000172788000000000	-0.00000056744000000000
-0.00000172890000000000	-0.00000056706400000000
-0.00000173004000000000	-0.00000056707900000000
-0.00000173128000000000	-0.00000056558000000000
-0.00000173234000000000	-0.00000056443500000000
-0.00000173325000000000	-0.00000056491000000000
-0.00000173424000000000	-0.00000056563300000000
-0.00000173530000000000	-0.00000056582900000000
-0.00000173629000000000	-0.00000056535400000000
-0.00000173721000000000	-0.00000056669400000000
-0.00000173820000000000	-0.00000056745500000000
-0.00000173919000000000	-0.00000056771100000000
-0.00000174011000000000	-0.00000056711600000000
-0.00000174108000000000	-0.00000056727400000000
-0.00000174221000000000	-0.00000056692000000000
-0.00000174329000000000	-0.00000056676200000000
-0.00000174427000000000	-0.00000056642300000000
-0.00000174532000000000	-0.00000056611500000000
-0.00000174646000000000	-0.00000056564800000000
-0.00000174759000000000	-0.00000056500800000000
-0.00000174866000000000	-0.00000056488700000000
-0.00000174969000000000	-0.00000056472900000000
-0.00000175076000000000	-0.00000056478200000000
-0.00000175189000000000	-0.00000056523400000000
-0.00000175300000000000	-0.00000056475200000000
-0.00000175398000000000	-0.00000056504500000000
-0.00000175487000000000	-0.00000056656600000000
-0.00000175579000000000	-0.00000056681500000000
-0.00000175673000000000	-0.00000056713900000000
-0.00000175773000000000	-0.00000056699600000000
-0.00000175884000000000	-0.00000056645400000000
-0.00000176002000000000	-0.00000056662700000000
-0.00000176114000000000	-0.00000056669400000000
-0.00000176214000000000	-0.00000056564800000000
-0.00000176301000000000	-0.00000056583600000000
-0.00000176396000000000	-0.00000056533200000000
-0.00000176506000000000	-0.00000056551200000000
-0.00000176623000000000	-0.00000056442800000000
-0.00000176727000000000	-0.00000056399100000000
-0.00000176824000000000	-0.00000056332800000000
-0.00000176919000000000	-0.00000056326100000000
-0.00000177013000000000	-0.00000056471400000000
-0.00000177121000000000	-0.00000056544400000000
-0.00000177240000000000	-0.00000056616700000000
-0.00000177349000000000	-0.00000056711600000000
-0.00000177447000000000	-0.00000056658900000000
-0.00000177544000000000	-0.00000056683000000000
-0.00000177650000000000	-0.00000056696600000000
-0.00000177758000000000	-0.00000056584400000000
-0.00000177860000000000	-0.00000056488700000000
-0.00000177965000000000	-0.00000056409700000000
-0.00000178075000000000	-0.00000056430000000000
-0.00000178188000000000	-0.00000056439000000000
-0.00000178296000000000	-0.00000056375000000000
-0.00000178392000000000	-0.00000056387100000000
-0.00000178487000000000	-0.00000056389300000000
-0.00000178589000000000	-0.00000056431500000000
-0.00000178698000000000	-0.00000056371200000000
-0.00000178796000000000	-0.00000056408900000000
-0.00000178890000000000	-0.00000056446500000000
-0.00000178996000000000	-0.00000056471400000000
-0.00000179116000000000	-0.00000056549700000000
-0.00000179230000000000	-0.00000056620500000000
-0.00000179326000000000	-0.00000056686000000000
-0.00000179425000000000	-0.00000056595700000000
-0.00000179539000000000	-0.00000056491700000000
-0.00000179654000000000	-0.00000056407400000000
-0.00000179758000000000	-0.00000056403600000000
-0.00000179864000000000	-0.00000056405100000000
-0.00000179975000000000	-0.00000056353200000000
-0.00000180077000000000	-0.00000056456300000000
-0.00000180183000000000	-0.00000056301200000000
-0.00000180287000000000	-0.00000056286200000000
-0.00000180384000000000	-0.00000056319300000000
-0.00000180476000000000	-0.00000056378800000000
-0.00000180568000000000	-0.00000056438300000000
-0.00000180668000000000	-0.00000056493200000000
-0.00000180779000000000	-0.00000056508300000000
-0.00000180898000000000	-0.00000056519600000000
-0.00000181015000000000	-0.00000056575300000000
-0.00000181120000000000	-0.00000056559500000000
-0.00000181207000000000	-0.00000056483500000000
-0.00000181293000000000	-0.00000056522600000000
-0.00000181397000000000	-0.00000056459400000000
-0.00000181502000000000	-0.00000056418700000000
-0.00000181609000000000	-0.00000056345600000000
-0.00000181723000000000	-0.00000056356900000000
-0.00000181838000000000	-0.00000056329100000000
-0.00000181947000000000	-0.00000056243200000000
-0.00000182048000000000	-0.00000056320000000000
-0.00000182150000000000	-0.00000056407400000000
-0.00000182262000000000	-0.00000056279400000000
-0.00000182376000000000	-0.00000056340400000000
-0.00000182487000000000	-0.00000056402900000000
-0.00000182582000000000	-0.00000056518100000000
-0.00000182677000000000	-0.00000056481200000000
-0.00000182784000000000	-0.00000056469100000000
-0.00000182891000000000	-0.00000056520300000000
-0.00000182985000000000	-0.00000056538400000000
-0.00000183072000000000	-0.00000056460900000000
-0.00000183165000000000	-0.00000056504500000000
-0.00000183278000000000	-0.00000056440500000000
-0.00000183401000000000	-0.00000056278600000000
-0.00000183512000000000	-0.00000056275600000000
-0.00000183624000000000	-0.00000056269600000000
-0.00000183745000000000	-0.00000056224400000000
-0.00000183857000000000	-0.00000056234200000000
-0.00000183953000000000	-0.00000056337400000000
-0.00000184049000000000	-0.00000056383300000000
-0.00000184148000000000	-0.00000056376500000000
-0.00000184241000000000	-0.00000056326800000000
-0.00000184329000000000	-0.00000056386300000000
-0.00000184423000000000	-0.00000056544400000000
-0.00000184532000000000	-0.00000056564000000000
-0.00000184650000000000	-0.00000056588100000000
-0.00000184769000000000	-0.00000056573100000000
-0.00000184876000000000	-0.00000056451800000000
-0.00000184974000000000	-0.00000056356200000000
-0.00000185081000000000	-0.00000056430700000000
-0.00000185202000000000	-0.00000056375000000000
-0.00000185317000000000	-0.00000056305700000000
-0.00000185417000000000	-0.00000056300500000000
-0.00000185508000000000	-0.00000056318500000000
-0.00000185599000000000	-0.00000056331300000000
-0.00000185699000000000	-0.00000056336600000000
-0.00000185804000000000	-0.00000056368200000000
-0.00000185910000000000	-0.00000056430700000000
-0.00000186015000000000	-0.00000056495500000000
-0.00000186115000000000	-0.00000056579100000000
-0.00000186219000000000	-0.00000056525600000000
-0.00000186331000000000	-0.00000056517300000000
-0.00000186450000000000	-0.00000056527900000000
-0.00000186561000000000	-0.00000056429200000000
-0.00000186646000000000	-0.00000056442000000000
-0.00000186732000000000	-0.00000056472900000000
-0.00000186844000000000	-0.00000056418700000000
-0.00000186970000000000	-0.00000056383300000000
-0.00000187092000000000	-0.00000056335900000000
-0.00000187205000000000	-0.00000056296700000000
-0.00000187307000000000	-0.00000056338100000000
-0.00000187402000000000	-0.00000056392300000000
-0.00000187498000000000	-0.00000056390800000000
-0.00000187594000000000	-0.00000056434500000000
-0.00000187704000000000	-0.00000056449600000000
-0.00000187825000000000	-0.00000056503000000000
-0.00000187945000000000	-0.00000056534700000000
-0.00000188059000000000	-0.00000056549000000000
-0.00000188173000000000	-0.00000056599400000000
-0.00000188282000000000	-0.00000056530900000000
-0.00000188379000000000	-0.00000056527100000000
-0.00000188479000000000	-0.00000056486500000000
-0.00000188588000000000	-0.00000056351700000000
-0.00000188691000000000	-0.00000056320800000000
-0.00000188790000000000	-0.00000056295200000000
-0.00000188895000000000	-0.00000056291400000000
-0.00000189012000000000	-0.00000056272600000000
-0.00000189121000000000	-0.00000056277100000000
-0.00000189218000000000	-0.00000056353200000000
-0.00000189318000000000	-0.00000056388600000000
-0.00000189422000000000	-0.00000056438300000000
-0.00000189526000000000	-0.00000056510600000000
-0.00000189638000000000	-0.00000056525600000000
-0.00000189751000000000	-0.00000056573800000000
-0.00000189856000000000	-0.00000056464600000000
-0.00000189949000000000	-0.00000056441300000000
-0.00000190045000000000	-0.00000056503000000000
-0.00000190156000000000	-0.00000056424000000000
-0.00000190270000000000	-0.00000056402100000000
-0.00000190381000000000	-0.00000056369000000000
-0.00000190487000000000	-0.00000056314000000000
-0.00000190584000000000	-0.00000056314800000000
-0.00000190686000000000	-0.00000056225200000000
-0.00000190799000000000	-0.00000056235700000000
-0.00000190917000000000	-0.00000056268100000000
-0.00000191030000000000	-0.00000056305700000000
-0.00000191139000000000	-0.00000056317800000000
-0.00000191241000000000	-0.00000056392300000000
-0.00000191340000000000	-0.00000056451800000000
-0.00000191438000000000	-0.00000056540700000000
-0.00000191546000000000	-0.00000056491000000000
-0.00000191655000000000	-0.00000056536900000000
-0.00000191759000000000	-0.00000056571600000000
-0.00000191857000000000	-0.00000056468400000000
-0.00000191955000000000	-0.00000056468400000000
-0.00000192062000000000	-0.00000056396900000000
-0.00000192170000000000	-0.00000056368200000000
-0.00000192277000000000	-0.00000056400600000000
-0.00000192393000000000	-0.00000056374300000000
-0.00000192514000000000	-0.00000056306500000000
-0.00000192629000000000	-0.00000056278600000000
-0.00000192735000000000	-0.00000056322300000000
-0.00000192839000000000	-0.00000056274900000000
-0.00000192940000000000	-0.00000056353900000000
-0.00000193044000000000	-0.00000056408900000000
-0.00000193153000000000	-0.00000056463900000000
-0.00000193268000000000	-0.00000056504500000000
-0.00000193377000000000	-0.00000056533200000000
-0.00000193465000000000	-0.00000056543700000000
-0.00000193546000000000	-0.00000056530100000000
-0.00000193652000000000	-0.00000056445800000000
-0.00000193776000000000	-0.00000056440500000000
-0.00000193892000000000	-0.00000056413400000000
-0.00000193996000000000	-0.00000056318500000000
-0.00000194096000000000	-0.00000056292200000000
-0.00000194202000000000	-0.00000056240200000000
-0.00000194315000000000	-0.00000056283900000000
-0.00000194440000000000	-0.00000056283900000000
-0.00000194563000000000	-0.00000056341900000000
-0.00000194671000000000	-0.00000056431500000000
-0.00000194757000000000	-0.00000056503000000000
-0.00000194843000000000	-0.00000056479700000000
-0.00000194952000000000	-0.00000056506000000000
-0.00000195073000000000	-0.00000056529400000000
-0.00000195172000000000	-0.00000056488700000000
-0.00000195252000000000	-0.00000056550500000000
-0.00000195350000000000	-0.00000056534700000000
-0.00000195470000000000	-0.00000056465400000000
-0.00000195591000000000	-0.00000056355400000000
-0.00000195696000000000	-0.00000056417200000000
-0.00000195798000000000	-0.00000056426200000000
-0.00000195908000000000	-0.00000056327600000000
-0.00000196019000000000	-0.00000056249300000000
-0.00000196123000000000	-0.00000056243200000000
-0.00000196228000000000	-0.00000056180700000000
-0.00000196334000000000	-0.00000056358400000000
-0.00000196451000000000	-0.00000056338900000000
-0.00000196561000000000	-0.00000056478900000000
-0.00000196665000000000	-0.00000056573800000000
-0.00000196754000000000	-0.00000056543700000000
-0.00000196837000000000	-0.00000056599400000000
-0.00000196940000000000	-0.00000056555700000000
-0.00000197058000000000	-0.00000056583600000000
-0.00000197181000000000	-0.00000056497000000000
-0.00000197304000000000	-0.00000056412700000000
-0.00000197425000000000	-0.00000056333600000000
-0.00000197528000000000	-0.00000056381800000000
-0.00000197620000000000	-0.00000056307200000000
-0.00000197716000000000	-0.00000056305700000000
-0.00000197829000000000	-0.00000056316300000000
-0.00000197947000000000	-0.00000056249300000000
-0.00000198053000000000	-0.00000056347100000000
-0.00000198163000000000	-0.00000056387100000000
-0.00000198276000000000	-0.00000056436000000000
-0.00000198388000000000	-0.00000056423200000000
-0.00000198494000000000	-0.00000056444300000000
-0.00000198592000000000	-0.00000056627300000000
-0.00000198693000000000	-0.00000056561800000000
-0.00000198796000000000	-0.00000056454100000000
-0.00000198905000000000	-0.00000056530100000000
-0.00000199030000000000	-0.00000056501500000000
-0.00000199152000000000	-0.00000056396900000000
-0.00000199251000000000	-0.00000056343400000000
-0.00000199352000000000	-0.00000056272600000000
-0.00000199464000000000	-0.00000056291400000000
-0.00000199572000000000	-0.00000056303500000000
-0.00000199670000000000	-0.00000056184500000000
-0.00000199763000000000	-0.00000056152100000000
-0.00000199854000000000	-0.00000056219900000000
-0.00000199959000000000	-0.00000056357700000000
-0.00000200091000000000	-0.00000056392300000000
-0.00000200219000000000	-0.00000056396100000000
-0.00000200316000000000	-0.00000056469900000000
-0.00000200405000000000	-0.00000056502300000000
-0.00000200513000000000	-0.00000056542900000000
-0.00000200633000000000	-0.00000056527900000000
-0.00000200735000000000	-0.00000056503000000000
-0.00000200829000000000	-0.00000056424700000000
-0.00000200935000000000	-0.00000056396900000000
-0.00000201057000000000	-0.00000056390800000000
-0.00000201181000000000	-0.00000056357700000000
-0.00000201286000000000	-0.00000056315500000000
-0.00000201381000000000	-0.00000056201800000000
-0.00000201477000000000	-0.00000056168700000000
-0.00000201575000000000	-0.00000056269600000000
-0.00000201678000000000	-0.00000056397600000000
-0.00000201790000000000	-0.00000056390100000000
-0.00000201904000000000	-0.00000056427700000000
-0.00000202022000000000	-0.00000056452600000000
-0.00000202139000000000	-0.00000056430700000000
-0.00000202242000000000	-0.00000056489500000000
-0.00000202335000000000	-0.00000056454800000000
-0.00000202434000000000	-0.00000056373500000000
-0.00000202546000000000	-0.00000056356200000000
-0.00000202660000000000	-0.00000056330600000000
-0.00000202767000000000	-0.00000056306500000000
-0.00000202878000000000	-0.00000056314000000000
-0.00000202991000000000	-0.00000056303500000000
-0.00000203096000000000	-0.00000056190500000000
-0.00000203208000000000	-0.00000056093400000000
-0.00000203323000000000	-0.00000056138600000000
-0.00000203420000000000	-0.00000056278600000000
-0.00000203505000000000	-0.00000056317000000000
-0.00000203607000000000	-0.00000056310300000000
-0.00000203731000000000	-0.00000056284600000000
-0.00000203845000000000	-0.00000056394600000000
-0.00000203942000000000	-0.00000056440500000000
-0.00000204044000000000	-0.00000056402100000000
-0.00000204156000000000	-0.00000056460100000000
-0.00000204270000000000	-0.00000056463100000000
-0.00000204392000000000	-0.00000056299700000000
-0.00000204516000000000	-0.00000056255300000000
-0.00000204632000000000	-0.00000056256000000000
-0.00000204731000000000	-0.00000056189800000000
-0.00000204821000000000	-0.00000056201100000000
-0.00000204929000000000	-0.00000056198000000000
-0.00000205056000000000	-0.00000056147600000000
-0.00000205175000000000	-0.00000056182200000000
-0.00000205274000000000	-0.00000056216100000000
-0.00000205367000000000	-0.00000056186000000000
-0.00000205465000000000	-0.00000056201100000000
-0.00000205568000000000	-0.00000056313300000000
-0.00000205675000000000	-0.00000056321500000000
-0.00000205779000000000	-0.00000056381000000000
-0.00000205886000000000	-0.00000056380300000000
-0.00000206001000000000	-0.00000056336600000000
-0.00000206120000000000	-0.00000056256800000000
-0.00000206232000000000	-0.00000056314000000000
-0.00000206342000000000	-0.00000056336600000000
-0.00000206450000000000	-0.00000056184500000000
-0.00000206549000000000	-0.00000056208600000000
-0.00000206656000000000	-0.00000056119000000000
-0.00000206776000000000	-0.00000056061700000000
-0.00000206904000000000	-0.00000055997700000000
-0.00000207022000000000	-0.00000056042900000000
-0.00000207131000000000	-0.00000056173200000000
-0.00000207240000000000	-0.00000056239500000000
-0.00000207345000000000	-0.00000056271100000000
-0.00000207443000000000	-0.00000056340400000000
-0.00000207545000000000	-0.00000056379500000000
-0.00000207659000000000	-0.00000056349400000000
-0.00000207772000000000	-0.00000056407400000000
-0.00000207877000000000	-0.00000056337400000000
-0.00000207975000000000	-0.00000056274100000000
-0.00000208077000000000	-0.00000056262100000000
-0.00000208184000000000	-0.00000056227400000000
-0.00000208293000000000	-0.00000056250800000000
-0.00000208413000000000	-0.00000056208600000000
-0.00000208536000000000	-0.00000056087400000000
-0.00000208646000000000	-0.00000055993200000000
-0.00000208737000000000	-0.00000056003800000000
-0.00000208827000000000	-0.00000056109200000000
-0.00000208937000000000	-0.00000056091900000000
-0.00000209061000000000	-0.00000056158900000000
-0.00000209179000000000	-0.00000056178500000000
-0.00000209277000000000	-0.00000056195800000000
-0.00000209373000000000	-0.00000056264300000000
-0.00000209486000000000	-0.00000056284600000000
-0.00000209603000000000	-0.00000056249300000000
-0.00000209707000000000	-0.00000056225900000000
-0.00000209806000000000	-0.00000056189000000000
-0.00000209913000000000	-0.00000056149900000000
-0.00000210028000000000	-0.00000056109900000000
-0.00000210147000000000	-0.00000056053500000000
-0.00000210267000000000	-0.00000055885500000000
-0.00000210378000000000	-0.00000055899100000000
-0.00000210483000000000	-0.00000055969900000000
-0.00000210592000000000	-0.00000055927000000000
-0.00000210702000000000	-0.00000056004500000000
-0.00000210810000000000	-0.00000056064000000000
-0.00000210910000000000	-0.00000056109200000000
-0.00000211015000000000	-0.00000056084300000000
-0.00000211126000000000	-0.00000056160400000000
-0.00000211238000000000	-0.00000056277900000000
-0.00000211359000000000	-0.00000056179200000000
-0.00000211485000000000	-0.00000056165700000000
-0.00000211604000000000	-0.00000056130300000000
-0.00000211704000000000	-0.00000056064800000000
-0.00000211794000000000	-0.00000056050500000000
-0.00000211891000000000	-0.00000055987900000000
-0.00000211997000000000	-0.00000055976700000000
-0.00000212116000000000	-0.00000055966900000000
-0.00000212238000000000	-0.00000055856200000000
-0.00000212347000000000	-0.00000055776300000000
-0.00000212448000000000	-0.00000055869000000000
-0.00000212557000000000	-0.00000055856200000000
-0.00000212660000000000	-0.00000055975100000000
-0.00000212768000000000	-0.00000055947300000000
-0.00000212885000000000	-0.00000056076800000000
-0.00000213007000000000	-0.00000056137000000000
-0.00000213115000000000	-0.00000056125000000000
-0.00000213209000000000	-0.00000056102400000000
-0.00000213305000000000	-0.00000056122000000000
-0.00000213423000000000	-0.00000056023300000000
-0.00000213550000000000	-0.00000056023300000000
-0.00000213668000000000	-0.00000056049700000000
-0.00000213770000000000	-0.00000055984900000000
-0.00000213870000000000	-0.00000055844100000000
-0.00000213976000000000	-0.00000055817000000000
-0.00000214089000000000	-0.00000055809500000000
-0.00000214202000000000	-0.00000055754500000000
-0.00000214309000000000	-0.00000055822300000000
-0.00000214419000000000	-0.00000055913400000000
-0.00000214536000000000	-0.00000056021800000000
-0.00000214658000000000	-0.00000056003000000000
-0.00000214768000000000	-0.00000056045200000000
-0.00000214870000000000	-0.00000056054200000000
-0.00000214970000000000	-0.00000056039900000000
-0.00000215077000000000	-0.00000056052000000000
-0.00000215187000000000	-0.00000056131000000000
-0.00000215295000000000	-0.00000056044400000000
-0.00000215395000000000	-0.00000055940500000000
-0.00000215499000000000	-0.00000055896800000000
-0.00000215618000000000	-0.00000055844100000000
-0.00000215744000000000	-0.00000055835800000000
-0.00000215864000000000	-0.00000055808700000000
-0.00000215976000000000	-0.00000055832100000000
-0.00000216085000000000	-0.00000055783900000000
-0.00000216185000000000	-0.00000055774800000000
-0.00000216284000000000	-0.00000055746200000000
-0.00000216380000000000	-0.00000055865200000000
-0.00000216470000000000	-0.00000055965400000000
-0.00000216567000000000	-0.00000056007500000000
-0.00000216683000000000	-0.00000055942800000000
-0.00000216800000000000	-0.00000055987900000000
-0.00000216912000000000	-0.00000055951100000000
-0.00000217024000000000	-0.00000055942000000000
-0.00000217140000000000	-0.00000055872700000000
-0.00000217259000000000	-0.00000055914900000000
-0.00000217384000000000	-0.00000055878800000000
-0.00000217504000000000	-0.00000055753700000000
-0.00000217610000000000	-0.00000055707800000000
-0.00000217711000000000	-0.00000055796700000000
-0.00000217825000000000	-0.00000055709300000000
-0.00000217940000000000	-0.00000055661100000000
-0.00000218053000000000	-0.00000055644600000000
-0.00000218163000000000	-0.00000055702500000000
-0.00000218263000000000	-0.00000055818500000000
-0.00000218366000000000	-0.00000055826800000000
-0.00000218484000000000	-0.00000055856200000000
-0.00000218595000000000	-0.00000055887000000000
-0.00000218681000000000	-0.00000055914100000000
-0.00000218773000000000	-0.00000055917900000000
-0.00000218899000000000	-0.00000055798200000000
-0.00000219034000000000	-0.00000055765800000000
-0.00000219153000000000	-0.00000055773300000000
-0.00000219258000000000	-0.00000055778600000000
-0.00000219364000000000	-0.00000055749200000000
-0.00000219478000000000	-0.00000055667900000000
-0.00000219592000000000	-0.00000055603900000000
-0.00000219701000000000	-0.00000055517300000000
-0.00000219808000000000	-0.00000055582100000000
-0.00000219921000000000	-0.00000055705600000000
-0.00000220030000000000	-0.00000055780100000000
-0.00000220141000000000	-0.00000055776300000000
-0.00000220262000000000	-0.00000055833600000000
-0.00000220380000000000	-0.00000055908900000000
-0.00000220477000000000	-0.00000055851600000000
-0.00000220565000000000	-0.00000055835800000000
-0.00000220677000000000	-0.00000055800400000000
-0.00000220804000000000	-0.00000055777100000000
-0.00000220918000000000	-0.00000055737900000000
-0.00000221014000000000	-0.00000055716900000000
-0.00000221117000000000	-0.00000055712300000000
-0.00000221235000000000	-0.00000055685200000000
-0.00000221343000000000	-0.00000055697300000000
-0.00000221445000000000	-0.00000055635500000000
-0.00000221558000000000	-0.00000055594900000000
-0.00000221679000000000	-0.00000055623500000000
-0.00000221799000000000	-0.00000055633300000000
-0.00000221915000000000	-0.00000055621200000000
-0.00000222026000000000	-0.00000055692800000000
-0.00000222128000000000	-0.00000055727400000000
-0.00000222226000000000	-0.00000055794400000000
-0.00000222338000000000	-0.00000055770300000000
-0.00000222455000000000	-0.00000055786100000000
-0.00000222565000000000	-0.00000055750000000000
-0.00000222669000000000	-0.00000055802700000000
-0.00000222776000000000	-0.00000055698800000000
-0.00000222883000000000	-0.00000055592600000000
-0.00000222993000000000	-0.00000055583600000000
-0.00000223113000000000	-0.00000055508300000000
-0.00000223227000000000	-0.00000055520300000000
-0.00000223333000000000	-0.00000055487200000000
-0.00000223434000000000	-0.00000055517300000000
-0.00000223550000000000	-0.00000055510500000000
-0.00000223679000000000	-0.00000055613700000000
-0.00000223796000000000	-0.00000055630200000000
-0.00000223893000000000	-0.00000055662600000000
-0.00000223985000000000	-0.00000055760500000000
-0.00000224090000000000	-0.00000055724400000000
-0.00000224207000000000	-0.00000055705600000000
-0.00000224332000000000	-0.00000055732700000000
-0.00000224452000000000	-0.00000055704800000000
-0.00000224561000000000	-0.00000055707800000000
-0.00000224663000000000	-0.00000055655900000000
-0.00000224764000000000	-0.00000055593400000000
-0.00000224875000000000	-0.00000055473600000000
-0.00000224991000000000	-0.00000055462300000000
-0.00000225107000000000	-0.00000055452500000000
-0.00000225218000000000	-0.00000055524800000000
-0.00000225333000000000	-0.00000055499200000000
-0.00000225446000000000	-0.00000055500000000000
-0.00000225549000000000	-0.00000055612900000000
-0.00000225645000000000	-0.00000055710100000000
-0.00000225744000000000	-0.00000055669400000000
-0.00000225847000000000	-0.00000055680000000000
-0.00000225958000000000	-0.00000055768800000000
-0.00000226079000000000	-0.00000055763500000000
-0.00000226203000000000	-0.00000055716900000000
-0.00000226325000000000	-0.00000055599400000000
-0.00000226443000000000	-0.00000055574500000000
-0.00000226554000000000	-0.00000055652800000000
-0.00000226661000000000	-0.00000055539100000000
-0.00000226758000000000	-0.00000055573800000000
-0.00000226867000000000	-0.00000055539900000000
-0.00000226984000000000	-0.00000055425400000000
-0.00000227091000000000	-0.00000055488700000000
-0.00000227199000000000	-0.00000055499200000000
-0.00000227314000000000	-0.00000055560200000000
-0.00000227434000000000	-0.00000055573000000000
-0.00000227550000000000	-0.00000055609900000000
-0.00000227659000000000	-0.00000055699500000000
-0.00000227762000000000	-0.00000055739400000000
-0.00000227862000000000	-0.00000055686700000000
-0.00000227967000000000	-0.00000055684500000000
-0.00000228088000000000	-0.00000055641500000000
-0.00000228214000000000	-0.00000055515800000000
-0.00000228326000000000	-0.00000055561000000000
-0.00000228430000000000	-0.00000055647600000000
-0.00000228543000000000	-0.00000055554900000000
-0.00000228655000000000	-0.00000055478900000000
-0.00000228753000000000	-0.00000055429200000000
-0.00000228851000000000	-0.00000055387800000000
-0.00000228972000000000	-0.00000055448000000000
-0.00000229107000000000	-0.00000055536100000000
-0.00000229227000000000	-0.00000055561700000000
-0.00000229329000000000	-0.00000055560200000000
-0.00000229431000000000	-0.00000055591900000000
-0.00000229545000000000	-0.00000055632500000000
-0.00000229664000000000	-0.00000055658900000000
-0.00000229774000000000	-0.00000055707100000000
-0.00000229875000000000	-0.00000055778600000000
-0.00000229980000000000	-0.00000055757500000000
-0.00000230092000000000	-0.00000055697300000000
-0.00000230205000000000	-0.00000055659600000000
-0.00000230318000000000	-0.00000055561000000000
-0.00000230426000000000	-0.00000055536900000000
-0.00000230536000000000	-0.00000055421700000000
-0.00000230646000000000	-0.00000055382500000000
-0.00000230754000000000	-0.00000055436700000000
-0.00000230861000000000	-0.00000055529300000000
-0.00000230976000000000	-0.00000055561700000000
-0.00000231101000000000	-0.00000055628000000000
-0.00000231224000000000	-0.00000055670200000000
-0.00000231325000000000	-0.00000055675400000000
-0.00000231414000000000	-0.00000055652800000000
-0.00000231511000000000	-0.00000055673900000000
-0.00000231621000000000	-0.00000055651300000000
-0.00000231734000000000	-0.00000055680700000000
-0.00000231854000000000	-0.00000055663400000000
-0.00000231976000000000	-0.00000055622000000000
-0.00000232096000000000	-0.00000055548900000000
-0.00000232208000000000	-0.00000055565500000000
-0.00000232319000000000	-0.00000055486400000000
-0.00000232429000000000	-0.00000055456300000000
-0.00000232539000000000	-0.00000055391500000000
-0.00000232649000000000	-0.00000055360700000000
-0.00000232769000000000	-0.00000055398300000000
-0.00000232894000000000	-0.00000055486400000000
-0.00000233008000000000	-0.00000055506800000000
-0.00000233107000000000	-0.00000055646100000000
-0.00000233213000000000	-0.00000055673900000000
-0.00000233322000000000	-0.00000055667900000000
-0.00000233417000000000	-0.00000055695800000000
-0.00000233511000000000	-0.00000055699500000000
-0.00000233630000000000	-0.00000055606200000000
-0.00000233764000000000	-0.00000055594900000000
-0.00000233892000000000	-0.00000055520300000000
-0.00000234001000000000	-0.00000055552700000000
-0.00000234106000000000	-0.00000055588100000000
-0.00000234218000000000	-0.00000055562500000000
-0.00000234336000000000	-0.00000055450300000000
-0.00000234449000000000	-0.00000055414100000000
-0.00000234554000000000	-0.00000055420200000000
-0.00000234663000000000	-0.00000055490200000000
-0.00000234782000000000	-0.00000055518800000000
-0.00000234907000000000	-0.00000055528600000000
-0.00000235025000000000	-0.00000055561000000000
-0.00000235123000000000	-0.00000055717600000000
-0.00000235221000000000	-0.00000055719900000000
-0.00000235336000000000	-0.00000055731900000000
-0.00000235467000000000	-0.00000055667900000000
-0.00000235583000000000	-0.00000055687500000000
-0.00000235687000000000	-0.00000055622700000000
-0.00000235796000000000	-0.00000055548200000000
-0.00000235914000000000	-0.00000055583600000000
-0.00000236030000000000	-0.00000055569300000000
-0.00000236140000000000	-0.00000055462300000000
-0.00000236249000000000	-0.00000055432200000000
-0.00000236365000000000	-0.00000055341100000000
-0.00000236480000000000	-0.00000055401300000000
-0.00000236592000000000	-0.00000055512000000000
-0.00000236696000000000	-0.00000055603900000000
-0.00000236798000000000	-0.00000055594100000000
-0.00000236913000000000	-0.00000055672400000000
-0.00000237042000000000	-0.00000055693500000000
-0.00000237157000000000	-0.00000055744700000000
-0.00000237255000000000	-0.00000055744700000000
-0.00000237349000000000	-0.00000055734200000000
-0.00000237450000000000	-0.00000055631000000000
-0.00000237555000000000	-0.00000055572300000000
-0.00000237671000000000	-0.00000055610700000000
-0.00000237796000000000	-0.00000055557200000000
-0.00000237911000000000	-0.00000055488700000000
-0.00000238019000000000	-0.00000055428400000000
-0.00000238130000000000	-0.00000055475100000000
-0.00000238242000000000	-0.00000055457800000000
-0.00000238344000000000	-0.00000055493200000000
-0.00000238446000000000	-0.00000055530800000000
-0.00000238562000000000	-0.00000055564000000000
-0.00000238686000000000	-0.00000055655900000000
-0.00000238803000000000	-0.00000055710800000000
-0.00000238901000000000	-0.00000055823000000000
-0.00000239004000000000	-0.00000055731900000000
-0.00000239119000000000	-0.00000055699500000000
-0.00000239241000000000	-0.00000055652800000000
-0.00000239359000000000	-0.00000055640000000000
-0.00000239474000000000	-0.00000055641500000000
-0.00000239598000000000	-0.00000055593400000000
-0.00000239716000000000	-0.00000055576800000000
-0.00000239821000000000	-0.00000055487200000000
-0.00000239923000000000	-0.00000055404300000000
-0.00000240031000000000	-0.00000055454000000000
-0.00000240137000000000	-0.00000055506800000000
-0.00000240245000000000	-0.00000055554900000000
-0.00000240359000000000	-0.00000055579800000000
-0.00000240468000000000	-0.00000055614400000000
-0.00000240572000000000	-0.00000055631800000000
-0.00000240677000000000	-0.00000055737900000000
-0.00000240795000000000	-0.00000055720600000000
-0.00000240920000000000	-0.00000055622000000000
-0.00000241042000000000	-0.00000055669400000000
-0.00000241157000000000	-0.00000055675400000000
-0.00000241264000000000	-0.00000055657400000000
-0.00000241373000000000	-0.00000055612200000000
-0.00000241490000000000	-0.00000055527800000000
-0.00000241605000000000	-0.00000055500000000000
-0.00000241715000000000	-0.00000055493200000000
-0.00000241826000000000	-0.00000055486400000000
-0.00000241941000000000	-0.00000055513500000000
-0.00000242058000000000	-0.00000055456300000000
-0.00000242169000000000	-0.00000055477400000000
-0.00000242278000000000	-0.00000055575300000000
-0.00000242394000000000	-0.00000055651300000000
-0.00000242519000000000	-0.00000055652800000000
-0.00000242639000000000	-0.00000055736400000000
-0.00000242755000000000	-0.00000055661100000000
-0.00000242858000000000	-0.00000055686700000000
-0.00000242962000000000	-0.00000055682200000000
-0.00000243075000000000	-0.00000055742500000000
-0.00000243191000000000	-0.00000055617500000000
-0.00000243291000000000	-0.00000055518000000000
-0.00000243384000000000	-0.00000055495500000000
-0.00000243490000000000	-0.00000055417100000000
-0.00000243612000000000	-0.00000055384000000000
-0.00000243742000000000	-0.00000055344100000000
-0.00000243860000000000	-0.00000055436700000000
-0.00000243967000000000	-0.00000055503700000000
-0.00000244075000000000	-0.00000055492400000000
-0.00000244188000000000	-0.00000055527100000000
-0.00000244302000000000	-0.00000055588800000000
-0.00000244414000000000	-0.00000055668700000000
-0.00000244532000000000	-0.00000055682200000000
-0.00000244653000000000	-0.00000055649100000000
-0.00000244768000000000	-0.00000055716900000000
-0.00000244882000000000	-0.00000055667200000000
-0.00000244992000000000	-0.00000055630200000000
-0.00000245098000000000	-0.00000055573000000000
-0.00000245208000000000	-0.00000055542900000000
-0.00000245326000000000	-0.00000055484200000000
-0.00000245445000000000	-0.00000055451800000000
-0.00000245558000000000	-0.00000055444300000000
-0.00000245668000000000	-0.00000055410400000000
-0.00000245775000000000	-0.00000055448800000000
-0.00000245879000000000	-0.00000055507500000000
-0.00000245984000000000	-0.00000055506000000000
	
	
