0	69184	26144	
0	69180	26279	
0	69152	26414	
0	69168	26549	
0	69200	26684	
0	69164	26819	
0	69168	26953	
0	69168	27088	
0	69180	27222	
0	69164	27356	
0	69168	27490	
0	69152	27623	
0	69196	27757	
0	69200	27891	
0	69152	28024	
0	69164	28157	
0	69164	28290	
0	69148	28423	
0	69164	28555	
0	69132	28688	
0	69152	28820	
0	69152	28953	
0	69184	29085	
0	69180	29217	
0	69196	29349	
0	69132	29480	
0	69212	29612	
0	69184	29743	
0	69196	29875	
0	69164	30006	
0	69152	30137	
0	69180	30268	
0	69180	30398	
0	69200	30529	
0	69132	30660	
0	69152	30790	
0	69196	30920	
0	69180	31050	
0	69180	31180	
0	69168	31310	
0	69164	31440	
0	69136	31570	
0	69168	31699	
0	69168	31829	
0	69180	31958	
0	69168	32087	
0	69152	32216	
0	69180	32345	
0	69200	32474	
0	69168	32603	
0	69184	32732	
0	69148	32860	
0	69184	32989	
0	69184	33117	
0	69164	33245	
0	69148	35156	
0	69152	35283	
0	69180	35409	
0	69180	35536	
0	69164	35662	
0	69168	35788	
0	69180	35915	
0	69180	36041	
0	69212	36167	
0	69184	36293	
0	69212	36418	
0	69184	36544	
0	69180	36670	
0	69196	36795	
0	69168	36921	
0	69184	37046	
0	69184	37172	
0	69164	37297	
0	69180	37422	
0	69148	37547	
0	69180	37672	
0	69184	37797	
0	69152	37922	
0	69164	38046	
0	69164	38171	
0	69196	38296	
0	69216	38420	
0	69180	38545	
0	69168	38669	
0	69180	38793	
0	69148	38918	
0	69164	39042	
0	69148	39166	
0	69148	39290	
0	69200	39414	
0	69164	39538	
0	69168	39661	
0	69152	39785	
0	69180	39909	
0	69152	40032	
0	69180	40156	
0	69184	40279	
0	69180	40403	
0	69168	40526	
0	69196	40649	
0	69168	40772	
0	69184	40895	
0	69152	41019	
0	69168	41141	
0	69168	41264	
0	69196	41387	
0	69200	41510	
0	69200	41633	
0	69184	41755	
0	69136	41878	
0	69196	42001	
0	69168	42123	
0	69152	42245	
0	69164	42368	
0	69164	42490	
0	69132	42612	
0	69180	42734	
0	69164	42857	
0	69180	42979	
0	69180	43101	
0	69184	43222	
0	69168	43344	
0	69152	43466	
0	69148	43588	
0	69180	43710	
0	69152	43831	
0	69200	43953	
0	69180	44074	
0	69184	44196	
0	69184	44317	
0	69212	44439	
0	69152	44560	
0	69164	44681	
0	69184	44803	
0	69168	44924	
0	69200	45045	
0	69200	45166	
0	69168	45287	
0	69180	45408	
0	69132	45529	
0	69152	45650	
0	69152	45770	
0	69168	45891	
0	69216	46012	
0	69184	46133	
0	69164	46253	
0	69180	46374	
0	69164	46494	
0	69148	46615	
0	69196	46735	
0	69180	46855	
0	69200	46976	
0	69184	47096	
0	69168	47216	
0	69168	47336	
0	69216	47457	
0	69148	47577	
0	69180	47697	
0	69168	47817	
0	69180	47937	
0	69164	48057	
0	69216	48177	
0	69180	48296	
0	69168	48416	
0	69152	48536	
0	69212	48656	
0	69148	48775	
0	69184	48895	
0	69152	49014	
0	69152	49134	
0	69164	49254	
0	69152	50803	
0	69196	50922	
0	69164	51041	
0	69164	51160	
0	69152	51279	
0	69184	51398	
0	69164	51516	
0	69196	51635	
0	69152	51754	
0	69200	51873	
0	69200	51991	
0	69168	52110	
0	69148	52228	
0	69184	52347	
0	69164	52465	
0	69196	52584	
0	69200	52702	
0	69164	52820	
0	69152	52939	
0	69200	53057	
0	69184	53175	
0	69148	53294	
0	69164	53412	
0	69200	53530	
0	69168	53648	
0	69164	53766	
0	69168	53884	
0	69164	54002	
0	69200	54120	
0	69152	54238	
0	69168	54356	
0	69184	54474	
0	69200	54592	
0	69168	54710	
0	69148	54828	
0	69184	54946	
0	69164	55063	
0	69132	55181	
0	69180	55299	
0	69164	55417	
0	69148	55534	
0	69180	55652	
0	69180	55769	
0	69180	55887	
0	69184	56004	
0	69152	56122	
0	69180	56239	
0	69184	56357	
0	69180	56474	
0	69196	56592	
0	69148	56709	
0	69180	56826	
0	69164	56944	
0	69180	57061	
0	69152	57178	
0	69180	57295	
0	69196	57413	
0	69168	57530	
0	69152	57647	
0	69184	57764	
0	69180	57881	
0	69184	57998	
0	69148	58115	
0	69136	58232	
0	69212	58349	
0	69180	58466	
0	69180	58583	
0	69196	58700	
0	69180	58817	
0	69228	58934	
0	69216	59051	
0	69152	59168	
0	69184	59284	
0	69200	59401	
0	69212	59518	
0	69184	59635	
0	69180	59751	
0	69180	59868	
0	69168	59985	
0	69180	60101	
0	69168	60218	
0	69168	60334	
0	69184	60451	
0	69180	60568	
0	69152	60684	
0	69196	60801	
0	69212	60917	
0	69196	61033	
0	69200	61150	
0	69132	61266	
0	69152	61383	
0	69184	61499	
0	69180	61615	
0	69164	61732	
0	69184	61848	
0	69152	61964	
0	69196	62081	
0	69164	62197	
0	69180	62313	
0	69184	62429	
0	69152	62545	
0	69212	62662	
0	69120	62778	
0	69148	62894	
0	69148	63010	
0	69120	63126	
0	69164	63242	
0	69164	63358	
0	69216	63474	
0	69212	63590	
0	69152	63706	
0	69180	63822	
0	69184	63938	
0	69152	64054	
0	69168	64170	
0	69148	64286	
0	69148	64401	
0	69148	64517	
0	69196	64633	
0	69196	64749	
0	69180	64865	
0	69168	64980	
0	69152	65096	
0	69168	65212	
0	69180	65328	
0	69180	65443	
0	69180	65559	
0	69164	65675	
0	69168	65790	
0	69152	65906	
0	69168	66021	
0	69168	66137	
0	69152	66253	
0	69168	66368	
0	69164	66484	
0	69168	66599	
0	69164	66715	
0	69164	66830	
0	69212	66946	
0	69168	67061	
0	69168	67177	
0	69168	67292	
0	69200	67407	
0	69184	67523	
0	69164	67638	
0	69132	67754	
0	69184	67869	
0	69212	67984	
0	69200	68100	
0	69196	68215	
0	69168	68330	
0	69196	68445	
0	69200	68561	
0	69152	68676	
0	69184	68791	
0	69136	68906	
0	69184	69021	
0	69164	69137	
0	69168	69252	
0	69152	69367	
0	69168	69482	
0	69152	69597	
0	69164	69712	
0	69168	69827	
0	69180	69942	
0	69116	70058	
0	69184	70173	
0	69168	70288	
0	69180	70403	
0	69164	70518	
0	69180	70633	
0	69180	70748	
0	69196	70863	
0	69152	70977	
0	69152	71092	
0	69132	71207	
0	69164	71322	
0	69180	71437	
0	69180	71552	
0	69196	71667	
0	69164	71782	
0	69180	71897	
0	69152	72011	
0	69152	72126	
0	69164	72241	
0	69148	72356	
0	69148	72471	
0	69136	72585	
0	69184	72700	
0	69200	72815	
0	69196	72930	
0	69180	73044	
0	69168	73159	
0	69168	73274	
0	69164	73388	
0	69164	73503	
0	69148	73618	
0	69164	73732	
0	69180	73847	
0	69168	73962	
0	69180	74076	
0	69164	74191	
0	69180	74305	
0	69168	74420	
0	69152	74535	
0	69132	74649	
0	69164	74764	
0	69152	74878	
0	69184	74993	
0	69168	75107	
0	69164	75222	
0	69136	75336	
0	69168	75451	
0	69152	75565	
0	69148	75680	
0	69196	75794	
0	69180	75909	
0	69148	76023	
0	69148	76137	
0	69184	76252	
0	69168	76366	
0	69136	76481	
0	69184	76595	
0	69200	76709	
0	69168	76824	
0	69200	76938	
0	69184	77052	
0	69164	77167	
0	69168	77281	
0	69164	77395	
0	69200	77509	
0	69168	77624	
0	69184	77738	
0	69180	77852	
0	69168	77967	
0	69136	78081	
0	69180	78195	
0	69168	78309	
0	69180	78423	
0	69168	78538	
0	69180	78652	
0	69168	78766	
0	69164	78880	
0	69164	78994	
0	69180	79109	
0	69168	79223	
0	69180	79337	
0	69212	79451	
0	69200	79565	
0	69168	79679	
0	69168	79793	
0	69196	79907	
0	69168	80021	
0	69168	80136	
0	69180	80250	
0	69164	80364	
0	69180	80478	
0	69168	80592	
0	69180	80706	
0	69168	80820	
0	69184	80934	
0	69184	81048	
0	69152	81162	
0	69200	81276	
0	69152	81390	
0	69136	81504	
0	69200	81618	
0	69164	81732	
0	69168	81846	
0	69212	81960	
0	69164	82074	
0	69180	82188	
0	69184	82301	
0	69164	82415	
0	69148	82529	
0	69152	82643	
0	69168	82757	
0	69196	82871	
0	69164	82985	
0	69196	83099	
0	69164	83213	
0	69180	83326	
0	69196	83440	
0	69184	83554	
0	69196	83668	
0	69184	83782	
0	69184	83896	
0	69152	84009	
0	69168	84123	
0	69164	84237	
0	69164	84351	
0	69164	84465	
0	69152	84578	
0	69180	84692	
0	69196	84806	
0	69228	84920	
0	69148	85033	
0	69152	85147	
0	69132	85261	
0	69212	85375	
0	69168	85488	
0	69184	85602	
0	69184	85716	
0	69180	85829	
0	69152	85943	
0	69180	86057	
0	69200	86170	
0	69164	86284	
0	69184	86398	
0	69152	86511	
0	69152	86625	
0	69184	86739	
0	69152	86852	
0	69180	86966	
0	69120	87080	
0	69164	87193	
0	69152	87307	
0	69152	87420	
0	69164	87534	
0	69168	87648	
0	69164	87761	
0	69180	87875	
0	69184	87988	
0	69180	88102	
0	69148	88216	
0	69180	88329	
0	69168	88443	
0	69152	88556	
0	69184	88670	
0	69184	88783	
0	69136	88897	
0	69168	89010	
0	69136	89124	
0	69132	89237	
0	69180	89351	
0	69180	89464	
0	69168	89578	
0	69148	89691	
0	69152	89805	
0	69152	89918	
0	69148	90032	
0	69180	90145	
0	69152	90259	
0	69164	90372	
0	69136	90486	
0	69148	90599	
0	69148	90713	
0	69184	90826	
0	69180	90939	
0	69164	91053	
0	69184	91166	
0	69184	91280	
0	69164	91393	
0	69196	91507	
0	69184	91620	
0	69152	91733	
0	69148	91847	
0	69164	91960	
0	69164	92074	
0	69168	92187	
0	69164	92300	
0	69168	92414	
0	69168	92527	
0	69164	92640	
0	69148	92754	
0	69168	92867	
0	69168	92980	
0	69168	93094	
0	69132	93207	
0	69164	93320	
0	69184	93434	
0	69152	93547	
0	69168	93660	
0	69180	93774	
0	69180	93887	
0	69180	94000	
0	69196	94114	
0	69196	94227	
0	69164	94340	
0	69152	94454	
0	69164	95020	
0	69148	95133	
0	69152	95246	
0	69168	95360	
0	69180	95473	
0	69200	95586	
0	69180	95699	
0	69196	95813	
0	69152	95926	
0	69184	96039	
0	69200	96152	
0	69216	96266	
0	69180	96379	
0	69180	96492	
0	69168	96605	
0	69168	96718	
0	69164	96832	
0	69180	96945	
0	69152	97058	
0	69200	97171	
0	69168	97284	
0	69164	97397	
0	69180	97511	
0	69180	97624	
0	69180	97737	
0	69184	97850	
0	69184	97963	
0	69184	98076	
0	69148	98190	
0	69180	98303	
0	69148	98416	
0	69168	98529	
0	69184	98642	
0	69152	98755	
0	69180	98868	
0	69184	98982	
0	69184	99095	
0	69180	99208	
0	69180	99321	
0	69148	99434	
0	69180	99547	
0	69168	99660	
0	69180	99773	
0	69196	99887	
0	69168	100000	
0	69164	100113	
0	69164	100226	
0	69164	100339	
0	69164	100452	
0	69164	100565	
0	69180	100678	
0	69200	100791	
0	69212	100904	
0	69180	101017	
0	69196	101130	
0	69180	101243	
0	69164	101356	
0	69180	101470	
0	69116	101583	
0	69184	101696	
0	69148	101809	
0	69168	101922	
0	69168	102035	
0	69216	102148	
0	69196	102261	
0	69152	102374	
0	69164	102487	
0	69168	102600	
0	69152	102713	
0	69180	102826	
0	69168	102939	
0	69152	103052	
0	69136	103165	
0	69148	103278	
0	69168	103391	
0	69180	103504	
0	69184	103617	
0	69180	103730	
0	69164	103843	
0	69180	103956	
0	69180	104069	
0	69200	104182	
0	69164	104295	
0	69184	104408	
0	69168	104521	
0	69148	104634	
0	69152	104747	
0	69180	104860	
0	69148	104973	
0	69136	105086	
0	69148	105199	
0	69136	105312	
0	69148	105425	
0	69184	105538	
0	69168	105650	
0	69168	105763	
0	69184	105876	
0	69136	105989	
0	69168	106102	
0	69180	106215	
0	69164	106328	
0	69152	106441	
0	69196	106554	
0	69168	106667	
0	69184	106780	
0	69164	106893	
0	69196	107006	
0	69136	107119	
0	69168	107231	
0	69180	107344	
0	69196	107457	
0	69168	107570	
0	69168	107683	
0	69184	107796	
0	69152	107909	
0	69148	108022	
0	69200	108135	
0	69212	108248	
0	69184	108360	
0	69152	108473	
0	69184	108586	
0	69200	108699	
0	69168	108812	
0	69168	108925	
0	69200	109038	
0	69168	109151	
0	69184	109263	
0	69184	109376	
0	69196	109489	
0	69200	109602	
0	69184	109715	
0	69180	109828	
0	69196	109941	
0	69196	110053	
0	69168	110166	
0	69212	110279	
0	69152	110392	
0	69168	110505	
0	69152	110618	
0	69132	110731	
0	69132	110843	
0	69148	110956	
0	69168	111069	
0	69200	111182	
0	69164	111295	
0	69184	111408	
0	69180	111520	
0	69148	111633	
0	69148	111746	
0	69180	111859	
0	69184	111972	
0	69152	112085	
0	69180	112197	
0	69196	112310	
0	69212	112423	
0	69164	112536	
0	69164	112649	
0	69196	112761	
0	69180	112874	
0	69168	112987	
0	69196	113100	
0	69180	113213	
0	69168	113325	
0	69180	113438	
0	69148	113551	
0	69164	113664	
0	69184	113777	
0	69184	113889	
0	69168	114002	
0	69180	114115	
0	69164	114228	
0	69180	114341	
0	69164	114453	
0	69164	114566	
0	69184	114679	
0	69164	114792	
0	69216	114904	
0	69184	115017	
0	69180	115130	
0	69180	115243	
0	69180	115355	
0	69168	115468	
0	69184	115581	
0	69184	115694	
0	69180	115807	
0	69184	115919	
0	69136	116032	
0	69152	116145	
0	69168	116258	
0	69120	116370	
0	69196	116483	
0	69180	116596	
0	69168	116709	
0	69164	116821	
0	69184	116934	
0	69164	117047	
0	69184	117160	
0	69196	117272	
0	69164	117385	
0	69180	117498	
0	69148	117610	
0	69180	117723	
0	69180	117836	
0	69180	117949	
0	69152	118061	
0	69184	118174	
0	69196	118287	
0	69196	118400	
0	69164	118512	
0	69180	118625	
0	69164	118738	
0	69180	118850	
0	69184	118963	
0	69164	119076	
0	69196	119189	
0	69152	119301	
0	69196	119414	
0	69180	119224	
0	69152	119034	
0	69184	118845	
0	69136	118656	
0	69152	118467	
0	69180	118279	
0	69152	118091	
0	69152	117903	
0	69120	117715	
0	69152	117528	
0	69180	117341	
0	69180	117155	
0	69152	116968	
0	69148	116782	
0	69212	116596	
0	69196	116411	
0	69180	116225	
0	69168	116041	
0	69180	115856	
0	69212	115671	
0	69180	115487	
0	69164	115303	
0	69180	115120	
0	69168	114936	
0	69200	114753	
0	69184	114570	
0	69136	114388	
0	69136	114206	
0	69164	114024	
0	69184	113842	
0	69196	113660	
0	69196	113479	
0	69164	113298	
0	69168	113117	
0	69136	112937	
0	69184	112756	
0	69184	112576	
0	69164	112396	
0	69200	112217	
0	69152	112037	
0	69152	111858	
0	69180	111680	
0	69148	111501	
0	69152	111323	
0	69184	111144	
0	69164	110966	
0	69164	110789	
0	69184	110611	
0	69168	110434	
0	69168	110257	
0	69180	110080	
0	69136	109904	
0	69164	109727	
0	69180	109551	
0	69152	109375	
0	69136	109200	
0	69152	109024	
0	69184	108849	
0	69180	108674	
0	69184	108499	
0	69180	108324	
0	69180	108150	
0	69184	107976	
0	69196	107802	
0	69148	107628	
0	69168	107455	
0	69168	107281	
0	69168	107108	
0	69164	106935	
0	69184	106762	
0	69184	106590	
0	69184	106417	
0	69148	106245	
0	69148	106073	
0	69168	105901	
0	69184	105730	
0	69180	105558	
0	69148	105387	
0	69148	105216	
0	69148	105045	
0	69136	104875	
0	69164	104704	
0	69184	104534	
0	69200	104364	
0	69152	104194	
0	69180	104024	
0	69180	103855	
0	69164	103686	
0	69184	103516	
0	69136	103347	
0	69132	103179	
0	69168	103010	
0	69184	102842	
0	69168	102673	
0	69196	102505	
0	69152	102337	
0	69152	102169	
0	69136	102002	
0	69180	101834	
0	69168	101667	
0	69132	101500	
0	69164	101333	
0	69180	101167	
0	69136	101000	
0	69180	100834	
0	69196	100667	
0	69184	100501	
0	69184	100335	
0	69164	100170	
0	69196	100004	
0	69164	99839	
0	69168	99675	
0	69152	99512	
0	69164	99348	
0	69168	99186	
0	69184	99024	
0	69184	98862	
0	69184	98701	
0	69180	98541	
0	69180	98381	
0	69168	98221	
0	69168	98062	
0	69180	97904	
0	69196	97746	
0	69184	97588	
0	69164	97431	
0	69216	97274	
0	69164	97118	
0	69196	96962	
0	69136	96807	
0	69148	96652	
0	69136	96497	
0	69136	96343	
0	69168	96189	
0	69152	96036	
0	69168	95883	
0	69152	95730	
0	69164	95578	
0	69168	95426	
0	69148	95275	
0	69196	95124	
0	69148	94973	
0	69152	94823	
0	69168	94673	
0	69168	94523	
0	69164	94374	
0	69196	94225	
0	69136	94076	
0	69136	93928	
0	69184	93779	
0	69148	93632	
0	69180	93484	
0	69200	93337	
0	69152	93190	
0	69164	93044	
0	69116	92898	
0	69168	92752	
0	69180	92606	
0	69180	92461	
0	69148	92316	
0	69180	92171	
0	69164	92027	
0	69184	91882	
0	69180	91738	
0	69164	91595	
0	69180	91451	
0	69180	91308	
0	69196	91165	
0	69200	91022	
0	69164	90880	
0	69148	90738	
0	69212	90596	
0	69196	90454	
0	69184	90313	
0	69164	90172	
0	69152	90031	
0	69148	89890	
0	69184	89749	
0	69196	89609	
0	69196	89469	
0	69164	89329	
0	69200	89189	
0	69200	89050	
0	69148	88911	
0	69168	88772	
0	69184	88633	
0	69184	88494	
0	69168	88356	
0	69164	88218	
0	69180	88080	
0	69200	87942	
0	69168	87805	
0	69168	87667	
0	69168	87530	
0	69180	87393	
0	69212	87256	
0	69136	87120	
0	69164	86983	
0	69180	86847	
0	69164	86711	
0	69180	86575	
0	69168	86439	
0	69168	86304	
0	69152	86168	
0	69164	86033	
0	69168	85898	
0	69168	85763	
0	69168	85628	
0	69196	85494	
0	69148	85359	
0	69164	85225	
0	69184	85091	
0	69104	84957	
0	69136	84823	
0	69184	84690	
0	69136	84556	
0	69184	84423	
0	69168	84290	
0	69132	84157	
0	69200	84024	
0	69184	83891	
0	69168	83759	
0	69180	83626	
0	69168	83494	
0	69180	83362	
0	69200	83230	
0	69148	83098	
0	69196	82966	
0	69164	82835	
0	69168	82703	
0	69164	82572	
0	69168	82441	
0	69200	82310	
0	69152	82179	
0	69184	82048	
0	69180	81917	
0	69152	81787	
0	69180	81656	
0	69148	81526	
0	69136	81396	
0	69152	81266	
0	69164	81136	
0	69180	81006	
0	69180	80877	
0	69168	80747	
0	69164	80618	
0	69152	80488	
0	69180	80359	
0	69148	80230	
0	69164	80101	
0	69152	79972	
0	69148	79843	
0	69200	79715	
0	69168	79586	
0	69148	79458	
0	69180	79329	
0	69136	79201	
0	69168	79073	
0	69168	78945	
0	69180	78817	
0	69148	78689	
0	69152	78562	
0	69168	78434	
0	69148	78306	
0	69168	78179	
0	69168	78052	
0	69152	77924	
0	69148	77797	
0	69152	77670	
0	69196	77543	
0	69168	77417	
0	69180	77290	
0	69152	77163	
0	69184	77037	
0	69168	76910	
0	69184	76784	
0	69164	76658	
0	69168	76531	
0	69168	76405	
0	69120	76279	
0	69164	76153	
0	69164	76028	
0	69148	75902	
0	69180	75776	
0	69180	75651	
0	69136	75525	
0	69148	75400	
0	69180	75274	
0	69148	75149	
0	69212	75024	
0	69180	74899	
0	69164	74774	
0	69152	74649	
0	69180	74524	
0	69168	74399	
0	69132	74275	
0	69180	74150	
0	69164	74026	
0	69148	73901	
0	69168	73777	
0	69164	73652	
0	69148	73528	
0	69148	73404	
0	69136	73280	
0	69196	73156	
0	69152	73032	
0	69200	72908	
0	69196	72784	
0	69196	72661	
0	69164	72537	
0	69168	72413	
0	69196	72290	
0	69132	72166	
0	69180	72043	
0	69168	71920	
0	69180	71796	
0	69164	71673	
0	69168	71550	
0	69148	71427	
0	69152	71304	
0	69148	71181	
0	69152	71058	
0	69168	70936	
0	69132	70813	
0	69168	70690	
0	69164	70568	
0	69132	70445	
0	69152	70323	
0	69180	70200	
0	69132	70078	
0	69152	69956	
0	69136	69833	
0	69148	69711	
0	69164	69589	
0	69196	69467	
0	69184	69345	
0	69168	69223	
0	69168	69101	
0	69164	68979	
0	69184	68858	
0	69164	68736	
0	69184	68614	
0	69180	68493	
0	69184	68371	
0	69152	68250	
0	69184	68128	
0	69148	68007	
0	69200	67885	
0	69148	67764	
0	69164	67643	
0	69164	67522	
0	69152	67401	
0	69148	67280	
0	69164	67159	
0	69152	67038	
0	69180	66917	
0	69164	66796	
0	69164	66675	
0	69152	66554	
0	69168	66434	
0	69164	66313	
0	69136	66192	
0	69164	66072	
0	69132	65951	
0	69152	65831	
0	69168	65710	
0	69200	65590	
0	69164	65470	
0	69100	65349	
0	69164	65229	
0	69164	65109	
0	69164	64989	
0	69152	64869	
0	69136	64749	
0	69180	64629	
0	69136	64509	
0	69148	64389	
0	69164	64269	
0	69164	64149	
0	69152	64029	
0	69168	63909	
0	69152	63790	
0	69168	63670	
0	69184	63550	
0	69180	63431	
0	69168	63311	
0	69148	63192	
0	69164	63072	
0	69164	62953	
0	69132	62834	
0	69180	62714	
0	69136	62595	
0	69136	62476	
0	69132	62356	
0	69136	62237	
0	69168	62118	
0	69168	61999	
0	69164	61880	
0	69148	61761	
0	69164	61642	
0	69168	61523	
0	69148	61404	
0	69164	61285	
0	69152	61166	
0	69164	61048	
0	69152	60929	
0	69148	60810	
0	69196	60691	
0	69164	60573	
0	69132	60454	
0	69152	60335	
0	69120	60217	
0	69148	60098	
0	69136	59980	
0	69164	59861	
0	69164	59743	
0	69200	59625	
0	69168	59506	
0	69164	59388	
0	69180	59270	
0	69152	59152	
0	69180	59033	
0	69104	58915	
0	69148	58797	
0	69164	58679	
0	69136	58561	
0	69164	58443	
0	69168	58325	
0	69120	58207	
0	69152	58089	
0	69152	57971	
0	69168	57853	
0	69152	57735	
0	69180	57617	
0	69164	57499	
0	69164	57382	
0	69148	57264	
0	69148	57146	
0	69168	57029	
0	69164	56911	
0	69148	56793	
0	69180	56676	
0	69164	56558	
0	69164	56441	
0	69152	56323	
0	69168	56206	
0	69136	56088	
0	69164	55971	
0	69148	55853	
0	69164	55736	
0	69180	55619	
0	69168	55501	
0	69168	55384	
0	69180	55267	
0	69168	55150	
0	69152	55032	
0	69184	54915	
0	69164	54798	
0	69168	54681	
0	69164	54564	
0	69136	54447	
0	69136	54330	
0	69152	54213	
0	69152	54096	
0	69148	53979	
0	69164	53862	
0	69152	53745	
0	69148	53628	
0	69184	53511	
0	69148	53394	
0	69132	53277	
0	69136	53161	
0	69148	53044	
0	69148	52927	
0	69180	52810	
0	69152	52694	
0	69164	52577	
0	69184	52460	
0	69184	52344	
0	69196	52227	
0	69184	52110	
0	69152	51994	
0	69136	51877	
0	69136	51761	
0	69164	51644	
0	69120	51528	
0	69164	51411	
0	69196	51295	
0	69184	51179	
0	69168	51062	
0	69136	50946	
0	69168	50830	
0	69132	50713	
0	69152	50597	
0	69164	50481	
0	69164	50364	
0	69164	50248	
0	69168	50132	
0	69152	50016	
0	69164	49900	
0	69184	49783	
0	69120	49667	
0	69200	49551	
0	69164	49435	
0	69148	49319	
0	69136	49203	
0	69152	49087	
0	69116	48971	
0	69180	48855	
0	69184	48739	
0	69180	48623	
0	69164	48507	
0	69180	48391	
0	69148	48275	
0	69148	48159	
0	69152	48044	
0	69196	47928	
0	69120	47812	
0	69152	47696	
0	69180	47580	
0	69164	47464	
0	69136	47349	
0	69184	47233	
0	69184	47117	
0	69164	47002	
0	69180	46886	
0	69212	46770	
0	69120	46655	
0	69184	46539	
0	69136	46423	
0	69184	46308	
0	69152	46192	
0	69164	46077	
0	69196	45961	
0	69120	45846	
0	69136	45730	
0	69148	45615	
0	69136	45499	
0	69164	45384	
0	69180	45268	
0	69168	45153	
0	69168	45037	
0	69148	44922	
0	69180	44807	
0	69152	44691	
0	69164	44576	
0	69164	44461	
0	69136	44345	
0	69132	44230	
0	69164	44115	
0	69180	43999	
0	69164	43884	
0	69148	43769	
0	69180	43654	
0	69180	43539	
0	69152	43423	
0	69148	43308	
0	69196	43193	
0	69152	43078	
0	69148	42963	
0	69200	42848	
0	69152	42733	
0	69136	42617	
0	69152	42502	
0	69184	42387	
0	69168	42272	
0	69180	42157	
0	69152	42042	
0	69164	41927	
0	69132	41812	
0	69184	41697	
0	69164	41582	
0	69136	41467	
0	69200	41352	
0	69164	41237	
0	69164	41123	
0	69180	41008	
0	69152	40893	
0	69136	40778	
0	69152	40663	
0	69152	40548	
0	69164	40433	
0	69212	40319	
0	69136	40204	
0	69184	40089	
0	69152	39974	
0	69180	39859	
0	69180	39745	
0	69168	39630	
0	69196	39515	
0	69184	39400	
0	69152	39286	
0	69184	39171	
0	69184	39056	
0	69168	38942	
0	69184	38827	
0	69200	38712	
0	69164	38598	
0	69196	38483	
0	69180	38368	
0	69148	38254	
0	69180	38139	
0	69168	38025	
0	69200	37910	
0	69136	37796	
0	69180	37681	
0	69200	37567	
0	69196	37452	
0	69168	37337	
0	69184	37223	
0	69184	37108	
0	69168	36994	
0	69164	36880	
0	69196	36765	
0	69152	36651	
0	69168	36536	
0	69132	36422	
0	69148	36307	
0	69164	36193	
0	69180	36079	
0	69184	35964	
0	69132	35850	
0	69184	35735	
0	69164	35621	
0	69164	35507	
0	69164	35392	
0	69152	35278	
0	69136	35164	
0	69136	35050	
0	69120	34935	
0	69164	34821	
0	69164	34707	
0	69180	34592	
0	69180	34478	
0	69168	34364	
0	69168	34250	
0	69152	34135	
0	69184	34021	
0	69152	33907	
0	69164	33793	
0	69164	33679	
0	69132	33564	
0	69180	33450	
0	69180	33336	
0	69164	33222	
0	69148	33108	
0	69168	32994	
0	69200	32880	
0	69212	32765	
0	69152	32651	
0	69164	32537	
0	69152	32423	
0	69184	32309	
0	69168	32195	
0	69196	32081	
0	69184	31967	
0	69136	31853	
0	69180	31739	
0	69164	31625	
0	69152	31511	
0	69168	31397	
0	69196	31283	
0	69168	31169	
0	69152	31055	
0	69184	30941	
0	69164	30827	
0	69164	30713	
0	69148	30599	
0	69196	30485	
0	69184	30371	
0	69168	30257	
0	69168	30143	
0	69180	30029	
0	69164	29915	
0	69136	29801	
0	69168	29688	
0	69168	29574	
0	69168	29460	
0	69196	29346	
0	69168	29232	
0	69152	29118	
0	69136	29004	
0	69152	28891	
0	69180	28777	
0	69168	28663	
0	69180	28549	
0	69152	28435	
0	69184	28321	
0	69180	28208	
0	69196	28094	
0	69168	27980	
0	69152	27866	
0	69120	27753	
0	69132	27639	
0	69152	27525	
0	69200	27411	
0	69152	27298	
0	69132	27184	
0	69184	27070	
0	69184	26956	
0	69152	26843	
0	69168	26729	
0	69136	26615	
0	69148	26502	
0	69164	26388	
0	69148	26274	
0	69184	26161	
0	69180	26047	
0	69184	25933	
0	69184	25820	
0	69168	25706	
0	69148	25592	
0	69200	25479	
0	69196	25365	
0	69152	25251	
0	69184	25138	
0	69196	25024	
0	69148	24911	
0	69180	24797	
0	69184	24683	
0	69184	24570	
0	69180	24456	
0	69136	24343	
0	69152	24229	
0	69164	24116	
0	69180	24002	
0	69168	23888	
0	69196	23775	
0	69180	23661	
0	69180	23548	
0	69168	23434	
0	69148	23321	
0	69132	23207	
0	69136	23094	
0	69148	22980	
0	69184	22867	
0	69120	22753	
0	69136	22640	
0	69164	22526	
0	69164	22413	
0	69184	22299	
0	69132	22186	
0	69168	22072	
0	69148	21959	
0	69168	21845	
0	69116	21732	
0	69148	21619	
0	69152	21505	
0	69180	21392	
0	69164	21278	
0	69132	21165	
0	69168	21051	
0	69164	20938	
0	69116	20825	
0	69196	20711	
0	69148	20598	
0	69196	20484	
0	69148	20371	
0	69152	20258	
0	69136	20144	
0	69164	20031	
0	69136	19918	
0	69148	19804	
0	69180	19691	
0	69152	19578	
0	69152	19464	
0	69152	19351	
0	69148	19237	
0	69152	19124	
0	69104	19011	
0	69148	18897	
0	69164	18784	
0	69136	18671	
0	69168	18558	
0	69164	18444	
0	69168	18331	
0	69148	18218	
0	69168	18104	
0	69184	17991	
0	69116	17878	
0	69164	17765	
0	69216	17651	
0	69180	17538	
0	69164	17425	
0	69168	17311	
0	69168	17198	
0	69180	17085	
0	69164	16972	
0	69148	16858	
0	69152	16745	
0	69168	16632	
0	69168	16519	
0	69168	16406	
0	69184	16292	
0	69164	16179	
0	69168	16066	
0	69180	15953	
0	69180	15839	
0	69136	15726	
0	69136	15613	
0	69136	15500	
0	69168	15387	
0	69196	15273	
0	69136	15160	
0	69132	15047	
0	69152	14934	
0	69148	14821	
0	69132	14708	
0	69132	14594	
0	69152	14481	
0	69184	14368	
0	69148	14255	
0	69164	14142	
0	69180	14029	
0	69136	13916	
0	69148	13802	
0	69136	13689	
0	69100	13576	
0	69148	13463	
0	69152	13350	
0	69132	13237	
0	69116	13124	
0	69132	13010	
0	69164	12897	
0	69148	12784	
0	69168	12671	
0	69152	12558	
0	69164	12445	
0	69152	12332	
0	69180	12219	
0	69132	12106	
0	69152	11993	
0	69196	11880	
0	69164	11766	
0	69196	11653	
0	69168	11540	
0	69152	11427	
0	69164	11314	
0	69148	11201	
0	69168	11088	
0	69132	10975	
0	69152	10862	
0	69168	10749	
0	69180	10636	
0	69148	10523	
0	69164	10410	
0	69148	10297	
0	69120	10184	
0	69148	10071	
0	69132	9958	
0	69180	9845	
0	69152	9732	
0	69152	9619	
0	69180	9506	
0	69136	9393	
0	69136	9280	
0	69132	9167	
0	69132	9054	
0	69136	8941	
0	69152	8828	
0	69152	8715	
0	69116	8602	
0	69152	8489	
0	69148	8376	
0	69152	8263	
0	69168	8150	
0	69168	8037	
0	69164	7924	
0	69132	7811	
0	69152	7698	
0	69164	7585	
0	69168	7472	
0	69152	7359	
0	69132	7246	
0	69116	7133	
0	69152	7020	
0	69184	6907	
0	69136	6794	
0	69152	6681	
0	69148	6568	
0	69168	6455	
0	69168	6342	
0	69120	6229	
0	69120	6116	
0	69152	6004	
0	69152	5891	
0	69152	5778	
0	69180	5665	
0	69152	5552	
0	69148	5439	
0	69136	5326	
0	69136	5213	
0	69168	5100	
0	69148	4987	
0	69152	4874	
0	69184	4761	
0	69132	4649	
0	69180	4536	
0	69148	4423	
0	69168	4310	
0	69148	4197	
0	69164	4084	
0	69148	3971	
0	69148	3858	
0	69164	3745	
0	69164	3633	
0	69180	3520	
0	69148	3407	
0	69164	3294	
0	69152	3181	
0	69168	3068	
0	69184	2955	
0	69132	2843	
0	69196	2730	
0	69152	2617	
0	69148	2504	
0	69180	2391	
0	69180	2278	
0	69180	2165	
0	69164	2053	
0	69152	1940	
0	69148	1827	
0	69116	1714	
0	69132	1601	
0	69196	1488	
0	69120	1375	
0	69148	1263	
0	69152	1150	
0	69148	1037	
0	69152	924	
0	69180	811	
0	69168	698	
0	69152	586	
0	69180	473	
0	69148	360	
0	69180	247	
0	69148	134	
0	69116	22	
0	69148	0	
0	69168	0	
0	69152	0	
0	69148	0	
0	69136	0	
0	69168	0	
0	69164	0	
0	69164	0	
0	69152	0	
0	69164	0	
0	69148	0	
0	69148	0	
0	69136	0	
0	69148	0	
0	69164	0	
0	69116	0	
0	69184	0	
0	69132	0	
0	69116	0	
0	69164	0	
0	69136	0	
0	69152	0	
0	69120	0	
0	69136	0	
0	69148	0	
0	69120	0	
0	69180	0	
0	69184	0	
0	69152	0	
0	69184	0	
0	69168	0	
0	69164	0	
0	69152	0	
0	69184	0	
0	69136	0	
0	69168	0	
0	69152	0	
0	69148	0	
0	69148	0	
0	69136	0	
0	69180	0	
0	69164	0	
0	69148	0	
0	69164	0	
0	69180	0	
0	69148	0	
0	69136	0	
0	69180	0	
0	69148	0	
0	69132	0	
0	69116	0	
0	69152	0	
0	69152	0	
0	69148	0	
0	69152	0	
0	69164	0	
0	69136	0	
0	69164	0	
0	69168	0	
0	69148	0	
0	69168	0	
0	69164	0	
0	69164	11282	
0	69184	11270	
0	69200	11259	
0	69164	11248	
0	69164	11237	
0	69152	11225	
0	69200	11214	
0	69148	11203	
0	69148	11191	
0	69180	11180	
0	69200	11169	
0	69168	11157	
0	69184	11146	
0	69168	11135	
0	69196	11123	
0	69196	11112	
0	69180	11101	
0	69168	11090	
0	69184	11078	
0	69184	11067	
0	69184	11056	
0	69164	11044	
0	69184	11033	
0	69184	11022	
0	69168	11010	
0	69164	10999	
0	69164	10988	
0	69232	10976	
0	69164	10965	
0	69184	10954	
0	69184	10943	
0	69164	10931	
0	69168	10920	
0	69168	10909	
0	69212	10897	
0	69212	10886	
0	69184	10875	
0	69180	10863	
0	69132	10852	
0	69152	10841	
0	69164	10829	
0	69196	10818	
0	69196	10807	
0	69152	10796	
0	69152	10784	
0	69180	10773	
0	69184	10762	
0	69136	10750	
0	69168	10739	
0	69196	10728	
0	69196	10716	
0	69164	10705	
0	69184	10694	
0	69164	10683	
0	69184	10671	
0	69148	10660	
0	69136	10649	
0	69196	10637	
0	69200	10626	
0	69148	10615	
0	69152	10603	
0	69180	10592	
0	69168	10581	
0	69184	10569	
0	69184	10558	
0	69152	10547	
0	69164	10536	
0	69152	10524	
0	69212	10513	
0	69164	10502	
0	69180	10490	
0	69184	10479	
0	69184	10468	
0	69212	10456	
0	69184	10445	
0	69212	10434	
0	69168	10423	
0	69168	10411	
0	69200	10400	
0	69168	10389	
0	69168	10377	
0	69180	10366	
0	69180	10355	
0	69180	10343	
0	69196	10332	
0	69168	10321	
0	69184	10309	
0	69180	10298	
0	69184	10287	
0	69136	10276	
0	69168	10264	
0	69184	10253	
0	69168	10242	
0	69168	10230	
0	69184	10219	
0	69196	10208	
0	69184	10196	
0	69168	10185	
0	69164	10174	
0	69168	10163	
0	69152	10151	
0	69196	10140	
0	69180	10129	
0	69212	10117	
0	69168	10106	
0	69168	10095	
0	69136	10083	
0	69180	10072	
0	69152	10061	
0	69196	10049	
0	69164	10038	
0	69180	10027	
0	69168	10016	
0	69152	10004	
0	69216	9993	
0	69152	9982	
0	69168	9970	
0	69200	9959	
0	69164	9948	
0	69164	9936	
0	69148	9925	
0	69180	9914	
0	69164	9903	
0	69180	9891	
0	69168	9880	
0	69212	9869	
0	69184	9857	
0	69164	9846	
0	69196	9835	
0	69168	9823	
0	69164	9812	
0	69152	9801	
0	69180	9790	
0	69180	9778	
0	69148	9767	
0	69168	9756	
0	69180	9744	
0	69180	9733	
0	69152	9722	
0	69168	9710	
0	69196	9699	
0	69196	9688	
0	69164	9676	
0	69164	9665	
0	69180	9654	
0	69180	9643	
0	69148	9631	
0	69164	9620	
0	69184	9609	
0	69164	9597	
0	69196	9586	
0	69180	9575	
0	69184	9563	
0	69148	9552	
0	69164	9541	
0	69152	9530	
0	69180	9518	
0	69180	9507	
0	69116	9496	
0	69180	9484	
0	69168	9473	
0	69200	9462	
0	69164	9450	
0	69168	9439	
0	69168	9428	
0	69168	9417	
0	69180	9405	
0	69136	9394	
0	69180	9383	
0	69184	9371	
0	69148	9360	
0	69164	9349	
0	69180	9337	
0	69196	9326	
0	69132	9315	
0	69164	9304	
0	69136	9292	
0	69164	9281	
0	69168	9270	
0	69180	9258	
0	69184	9247	
0	69184	9236	
0	69164	9224	
0	69168	9213	
0	69180	9202	
0	69168	9191	
0	69196	9179	
0	69148	9168	
0	69184	9157	
0	69180	9145	
0	69168	9134	
0	69200	9123	
0	69180	9111	
0	69164	9100	
0	69168	9089	
0	69184	9078	
0	69164	9066	
0	69180	9055	
0	69152	9044	
0	69152	9032	
0	69196	9021	
0	69216	9010	
0	69196	8998	
0	69136	8987	
0	69180	8976	
0	69164	8965	
0	69184	8953	
0	69148	8942	
0	69168	8931	
0	69148	8919	
0	69148	8908	
0	69152	8897	
0	69164	8885	
0	69184	8874	
0	69180	8863	
0	69180	8852	
0	69184	8840	
0	69216	8829	
0	69168	8818	
0	69168	8806	
0	69184	8795	
0	69184	8784	
0	69200	8772	
0	69200	8761	
0	69196	8750	
0	69200	8739	
0	69212	8727	
0	69196	8716	
0	69184	8705	
0	69180	8693	
0	69200	8682	
0	69200	8671	
0	69164	8659	
0	69164	8648	
0	69212	8637	
0	69184	8626	
0	69132	8614	
0	69180	8603	
0	69136	8592	
0	69168	8580	
0	69136	8569	
0	69180	8558	
0	69164	8546	
0	69200	8535	
0	69180	8524	
0	69180	8513	
0	69196	8501	
0	69164	8490	
0	69164	8479	
0	69200	8467	
0	69212	8456	
0	69196	8445	
0	69164	8433	
0	69200	8422	
0	69180	8411	
0	69184	8400	
0	69168	8388	
0	69212	8377	
0	69168	8366	
0	69200	8354	
0	69184	8343	
0	69180	8332	
0	69200	8320	
0	69184	8309	
0	69196	8298	
0	69212	8287	
0	69196	8275	
0	69184	8264	
0	69164	8253	
0	69164	8241	
0	69180	8230	
0	69180	8219	
0	69148	8207	
0	69196	8196	
0	69196	8185	
0	69132	8174	
0	69184	8162	
0	69148	8151	
0	69168	8140	
0	69164	8128	
0	69180	8117	
0	69212	8106	
0	69184	8094	
0	69168	8083	
0	69168	8072	
0	69152	8061	
0	69168	8049	
0	69196	8038	
0	69164	8027	
0	69168	8015	
0	69180	8004	
0	69152	7993	
0	69136	7981	
0	69148	7970	
0	69168	7959	
0	69168	7948	
0	69164	7936	
0	69120	7925	
0	69164	7914	
0	69184	7902	
0	69164	7891	
0	69136	7880	
0	69180	7869	
0	69148	7857	
0	69164	7846	
0	69184	7835	
0	69164	7823	
0	69180	7812	
0	69180	7801	
0	69152	7789	
0	69136	7778	
0	69152	7767	
0	69148	7756	
0	69152	7744	
0	69212	7733	
0	69184	7722	
0	69184	7710	
0	69164	7699	
0	69180	7688	
0	69196	7676	
0	69168	7665	
0	69168	7654	
0	69200	7643	
0	69168	7631	
0	69232	7620	
0	69196	7609	
0	69148	7597	
0	69168	7586	
0	69168	7575	
0	69136	7563	
0	69180	7552	
0	69168	7541	
0	69180	7530	
0	69164	7518	
0	69196	7507	
0	69180	7496	
0	69152	7484	
0	69196	7473	
0	69180	7462	
0	69180	7451	
0	69168	7439	
0	69180	7428	
0	69168	7417	
0	69184	7405	
0	69168	7394	
0	69152	7383	
0	69184	7371	
0	69196	7360	
0	69216	7349	
0	69148	7338	
0	69196	7326	
0	69168	7315	
0	69180	7304	
0	69168	7292	
0	69180	7281	
0	69200	7270	
0	69168	7258	
0	69168	7247	
0	69168	7236	
0	69164	7225	
0	69148	7213	
0	69132	7202	
0	69168	7191	
0	69180	7179	
0	69164	7168	
0	69152	7157	
0	69148	7146	
0	69164	7134	
0	69152	7123	
0	69168	7112	
0	69148	7100	
0	69168	7089	
0	69168	7078	
0	69180	7066	
0	69180	7055	
0	69200	7044	
0	69164	7033	
0	69164	7021	
0	69152	7010	
0	69152	6999	
0	69148	6987	
0	69180	6976	
0	69168	6965	
0	69164	6953	
0	69136	6942	
0	69180	6931	
0	69148	6920	
0	69148	6908	
0	69152	6897	
0	69164	6886	
0	69184	6874	
0	69164	6863	
0	69120	6852	
0	69184	6841	
0	69196	6829	
0	69164	6818	
0	69180	6807	
0	69152	6795	
0	69168	6784	
0	69216	6773	
0	69120	6761	
0	69164	6750	
0	69152	6739	
0	69184	6728	
0	69164	6716	
0	69168	6705	
0	69180	6694	
0	69132	6682	
0	69196	6671	
0	69184	6660	
0	69180	6649	
0	69132	6637	
0	69164	6626	
0	69168	6615	
0	69164	6603	
0	69168	6592	
0	69152	6581	
0	69196	6569	
0	69196	6558	
0	69136	6547	
0	69164	6536	
0	69180	6524	
0	69164	6513	
0	69148	6502	
0	69152	6490	
0	69168	6479	
0	69136	6468	
0	69228	6457	
0	69196	6445	
0	69184	6434	
0	69148	6423	
0	69152	6411	
0	69168	6400	
0	69164	6389	
0	69184	6377	
0	69164	6366	
0	69164	6355	
0	69148	6344	
0	69180	6332	
0	69152	6321	
0	69168	6310	
0	69184	6298	
0	69200	6287	
0	69168	6276	
0	69148	6265	
0	69136	6253	
0	69148	6242	
0	69184	6231	
0	69148	6219	
0	69180	6208	
0	69148	6197	
0	69164	6185	
0	69168	6174	
0	69168	6163	
0	69136	6152	
0	69180	6140	
0	69168	6129	
0	69164	6118	
0	69164	6106	
0	69148	6095	
0	69164	6084	
0	69148	6073	
0	69136	6061	
0	69164	6050	
0	69152	6039	
0	69164	6027	
0	69152	6016	
0	69184	6005	
0	69180	5993	
0	69148	5982	
0	69168	5971	
0	69168	5960	
0	69148	5948	
0	69136	5937	
0	69152	5926	
0	69180	5914	
0	69148	5903	
0	69164	5892	
0	69180	5881	
0	69168	5869	
0	69200	5858	
0	69180	5847	
0	69168	5835	
0	69164	5824	
0	69152	5813	
0	69148	5801	
0	69180	5790	
0	69136	5779	
0	69164	5768	
0	69136	5756	
0	69180	5745	
0	69152	5734	
0	69148	5722	
0	69152	5711	
0	69132	5700	
0	69152	5689	
0	69120	5677	
0	69180	5666	
0	69168	5655	
0	69152	5643	
0	69152	5632	
0	69148	5621	
0	69152	5609	
0	69132	5598	
0	69132	5587	
0	69148	5576	
0	69136	5564	
0	69196	5553	
0	69184	5542	
0	69148	5530	
0	69168	5519	
0	69184	5508	
0	69120	5497	
0	69120	5485	
0	69164	5474	
0	69152	5463	
0	69136	5451	
0	69152	5440	
0	69152	5429	
0	69180	5418	
0	69152	5406	
0	69164	5395	
0	69180	5384	
0	69148	5372	
0	69148	5361	
0	69180	5350	
0	69180	5338	
0	69180	5327	
0	69132	5316	
0	69164	5305	
0	69164	5293	
0	69164	5282	
0	69200	5271	
0	69136	5259	
0	69152	5248	
0	69180	5237	
0	69148	5226	
0	69168	5214	
0	69164	5203	
0	69148	5192	
0	69164	5180	
0	69168	5169	
0	69184	5158	
0	69164	5147	
0	69168	5135	
0	69180	5124	
0	69180	5113	
0	69180	5101	
0	69136	5090	
0	69132	5079	
0	69180	5067	
0	69164	5056	
0	69164	5045	
0	69132	5034	
0	69196	5022	
0	69152	5011	
0	69180	5000	
0	69164	4988	
0	69164	4977	
0	69152	4966	
0	69120	4955	
0	69164	4943	
0	69164	4932	
0	69200	4921	
0	69148	4909	
0	69164	4898	
0	69152	4887	
0	69136	4876	
0	69168	4864	
0	69180	4853	
0	69168	4842	
0	69152	4830	
0	69120	4819	
0	69168	4808	
0	69168	4797	
0	69136	4785	
0	69148	4774	
0	69180	4763	
0	69180	4751	
0	69168	4740	
0	69152	4729	
0	69152	4717	
0	69164	4706	
0	69180	4695	
0	69152	4684	
0	69164	4672	
0	69180	4661	
0	69152	4650	
0	69148	4638	
0	69136	4627	
0	69168	4616	
0	69164	4605	
0	69168	4593	
0	69168	4582	
0	69168	4571	
0	69164	4559	
0	69152	4548	
0	69164	4537	
0	69136	4526	
0	69164	4514	
0	69164	4503	
0	69148	4492	
0	69196	4480	
0	69180	4469	
0	69136	4458	
0	69180	4447	
0	69196	4435	
0	69148	4424	
0	69168	4413	
0	69164	4401	
0	69164	4390	
0	69164	4379	
0	69164	4367	
0	69152	4356	
0	69152	4345	
0	69196	4334	
0	69152	4322	
0	69164	4311	
0	69164	4300	
0	69184	4288	
0	69132	4277	
0	69180	4266	
0	69152	4255	
0	69136	4243	
0	69164	4232	
0	69184	4221	
0	69136	4209	
0	69184	4198	
0	69168	4187	
0	69148	4176	
0	69180	4164	
0	69152	4153	
0	69148	4142	
0	69148	4130	
0	69200	4119	
0	69164	4108	
0	69116	4097	
0	69168	4085	
0	69152	4074	
0	69136	4063	
0	69168	4051	
0	69196	4040	
0	69152	4029	
0	69180	4018	
0	69164	4006	
0	69184	3995	
0	69168	3984	
0	69184	3972	
0	69200	3961	
0	69152	3950	
0	69148	3938	
0	69152	3927	
0	69168	3916	
0	69152	3905	
0	69120	3893	
0	69148	3882	
0	69148	3871	
0	69136	3859	
0	69132	3848	
0	69168	3837	
0	69180	3826	
0	69180	3814	
0	69164	3803	
0	69164	3792	
0	69168	3780	
0	69168	3769	
0	69152	3758	
0	69148	3747	
0	69184	3735	
0	69148	3724	
0	69148	3713	
0	69152	3701	
0	69168	3690	
0	69180	3679	
0	69132	3668	
0	69168	3656	
0	69136	3645	
0	69136	3634	
0	69168	3622	
0	69168	3611	
0	69180	3600	
0	69180	3589	
0	69180	3577	
0	69164	3566	
0	69168	3555	
0	69152	3543	
0	69184	3532	
0	69148	3521	
0	69120	3510	
0	69164	3498	
0	69136	3487	
0	69136	3476	
0	69148	3464	
0	69164	3453	
0	69200	3442	
0	69164	3431	
0	69148	3419	
0	69196	3408	
0	69180	3397	
0	69152	3385	
0	69148	3374	
0	69200	3363	
0	69164	3351	
0	69152	3340	
0	69180	3329	
0	69136	3318	
0	69168	3306	
0	69152	3295	
0	69152	3284	
0	69148	3272	
0	69164	3261	
0	69120	3250	
0	69164	3239	
0	69164	3227	
0	69132	3216	
0	69152	3205	
0	69152	3193	
0	69184	3182	
0	69164	3171	
0	69164	3160	
0	69168	3148	
0	69212	3137	
0	69180	3126	
0	69152	3114	
0	69132	3103	
0	69180	3092	
0	69184	3081	
0	69164	3069	
0	69164	3058	
0	69168	3047	
0	69168	3035	
0	69180	3024	
0	69148	3013	
0	69168	3002	
0	69184	2990	
0	69148	2979	
0	69152	2968	
0	69212	2956	
0	69148	2945	
0	69180	2934	
0	69184	2923	
0	69196	2911	
0	69180	2900	
0	69148	2889	
0	69164	2877	
0	69180	2866	
0	69200	2855	
0	69196	2844	
0	69168	2832	
0	69196	2821	
0	69200	2810	
0	69200	2798	
0	69148	2787	
0	69168	2776	
0	69184	2765	
0	69168	2753	
0	69184	2742	
0	69184	2731	
0	69200	2719	
0	69152	2708	
0	69200	2697	
0	69180	2686	
0	69164	2674	
0	69168	2663	
0	69168	2652	
0	69148	2640	
0	69196	2629	
0	69212	2618	
0	69168	2607	
0	69164	2595	
0	69184	2584	
0	69152	2573	
0	69148	2561	
0	69136	2550	
0	69168	2539	
0	69184	2528	
0	69168	2516	
0	69148	2505	
0	69184	2494	
0	69180	2482	
0	69180	2471	
0	69152	2460	
0	69184	2449	
0	69180	2437	
0	69132	2426	
0	69152	2415	
0	69180	2403	
0	69148	2392	
0	69148	2381	
0	69184	2370	
0	69196	2358	
0	69184	2347	
0	69196	2336	
0	69184	2324	
0	69168	2313	
0	69152	2302	
0	69136	2291	
0	69196	2279	
0	69180	2268	
0	69136	2257	
0	69168	2245	
0	69212	2234	
0	69164	2223	
0	69168	2212	
0	69184	2200	
0	69184	2189	
0	69184	2178	
0	69168	2166	
0	69168	2155	
0	69168	2144	
0	69168	2133	
0	69168	2121	
0	69152	2110	
0	69184	2099	
0	69168	2087	
0	69180	2076	
0	69168	2065	
0	69168	2054	
0	69132	2042	
0	69180	2031	
0	69152	2020	
0	69152	2008	
0	69148	1997	
0	69196	1986	
0	69152	1975	
0	69164	1963	
0	69184	1952	
0	69168	1941	
0	69120	1929	
0	69168	1918	
0	69180	1907	
0	69180	1896	
0	69180	1884	
0	69184	1873	
0	69152	1862	
0	69184	1850	
0	69184	1839	
0	69152	1828	
0	69152	1817	
0	69136	1805	
0	69148	1794	
0	69164	1783	
0	69196	1771	
0	69168	1760	
0	69180	1749	
0	69196	1738	
0	69212	1726	
0	69168	1715	
0	69164	1704	
0	69148	1692	
0	69228	1681	
0	69196	1670	
0	69152	1659	
0	69152	1647	
0	69180	1636	
0	69196	1625	
0	69180	1613	
0	69164	1602	
0	69164	1591	
0	69180	1580	
0	69164	1568	
0	69168	1557	
0	69180	1546	
0	69164	1534	
0	69184	1523	
0	69168	1512	
0	69168	1501	
0	69200	1489	
0	69180	1478	
0	69196	1467	
0	69152	1455	
0	69164	1444	
0	69136	1433	
0	69132	1422	
0	69168	1410	
0	69148	1399	
0	69164	1388	
0	69180	1376	
0	69168	1365	
0	69180	1354	
0	69164	1343	
0	69152	1331	
0	69184	1320	
0	69196	1309	
0	69196	1297	
0	69180	1286	
0	69180	1275	
0	69168	1264	
0	69148	1252	
0	69184	1241	
0	69196	1230	
0	69168	1218	
0	69168	1207	
0	69196	1196	
0	69164	1185	
0	69184	1173	
0	69196	1162	
0	69152	1151	
0	69180	1140	
0	69184	1128	
0	69180	1117	
0	69168	1106	
0	69164	1094	
0	69180	1083	
0	69212	1072	
0	69180	1061	
0	69168	1049	
0	69168	1038	
0	69168	1027	
0	69148	1015	
0	69164	1004	
0	69168	993	
0	69168	982	
0	69168	970	
0	69164	959	
0	69180	948	
0	69184	936	
0	69132	925	
0	69184	914	
0	69168	903	
0	69164	891	
0	69168	880	
0	69136	869	
0	69148	857	
0	69148	846	
0	69168	835	
0	69216	824	
0	69148	812	
0	69168	801	
0	69200	790	
0	69168	778	
0	69164	767	
0	69180	756	
0	69180	745	
0	69136	733	
0	69196	722	
0	69164	711	
0	69180	699	
0	69196	688	
0	69168	677	
0	69168	666	
0	69152	654	
0	69168	643	
0	69184	632	
0	69168	620	
0	69168	609	
0	69180	598	
0	69152	587	
0	69164	575	
0	69180	564	
0	69168	553	
0	69196	542	
0	69168	530	
0	69152	519	
0	69148	508	
0	69148	496	
0	69168	485	
0	69148	474	
0	69152	463	
0	69164	451	
0	69168	440	
0	69184	429	
0	69136	417	
0	69200	406	
0	69164	395	
0	69136	384	
0	69196	372	
0	69164	361	
0	69136	350	
0	69168	338	
0	69184	327	
0	69152	316	
0	69168	305	
0	69164	293	
0	69180	282	
0	69228	271	
0	69196	259	
0	69152	248	
0	69196	237	
0	69164	226	
0	69180	214	
0	69164	203	
0	69180	192	
0	69184	180	
0	69136	169	
0	69180	158	
0	69168	147	
0	69168	135	
0	69196	124	
0	69168	113	
0	69212	102	
0	69200	90	
0	69200	79	
0	69152	68	
0	69164	56	
0	69196	45	
0	69164	34	
0	69180	23	
0	69184	11	
0	69184	0	
0	69180	0	
0	69200	0	
0	69164	0	
0	69136	0	
0	69184	0	
0	69152	0	
0	69168	0	
0	69152	0	
0	69196	0	
0	69184	0	
0	69196	0	
0	69148	0	
0	69180	0	
0	69184	0	
0	69200	0	
0	69180	0	
0	69148	0	
0	69180	0	
0	69136	0	
0	69180	0	
0	69136	0	
0	69168	0	
0	69196	0	
0	69184	0	
0	69136	0	
0	69152	0	
0	69180	0	
0	69152	0	
0	69180	0	
0	69168	0	
0	69180	0	
0	69180	0	
0	69164	0	
0	69168	0	
0	69164	0	
0	69152	0	
0	69184	0	
0	69196	0	
0	69168	0	
0	69148	0	
0	69180	0	
0	69120	0	
0	69164	0	
0	69168	0	
0	69152	0	
0	69184	0	
0	69180	0	
0	69152	0	
0	69148	0	
0	69152	0	
0	69180	0	
0	69136	0	
0	69180	0	
0	69136	0	
0	69120	0	
0	69152	0	
0	69148	0	
0	69180	0	
0	69164	0	
0	69164	0	
0	69168	0	
0	69152	0	
0	69148	0	
0	69148	0	
0	69164	0	
0	69148	0	
0	69152	0	
0	69184	0	
0	69168	0	
0	69148	0	
0	69168	0	
0	69152	0	
544.999968725531	69148	0	
543.999970007301	69184	0	
542.999966309295	69152	0	
541.999967591064	69132	0	
540.999968872834	69184	0	
539.999965174828	69168	0	
538.999966456597	69136	0	
537.999967738367	69216	0	
536.999969020136	69152	0	
535.99996532213	69180	0	
534.9999666039	69136	0	
533.999967885669	69168	0	
532.999969167439	69152	0	
531.999965469433	69152	0	
530.999966751202	69184	0	
529.999968032972	69180	0	
528.999969314741	69168	0	
527.999965616735	69100	0	
526.999966898505	69184	0	
525.999968180274	69164	0	
524.999969462044	69136	0	
523.999965764038	69152	0	
522.999967045807	69184	0	
521.999968327577	69148	0	
520.999969609347	69216	0	
519.99996591134	69200	0	
518.99996719311	69184	0	
517.99996847488	69168	0	
516.999969756649	69168	0	
515.999966058643	69180	0	
514.999967340412	69180	0	
513.999968622182	69196	0	
512.999969903952	69152	0	
511.999966205946	69168	0	
510.999967487715	69200	0	
509.999968769485	69136	0	
508.999970051254	69180	0	
507.999966353248	69168	0	
506.999967635018	69152	0	
505.999968916787	69168	0	
504.999965218781	69164	0	
503.999966500551	69200	0	
502.99996778232	69148	0	
501.99996906409	69180	0	
500.999970345859	69148	0	
499.999971627629	69152	0	
498.999972909398	69168	0	
497.999974191168	69152	0	
496.999970493162	69136	0	
495.999971774931	69184	0	
494.999973056701	69164	0	
493.999974338471	69152	0	
492.999970640464	69152	0	
491.999971922234	69164	0	
490.999973204004	69152	0	
489.999974485773	69164	0	
488.999970787767	69152	0	
487.999972069537	69196	0	
486.999973351306	69180	0	
485.999974633076	69136	0	
484.99997093507	69168	0	
483.999972216839	69148	0	
482.999973498609	69152	0	
481.999974780378	69184	0	
480.999971082372	69184	0	
479.999972364142	69132	0	
478.999973645911	69196	0	
477.999974927681	69196	0	
476.999971229675	69148	0	
475.999972511444	69196	0	
474.999973793214	69180	0	
473.999975074983	69152	0	
472.999971376977	69164	0	
471.999972658747	69152	0	
470.999973940516	69164	0	
469.99997024251	69200	0	
468.99997152428	69200	0	
467.999972806049	69168	0	
466.999974087819	69148	0	
465.999970389813	69152	0	
464.999971671582	69164	0	
463.999972953352	69152	0	
462.999974235121	69180	0	
461.999970537115	69136	0	
460.999971818885	69136	0	
459.999973100654	69184	0	
458.999974382424	69168	0	
457.999970684418	69196	0	
456.999971966187	69152	0	
455.999973247957	69180	0	
454.999974529727	69152	0	
453.99997083172	69164	0	
452.99997211349	69168	0	
451.99997339526	69180	0	
450.999974677029	69168	0	
449.999970979023	69148	0	
448.999972260793	69168	0	
447.999973542562	69136	0	
446.999974824332	69168	0	
445.999971126326	69184	0	
444.999972408095	69164	0	
443.999973689865	69196	0	
442.999974971634	69152	0	
441.999971273628	69184	0	
440.999972555398	69164	0	
439.999973837167	69168	0	
438.999970139161	69168	0	
437.999971420931	69196	0	
436.9999727027	69168	0	
435.99997398447	69168	0	
434.999970286464	69148	0	
433.999971568233	69152	0	
432.999972850003	69168	0	
431.999974131772	69152	0	
430.999970433766	69152	0	
429.999971715536	69148	0	
428.999972997305	69200	0	
427.999974279075	69168	0	
426.999970581069	69164	0	
425.999971862838	69180	0	
424.999973144608	69148	0	
423.999974426377	69212	0	
422.999970728371	69164	0	
421.999972010141	69184	0	
420.99997329191	69212	0	
419.99997457368	69168	0	
418.999970875674	69168	0	
417.999972157443	69164	0	
416.999978418989	69196	0	
415.999979700758	69180	0	
414.999976002752	69164	0	
413.999977284522	69184	0	
412.999978566291	69180	0	
411.999979848061	69120	0	
410.999976150055	69168	0	
409.999977431824	69168	0	
408.999978713594	69168	0	
407.999979995363	69180	0	
406.999976297357	69152	0	
405.999977579127	69152	0	
404.999978860896	69152	0	
403.99997516289	69180	0	
402.99997644466	69168	0	
401.999977726429	69180	0	
400.999979008199	69136	0	
399.999975310193	69180	0	
398.999976591962	69184	0	
397.999977873732	69152	0	
396.999979155502	69168	0	
395.999975457495	69136	0	
394.999976739265	69196	0	
393.999978021035	69180	0	
392.999979302804	69200	0	
391.999975604798	69200	0	
390.999976886567	69152	0	
389.999978168337	69180	0	
388.999979450107	69196	0	
387.999975752101	69132	0	
386.99997703387	69164	0	
385.99997831564	69180	0	
384.999979597409	69200	0	
383.999975899403	69164	0	
382.999977181173	69216	0	
381.999978462942	69164	0	
380.999979744712	69168	0	
379.999976046706	69152	0	
378.999977328475	69168	0	
377.999978610245	69168	0	
376.999979892014	69196	0	
375.999976194008	69168	0	
374.999977475778	69148	0	
373.999978757547	69132	0	
372.999980039317	69180	0	
371.999976341311	69132	0	
370.99997762308	69180	0	
369.99997890485	69132	0	
368.999975206844	69148	0	
367.999976488613	69164	0	
366.999977770383	69152	0	
365.999979052152	69136	0	
364.999975354146	69136	0	
363.999976635916	69136	0	
362.999977917685	69152	0	
361.999979199455	69148	0	
360.999975501449	69184	0	
359.999976783218	69136	0	
358.999978064988	69152	0	
357.999979346758	69152	0	
356.999975648751	69152	0	
355.999976930521	69196	0	
354.999978212291	69148	0	
353.99997949406	69168	0	
352.999975796054	69164	0	
351.999977077824	69180	0	
350.999978359593	69216	0	
349.999979641363	69152	0	
348.999975943357	69148	0	
347.999977225126	69164	0	
346.999978506896	69180	0	
345.999979788665	69164	0	
344.999976090659	69136	0	
343.999977372429	69180	0	
342.999978654198	69168	0	
341.999979935968	69148	0	
340.999976237962	69164	0	
339.999977519731	69184	0	
338.999978801501	69168	0	
337.999975103495	69168	0	
336.999976385264	69152	0	
335.999977667034	69168	0	
334.999978948803	69184	0	
333.999980230573	69136	0	
332.999981512342	69164	0	
331.999982794112	69164	0	
330.999984075882	69196	0	
329.999980377875	69168	0	
328.999981659645	69180	0	
327.999982941415	69148	0	
326.999984223184	69180	0	
325.999980525178	69164	0	
324.999981806948	69164	0	
323.999983088717	69168	0	
322.999984370487	69164	0	
321.999980672481	69164	0	
320.99998195425	69180	0	
319.99998323602	69168	0	
318.999984517789	69148	0	
317.999980819783	69184	0	
316.999982101553	69168	0	
315.999983383322	69184	0	
314.999984665092	69168	0	
313.999980967086	69168	0	
312.999982248855	69168	0	
311.999983530625	69212	0	
310.999984812394	69148	0	
309.999981114388	69164	0	
308.999982396158	69148	0	
307.999983677927	69152	0	
306.999984959697	69164	0	
305.999981261691	69196	0	
304.99998254346	69152	0	
303.99998382523	69168	0	
302.999980127224	69168	0	
301.999981408993	69196	0	
300.999982690763	69164	0	
299.999983972532	69180	0	
298.999980274526	69148	0	
297.999981556296	69180	0	
296.999982838065	69200	0	
295.999984119835	69164	0	
294.999980421829	69148	0	
293.999981703598	69164	0	
292.999982985368	69180	0	
291.999984267138	69168	0	
290.999980569131	69180	0	
289.999981850901	69164	0	
288.999983132671	69152	0	
287.99998441444	69196	0	
286.999980716434	69168	0	
285.999981998204	69180	0	
284.999983279973	69212	0	
283.999984561743	69168	0	
282.999980863737	69168	0	
281.999982145506	69148	0	
280.999983427276	69180	0	
279.999984709045	69212	0	
278.999981011039	69136	0	
277.999982292809	69180	0	
276.999983574578	69180	0	
275.999984856348	69196	0	
274.999981158342	69212	0	
273.999982440111	69168	0	
272.999983721881	69168	0	
271.99998500365	69180	0	
270.999981305644	69152	0	
269.999982587414	69168	0	
268.999983869183	69168	0	
267.999980171177	69180	0	
266.999981452947	69180	0	
265.999982734716	69180	0	
264.999984016486	69200	0	
263.99998031848	69168	0	
262.999981600249	69168	0	
261.999982882019	69180	0	
260.999984163789	69180	0	
259.999980465782	69184	0	
258.999981747552	69184	0	
257.999983029321	69164	0	
256.999984311091	69168	0	
255.999980613085	69136	0	
254.999981894854	69196	0	
253.999983176624	69196	0	
252.999984458394	69136	0	
251.999980760387	69212	0	
250.999982042157	69168	0	
249.999988303702	69148	0	
248.999989585472	69152	0	
247.999985887466	69180	0	
246.999987169235	69148	0	
245.999988451005	69184	0	
244.999989732774	69164	0	
243.999986034768	69212	0	
242.999987316538	69200	0	
241.999988598307	69184	0	
240.999989880077	69180	0	
239.999986182071	69168	0	
238.99998746384	69164	0	
237.99998874561	69184	0	
236.99999002738	69212	0	
235.999986329373	69200	0	
234.999987611143	69184	0	
233.999988892913	69132	0	
232.999985194906	69196	0	
231.999986476676	69164	0	
230.999987758446	69168	0	
229.999989040215	69164	0	
228.999985342209	69184	0	
227.999986623979	69152	0	
226.999987905748	69180	0	
225.999989187518	69180	0	
224.999985489511	69180	0	
223.999986771281	69164	0	
222.999988053051	69200	0	
221.99998933482	69196	0	
220.999985636814	69184	0	
219.999986918584	69212	0	
218.999988200353	69152	0	
217.999989482123	69196	0	
216.999985784117	69168	0	
215.999987065886	69196	0	
214.999988347656	69184	0	
213.999989629425	69168	0	
212.999985931419	69228	0	
211.999987213189	69168	0	
210.999988494958	69168	0	
209.999989776728	69168	0	
208.999986078722	69168	0	
207.999987360491	69168	0	
206.999988642261	69148	0	
205.99998992403	69152	0	
204.999986226024	69184	0	
203.999987507794	69200	0	
202.999988789563	69196	0	
201.999985091557	69180	0	
200.999986373327	69184	0	
199.999987655096	69168	0	
198.999988936866	69152	0	
197.99998523886	69184	0	
196.999986520629	69180	0	
195.999987802399	69196	0	
194.999989084169	69164	0	
193.999985386162	69212	0	
192.999986667932	69180	0	
191.999987949702	69196	0	
190.999989231471	69196	0	
189.999985533465	69180	0	
188.999986815235	69184	0	
187.999988097004	69136	0	
186.999989378774	69196	0	
185.999985680768	69184	0	
184.999986962537	69180	0	
183.999988244307	69148	0	
182.999989526076	69180	0	
181.99998582807	69196	0	
180.99998710984	69168	0	
179.999988391609	69136	0	
178.999989673379	69180	0	
177.999985975373	69196	0	
176.999987257142	69180	0	
175.999988538912	69200	0	
174.999989820681	69136	0	
173.999986122675	69148	0	
172.999987404445	69184	0	
171.999988686214	69180	0	
170.999989967984	69164	0	
169.999986269978	69180	0	
168.999987551747	69200	0	
167.999988833517	69184	0	
166.999990115286	69180	0	
165.999991397056	69196	0	
164.999992678826	69148	0	
163.999993960595	69164	0	
162.999990262589	69164	0	
161.999991544359	69164	0	
160.999992826128	69180	0	
159.999994107898	69164	0	
158.999990409892	69168	0	
157.999991691661	69184	0	
156.999992973431	69136	0	
155.9999942552	69184	0	
154.999990557194	69152	0	
153.999991838964	69228	0	
152.999993120733	69180	0	
151.999994402503	69200	0	
150.999990704497	69184	0	
149.999991986266	69136	0	
148.999993268036	69120	0	
147.999994549805	69212	0	
146.999990851799	69168	0	
145.999992133569	69168	0	
144.999993415338	69136	0	
143.999994697108	69180	0	
142.999990999102	69196	0	
141.999992280871	69196	0	
140.999993562641	69164	0	
139.99999484441	69196	0	
138.999991146404	69180	0	
137.999992428174	69148	0	
136.999993709943	69180	0	
135.999994991713	69200	0	
134.999991293707	69164	0	
133.999992575476	69180	0	
132.999993857246	69180	0	
131.99999015924	69184	0	
130.999991441009	69152	0	
129.999992722779	69196	0	
128.999994004549	69184	0	
127.999990306542	69164	0	
126.999991588312	69168	0	
125.999992870082	69196	0	
124.999994151851	69184	0	
123.999990453845	69180	0	
122.999991735615	69136	0	
121.999993017384	69168	0	
120.999994299154	69184	0	
119.999990601148	69164	0	
118.999991882917	69212	0	
117.999993164687	69164	0	
116.999994446456	69168	0	
115.99999074845	69148	0	
114.99999203022	69180	0	
113.999993311989	69168	0	
112.999994593759	69212	0	
111.999990895753	69148	0	
110.999992177522	69168	0	
109.999993459292	69136	0	
108.999994741061	69164	0	
107.999991043055	69120	0	
106.999992324825	69212	0	
105.999993606594	69184	0	
104.999994888364	69164	0	
103.999991190358	69180	0	
102.999992472127	69168	0	
101.999993753897	69184	0	
100.999990055891	69196	0	
99.9999913376603	69180	0	
98.9999926194299	69180	0	
97.9999939011995	69164	0	
96.9999902031933	69164	0	
95.9999914849629	69200	0	
94.9999927667325	69200	0	
93.999994048502	69196	0	
92.9999903504959	69168	0	
91.9999916322655	69168	0	
90.999992914035	69180	0	
89.9999941958046	69152	0	
88.9999904977985	69184	0	
87.999991779568	69152	0	
86.9999930613376	69180	0	
85.9999943431072	69164	0	
84.999990645101	69164	0	
83.9999919268706	69152	0	
82.9999981884159	69180	0	
81.9999994701854	69184	0	
80.9999957721793	69168	0	
79.9999970539488	69168	0	
78.9999983357184	69164	0	
77.999999617488	69212	0	
76.9999959194818	69180	0	
75.9999972012514	69148	0	
74.999998483021	69164	0	
73.9999997647905	69148	0	
72.9999960667844	69152	0	
71.999997348554	69164	0	
70.9999986303235	69180	0	
69.9999999120931	69148	0	
68.9999962140869	69168	0	
67.9999974958565	69184	0	
66.9999987776261	69184	0	
65.99999507962	69200	0	
64.9999963613895	69196	0	
63.9999976431591	69164	0	
62.9999989249286	69216	0	
61.9999952269225	69180	0	
60.9999965086921	69168	0	
59.9999977904616	69168	0	
58.9999990722312	69164	0	
57.9999953742251	69152	0	
56.9999966559946	69168	0	
55.9999979377642	69152	0	
54.9999992195338	69184	0	
53.9999955215276	69184	0	
52.9999968032972	69164	0	
51.9999980850668	69132	0	
50.9999993668363	69184	0	
49.9999956688302	69180	0	
48.9999969505997	69168	0	
47.9999982323693	69148	0	
46.9999995141389	69152	0	
45.9999958161327	69184	0	
44.9999970979023	69180	0	
43.9999983796719	69168	0	
42.9999996614414	69152	0	
41.9999959634353	69148	0	
40.9999972452049	69180	0	
39.9999985269744	69152	0	
38.999999808744	69180	0	
37.9999961107379	69164	0	
36.9999973925074	69180	0	
35.999998674277	69164	0	
34.9999999560465	69164	0	
33.9999962580404	69168	0	
32.99999753981	69196	0	
31.9999988215795	69196	0	
30.9999951235734	69168	0	
29.999996405343	69196	0	
28.9999976871125	69148	0	
27.9999989688821	69216	0	
26.999995270876	69164	0	
25.9999965526455	69152	0	
24.9999978344151	69152	0	
23.9999991161847	69168	0	
22.9999954181785	69196	0	
21.9999966999481	69216	0	
20.9999979817176	69180	0	
19.9999992634872	69136	0	
18.9999955654811	69164	0	
17.9999968472506	69184	0	
16.9999981290202	69152	0	
15.9999994107898	69168	0	
14.9999957127836	69164	0	
13.9999969945532	69180	0	
12.9999982763228	69180	0	
11.9999995580923	69152	0	
10.9999958600862	69196	0	
9.99999714185575	69196	0	
8.99999842362532	69152	0	
7.99999970539488	69180	0	
6.99999600738875	69152	0	
5.99999728915831	69216	0	
4.99999857092788	69184	0	
3.99999985269744	69152	0	
2.99999615469131	69148	0	
1.99999743646087	69164	0	
0.999998718230435	69180	0	
0	69152	0	
4094.99975582821	69152	39462	
4093.99975213021	69152	39450	
4092.99975839175	69216	39439	
4091.99975967352	69196	39427	
4090.99976095529	69152	39416	
4089.99975725728	69164	39404	
4088.99975853905	69168	39393	
4087.99975982082	69180	39381	
4086.99975612282	69152	39370	
4085.99975740459	69200	39359	
4084.99975868636	69196	39347	
4083.99975996813	69152	39336	
4082.99975627012	69180	39324	
4081.99975755189	69168	39313	
4080.99975883366	69200	39301	
4079.99976011543	69152	39290	
4078.99975641742	69180	39278	
4077.99975769919	69164	39267	
4076.99975898096	69196	39255	
4075.99976026273	69152	39244	
4074.99975656473	69180	39232	
4073.99975784649	69168	39221	
4072.99975912826	69200	39209	
4071.99976041003	69196	39198	
4070.99975671203	69196	39186	
4069.9997579938	69184	39175	
4068.99975927557	69152	39164	
4067.99976055734	69168	39152	
4066.99975685933	69184	39141	
4065.9997581411	69168	39129	
4064.99975942287	69180	39118	
4063.99976070464	69152	39106	
4062.99975700663	69168	39095	
4061.9997582884	69180	39083	
4060.99975957017	69136	39072	
4059.99976085194	69200	39060	
4058.99975715394	69164	39049	
4057.9997584357	69152	39037	
4056.99975971747	69148	39026	
4055.99975601947	69164	39014	
4054.99975730124	69148	39003	
4053.99975858301	69120	38991	
4052.99975986478	69196	38980	
4051.99975616677	69148	38969	
4050.99975744854	69168	38957	
4049.99975873031	69212	38946	
4048.99976001208	69168	38934	
4047.99975631407	69180	38923	
4046.99975759584	69164	38911	
4045.99975887761	69164	38900	
4044.99976015938	69180	38888	
4043.99975646138	69152	38877	
4042.99975774315	69168	38865	
4041.99975902492	69180	38854	
4040.99976030668	69152	38842	
4039.99975660868	69164	38831	
4038.99975789045	69180	38819	
4037.99975917222	69184	38808	
4036.99976045399	69212	38797	
4035.99975675598	69196	38785	
4034.99975803775	69152	38774	
4033.99975931952	69196	38762	
4032.99976060129	69180	38751	
4031.99975690328	69152	38739	
4030.99975818505	69164	38728	
4029.99975946682	69184	38716	
4028.99976074859	69184	38705	
4027.99975705059	69168	38693	
4026.99975833236	69148	38682	
4025.99975961413	69180	38670	
4024.99976089589	69132	38659	
4023.99975719789	69168	38647	
4022.99975847966	69168	38636	
4021.99975976143	69184	38625	
4020.99975606342	69152	38613	
4019.99975734519	69184	38602	
4018.99975862696	69180	38590	
4017.99975990873	69164	38579	
4016.99975621072	69180	38567	
4015.99975749249	69184	38556	
4014.99975877426	69164	38544	
4013.99976005603	69164	38533	
4012.99975635803	69168	38521	
4011.9997576398	69168	38510	
4010.99975892157	69164	38498	
4009.99976518311	69184	38487	
4008.99976148511	69152	38476	
4007.99976276687	69212	38464	
4006.99976404864	69168	38453	
4005.99976533041	69216	38441	
4004.99976163241	69164	38430	
4003.99976291418	69168	38418	
4002.99976419595	69168	38407	
4001.99976547772	69152	38395	
4000.99976177971	69168	38384	
3999.99976306148	69152	38372	
3998.99976434325	69164	38361	
3997.99976562502	69136	38349	
3996.99976192701	69152	38338	
3995.99976320878	69212	38326	
3994.99976449055	69196	38315	
3993.99976577232	69132	38304	
3992.99976207432	69136	38292	
3991.99976335608	69180	38281	
3990.99976463785	69180	38269	
3989.99976591962	69164	38258	
3988.99976222162	69164	38246	
3987.99976350339	69168	38235	
3986.99976478516	69180	38223	
3985.99976108715	69148	38212	
3984.99976236892	69180	38200	
3983.99976365069	69196	38189	
3982.99976493246	69148	38178	
3981.99976123445	69164	38166	
3980.99976251622	69180	38155	
3979.99976379799	69120	38143	
3978.99976507976	69136	38132	
3977.99976138176	69180	38120	
3976.99976266353	69196	38109	
3975.99976394529	69168	38097	
3974.99976522706	69184	38086	
3973.99976152906	69180	38074	
3972.99976281083	69164	38063	
3971.9997640926	69184	38051	
3970.99976537437	69180	38040	
3969.99976167636	69196	38029	
3968.99976295813	69196	38017	
3967.9997642399	69132	38006	
3966.99976552167	69136	37994	
3965.99976182366	69212	37983	
3964.99976310543	69180	37971	
3963.9997643872	69180	37960	
3962.99976566897	69148	37948	
3961.99976197097	69168	37937	
3960.99976325274	69184	37925	
3959.99976453451	69168	37914	
3958.99976581627	69196	37902	
3957.99976211827	69168	37891	
3956.99976340004	69168	37880	
3955.99976468181	69152	37868	
3954.9997609838	69164	37857	
3953.99976226557	69200	37845	
3952.99976354734	69168	37834	
3951.99976482911	69184	37822	
3950.9997611311	69180	37811	
3949.99976241287	69136	37799	
3948.99976369464	69152	37788	
3947.99976497641	69136	37776	
3946.99976127841	69168	37765	
3945.99976256018	69184	37754	
3944.99976384195	69168	37742	
3943.99976512372	69136	37731	
3942.99976142571	69180	37719	
3941.99976270748	69180	37708	
3940.99976398925	69136	37696	
3939.99976527102	69168	37685	
3938.99976157301	69148	37673	
3937.99976285478	69152	37662	
3936.99976413655	69196	37650	
3935.99976541832	69168	37639	
3934.99976172031	69120	37628	
3933.99976300208	69168	37616	
3932.99976428385	69152	37605	
3931.99976556562	69136	37593	
3930.99976186762	69152	37582	
3929.99976314939	69196	37570	
3928.99976443116	69212	37559	
3927.99976571293	69200	37547	
3926.99976201492	69180	37536	
3925.99976827646	69196	37524	
3924.99976955823	69152	37513	
3923.99977084	69168	37502	
3922.999767142	69168	37490	
3921.99976842377	69168	37479	
3920.99976970554	69184	37467	
3919.99976600753	69184	37456	
3918.9997672893	69164	37444	
3917.99976857107	69152	37433	
3916.99976985284	69168	37421	
3915.99976615483	69200	37410	
3914.9997674366	69168	37398	
3913.99976871837	69168	37387	
3912.99977000014	69168	37376	
3911.99976630214	69200	37364	
3910.99976758391	69180	37353	
3909.99976886567	69184	37341	
3908.99977014744	69168	37330	
3907.99976644944	69148	37318	
3906.99976773121	69164	37307	
3905.99976901298	69168	37295	
3904.99977029475	69152	37284	
3903.99976659674	69164	37272	
3902.99976787851	69180	37261	
3901.99976916028	69168	37250	
3900.99977044205	69168	37238	
3899.99976674404	69184	37227	
3898.99976802581	69184	37215	
3897.99976930758	69180	37204	
3896.99977058935	69180	37192	
3895.99976689135	69164	37181	
3894.99976817312	69180	37169	
3893.99976945489	69164	37158	
3892.99977073665	69168	37147	
3891.99976703865	69200	37135	
3890.99976832042	69168	37124	
3889.99976960219	69200	37112	
3888.99977088396	69184	37101	
3887.99976718595	69184	37089	
3886.99976846772	69180	37078	
3885.99976974949	69168	37066	
3884.99976605148	69148	37055	
3883.99976733325	69164	37043	
3882.99976861502	69196	37032	
3881.99976989679	69184	37021	
3880.99976619879	69180	37009	
3879.99976748056	69180	36998	
3878.99976876233	69164	36986	
3877.9997700441	69200	36975	
3876.99976634609	69168	36963	
3875.99976762786	69184	36952	
3874.99976890963	69196	36940	
3873.9997701914	69184	36929	
3872.99976649339	69200	36918	
3871.99976777516	69184	36906	
3870.99976905693	69152	36895	
3869.9997703387	69184	36883	
3868.99976664069	69152	36872	
3867.99976792246	69164	36860	
3866.99976920423	69136	36849	
3865.999770486	69200	36837	
3864.999766788	69148	36826	
3863.99976806977	69196	36815	
3862.99976935154	69200	36803	
3861.99977063331	69164	36792	
3860.9997669353	69168	36780	
3859.99976821707	69168	36769	
3858.99976949884	69200	36757	
3857.99977078061	69184	36746	
3856.9997670826	69152	36734	
3855.99976836437	69152	36723	
3854.99976964614	69180	36712	
3853.99977092791	69148	36700	
3852.9997672299	69152	36689	
3851.99976851167	69180	36677	
3850.99976979344	69164	36666	
3849.99976609544	69200	36654	
3848.99976737721	69152	36643	
3847.99976865898	69152	36631	
3846.99976994075	69184	36620	
3845.99976624274	69164	36609	
3844.99976752451	69136	36597	
3843.99976880628	69184	36586	
3842.99977506782	69164	36574	
3841.99977136982	69164	36563	
3840.99977265159	69164	36551	
3839.99977393336	69196	36540	
3838.99977521513	69180	36528	
3837.99977151712	69180	36517	
3836.99977279889	69184	36506	
3835.99977408066	69196	36494	
3834.99977536243	69200	36483	
3833.99977166442	69152	36471	
3832.99977294619	69180	36460	
3831.99977422796	69216	36448	
3830.99977550973	69180	36437	
3829.99977181173	69168	36425	
3828.9997730935	69168	36414	
3827.99977437527	69168	36403	
3826.99977565703	69152	36391	
3825.99977195903	69180	36380	
3824.9997732408	69180	36368	
3823.99977452257	69200	36357	
3822.99977580434	69164	36345	
3821.99977210633	69184	36334	
3820.9997733881	69168	36322	
3819.99977466987	69164	36311	
3818.99977097186	69164	36300	
3817.99977225363	69196	36288	
3816.9997735354	69200	36277	
3815.99977481717	69136	36265	
3814.99977111917	69164	36254	
3813.99977240094	69164	36242	
3812.99977368271	69164	36231	
3811.99977496448	69180	36219	
3810.99977126647	69180	36208	
3809.99977254824	69168	36197	
3808.99977383001	69136	36185	
3807.99977511178	69168	36174	
3806.99977141377	69168	36162	
3805.99977269554	69168	36151	
3804.99977397731	69148	36139	
3803.99977525908	69184	36128	
3802.99977156107	69184	36116	
3801.99977284284	69136	36105	
3800.99977412461	69120	36094	
3799.99977540638	69164	36082	
3798.99977170838	69136	36071	
3797.99977299015	69180	36059	
3796.99977427192	69180	36048	
3795.99977555369	69148	36036	
3794.99977185568	69148	36025	
3793.99977313745	69164	36014	
3792.99977441922	69180	36002	
3791.99977570099	69136	35991	
3790.99977200298	69180	35979	
3789.99977328475	69164	35968	
3788.99977456652	69168	35956	
3787.99977584829	69152	35945	
3786.99977215028	69168	35933	
3785.99977343205	69164	35922	
3784.99977471382	69164	35911	
3783.99977101582	69168	35899	
3782.99977229759	69180	35888	
3781.99977357936	69196	35876	
3780.99977486113	69152	35865	
3779.99977116312	69164	35853	
3778.99977244489	69148	35842	
3777.99977372666	69164	35830	
3776.99977500843	69164	35819	
3775.99977131042	69212	35808	
3774.99977259219	69168	35796	
3773.99977387396	69200	35785	
3772.99977515573	69164	35773	
3771.99977145773	69168	35762	
3770.99977273949	69184	35750	
3769.99977402126	69180	35739	
3768.99977530303	69184	35728	
3767.99977160503	69164	35716	
3766.9997728868	69152	35705	
3765.99977416857	69212	35693	
3764.99977545034	69168	35682	
3763.99977175233	69216	35670	
3762.9997730341	69180	35659	
3761.99977431587	69168	35647	
3760.99977559764	69180	35636	
3759.99977189963	69168	35625	
3758.99977816118	69168	35613	
3757.99977944295	69168	35602	
3756.99978072472	69168	35590	
3755.99977702671	69148	35579	
3754.99977830848	69152	35567	
3753.99977959025	69164	35556	
3752.99978087202	69152	35545	
3751.99977717401	69184	35533	
3750.99977845578	69184	35522	
3749.99977973755	69180	35510	
3748.99977603955	69152	35499	
3747.99977732132	69148	35487	
3746.99977860309	69152	35476	
3745.99977988486	69152	35465	
3744.99977618685	69184	35453	
3743.99977746862	69164	35442	
3742.99977875039	69148	35430	
3741.99978003216	69180	35419	
3740.99977633415	69168	35407	
3739.99977761592	69180	35396	
3738.99977889769	69164	35384	
3737.99978017946	69168	35373	
3736.99977648145	69168	35362	
3735.99977776322	69168	35350	
3734.99977904499	69180	35339	
3733.99978032676	69152	35327	
3732.99977662876	69180	35316	
3731.99977791053	69168	35304	
3730.9997791923	69180	35293	
3729.99978047407	69196	35282	
3728.99977677606	69184	35270	
3727.99977805783	69148	35259	
3726.9997793396	69136	35247	
3725.99978062137	69168	35236	
3724.99977692336	69200	35224	
3723.99977820513	69212	35213	
3722.9997794869	69152	35202	
3721.99978076867	69148	35190	
3720.99977707067	69180	35179	
3719.99977835243	69180	35167	
3718.9997796342	69148	35156	
3717.9997759362	69152	35144	
3716.99977721797	69180	35133	
3715.99977849974	69168	35122	
3714.99977978151	69180	35110	
3713.9997760835	69184	35099	
3712.99977736527	69148	35087	
3711.99977864704	69168	35076	
3710.99977992881	69184	35064	
3709.9997762308	69196	35053	
3708.99977751257	69164	35042	
3707.99977879434	69164	35030	
3706.99978007611	69196	35019	
3705.99977637811	69164	35007	
3704.99977765988	69168	34996	
3703.99977894164	69132	34984	
3702.99978022341	69180	34973	
3701.99977652541	69184	34962	
3700.99977780718	69152	34950	
3699.99977908895	69196	34939	
3698.99978037072	69168	34927	
3697.99977667271	69148	34916	
3696.99977795448	69148	34904	
3695.99977923625	69168	34893	
3694.99978051802	69180	34881	
3693.99977682001	69184	34870	
3692.99977810178	69164	34859	
3691.99977938355	69212	34847	
3690.99978066532	69184	34836	
3689.99977696732	69180	34824	
3688.99977824909	69164	34813	
3687.99977953086	69164	34801	
3686.99978081262	69152	34790	
3685.99977711462	69164	34779	
3684.99977839639	69168	34767	
3683.99977967816	69180	34756	
3682.99977598015	69152	34744	
3681.99977726192	69164	34733	
3680.99977854369	69164	34721	
3679.99977982546	69168	34710	
3678.99977612745	69196	34699	
3677.99977740922	69196	34687	
3676.99977869099	69164	34676	
3675.99978495254	69180	34664	
3674.99978125453	69132	34653	
3673.9997825363	69180	34641	
3672.99978381807	69200	34630	
3671.99978509984	69152	34619	
3670.99978140183	69168	34607	
3669.9997826836	69152	34596	
3668.99978396537	69152	34584	
3667.99978524714	69164	34573	
3666.99978154914	69132	34562	
3665.99978283091	69200	34550	
3664.99978411268	69184	34539	
3663.99978539445	69180	34527	
3662.99978169644	69180	34516	
3661.99978297821	69148	34504	
3660.99978425998	69200	34493	
3659.99978554175	69148	34482	
3658.99978184374	69184	34470	
3657.99978312551	69180	34459	
3656.99978440728	69168	34447	
3655.99978568905	69136	34436	
3654.99978199105	69168	34424	
3653.99978327281	69168	34413	
3652.99978455458	69180	34402	
3651.99978583635	69152	34390	
3650.99978213835	69180	34379	
3649.99978342012	69116	34367	
3648.99978470189	69152	34356	
3647.99978100388	69148	34344	
3646.99978228565	69168	34333	
3645.99978356742	69136	34322	
3644.99978484919	69152	34310	
3643.99978115118	69164	34299	
3642.99978243295	69164	34287	
3641.99978371472	69132	34276	
3640.99978499649	69136	34264	
3639.99978129849	69132	34253	
3638.99978258026	69152	34242	
3637.99978386202	69184	34230	
3636.99978514379	69136	34219	
3635.99978144579	69152	34207	
3634.99978272756	69116	34196	
3633.99978400933	69164	34184	
3632.9997852911	69168	34173	
3631.99978159309	69196	34162	
3630.99978287486	69164	34150	
3629.99978415663	69136	34139	
3628.9997854384	69136	34127	
3627.99978174039	69168	34116	
3626.99978302216	69120	34105	
3625.99978430393	69196	34093	
3624.9997855857	69184	34082	
3623.9997818877	69168	34070	
3622.99978316947	69164	34059	
3621.99978445124	69180	34047	
3620.999785733	69184	34036	
3619.999782035	69148	34025	
3618.99978331677	69148	34013	
3617.99978459854	69168	34002	
9.99999714185575	69152	0	
19.9999992634872	69132	0	
29.999996405343	69116	0	
39.9999985269744	69132	0	
49.9999956688302	69136	0	
59.9999977904616	69148	0	
69.9999999120931	69120	0	
79.9999970539488	69136	0	
89.9999941958046	69132	0	
99.9999913376603	69132	0	
109.999993459292	69164	0	
119.999990601148	69088	0	
129.999992722779	69120	0	
139.99999484441	69136	0	
149.999991986266	69168	0	
159.999994107898	69148	0	
169.999986269978	69152	0	
179.999988391609	69148	0	
189.999985533465	69132	0	
199.999987655096	69132	0	
209.999989776728	69152	107	
219.999986918584	69120	280	
229.999989040215	69132	453	
239.999986182071	69132	625	
249.999988303702	69136	797	
259.999980465782	69168	969	
269.999982587414	69132	1141	
279.999984709045	69132	1313	
289.999981850901	69120	1484	
299.999983972532	69148	1655	
309.999981114388	69164	1826	
319.99998323602	69136	1997	
329.999980377875	69136	2168	
339.999977519731	69152	2338	
349.999979641363	69164	2509	
359.999976783218	69164	2679	
369.99997890485	69164	2849	
379.999976046706	69132	3018	
389.999978168337	69120	3188	
399.999975310193	69148	3357	
409.999977431824	69104	3526	
419.99997457368	69164	3695	
429.999971715536	69148	3864	
439.999973837167	69164	4033	
449.999970979023	69120	4201	
459.999973100654	69152	4370	
469.99997024251	69132	4538	
479.999972364142	69152	4706	
489.999974485773	69152	4873	
499.999971627629	69116	5041	
509.999968769485	69148	5208	
519.99996591134	69100	5376	
529.999968032972	69164	5543	
539.999965174828	69148	5710	
549.999967296459	69148	5876	
559.99996941809	69120	6043	
569.999966559946	69104	6209	
579.999968681578	69132	6376	
589.999960843658	69152	6542	
599.999962965289	69148	6707	
609.999965086921	69120	6873	
619.999962228776	69132	7039	
629.999964350408	69152	7204	
639.999961492264	69152	7368	
649.999963613895	69152	7532	
659.999960755751	69148	7695	
669.999957897607	69148	7857	
679.999960019238	69132	8020	
689.999957161094	69148	8181	
699.999959282725	69168	8342	
709.999956424581	69132	8503	
719.999958546213	69120	8663	
729.999955688068	69148	8822	
739.9999578097	69120	8981	
749.999959931331	69148	9140	
759.999952093411	69164	9298	
769.999954215043	69104	9456	
779.999951356898	69088	9613	
789.99995347853	69136	9769	
799.999950620386	69164	9926	
809.999952742017	69148	10082	
819.999954863649	69136	10237	
829.999952005504	69120	10392	
839.99994914736	69148	10547	
849.999946289216	69180	10701	
859.999948410847	69148	10855	
869.999945552703	69152	11008	
879.999947674335	69152	11161	
889.999949795966	69180	11314	
899.999946937822	69120	11466	
909.999949059453	69148	11618	
919.999941221533	69116	11769	
929.999943343165	69132	11920	
939.99994048502	69136	12071	
949.999942606652	69136	12221	
959.999944728283	69120	12372	
969.999941870139	69116	12521	
979.999943991771	69132	12671	
989.999941133626	69120	12820	
999.999943255258	69152	12968	
1009.99993541734	69132	13117	
999.999943255258	69116	12946	
989.999941133626	69120	12775	
979.999943991771	69136	12604	
969.999941870139	69116	12433	
959.999944728283	69164	12263	
949.999942606652	69152	12093	
939.99994048502	69132	11923	
929.999943343165	69116	11753	
919.999941221533	69148	11583	
909.999949059453	69148	11414	
899.999946937822	69136	11244	
889.999949795966	69152	11075	
879.999947674335	69132	10906	
869.999945552703	69136	10737	
859.999948410847	69132	10569	
849.999946289216	69132	10400	
839.99994914736	69148	10232	
829.999952005504	69120	10064	
819.999954863649	69148	9896	
809.999952742017	69152	9729	
799.999950620386	69148	9561	
789.99995347853	69164	9394	
779.999951356898	69136	9226	
769.999954215043	69168	9059	
759.999952093411	69132	8893	
749.999959931331	69136	8726	
739.9999578097	69168	8559	
729.999955688068	69132	8393	
719.999958546213	69132	8227	
709.999956424581	69116	8061	
699.999959282725	69148	7895	
689.999957161094	69116	7729	
679.999960019238	69152	7564	
669.999957897607	69132	7399	
659.999960755751	69168	7235	
649.999963613895	69136	7071	
639.999961492264	69168	6908	
629.999964350408	69136	6746	
619.999962228776	69132	6584	
609.999965086921	69104	6423	
599.999962965289	69152	6262	
589.999960843658	69120	6101	
579.999968681578	69116	5941	
569.999966559946	69168	5782	
559.99996941809	69120	5623	
549.999967296459	69136	5465	
539.999965174828	69116	5307	
529.999968032972	69152	5149	
519.99996591134	69132	4992	
509.999968769485	69120	4835	
499.999971627629	69136	4679	
489.999974485773	69116	4524	
479.999972364142	69116	4368	
469.99997024251	69120	4213	
459.999973100654	69148	4059	
449.999970979023	69120	3905	
439.999973837167	69164	3751	
429.999971715536	69120	3598	
419.99997457368	69148	3445	
409.999977431824	69148	3292	
399.999975310193	69120	3140	
389.999978168337	69164	2989	
379.999976046706	69152	2837	
369.99997890485	69136	2686	
359.999976783218	69120	2535	
349.999979641363	69136	2385	
339.999977519731	69148	2235	
329.999980377875	69168	2086	
319.99998323602	69148	1936	
309.999981114388	69152	1787	
299.999983972532	69136	1639	
289.999981850901	69116	1490	
279.999984709045	69088	1342	
269.999982587414	69120	1195	
259.999980465782	69180	1047	
249.999988303702	69116	900	
239.999986182071	69136	754	
229.999989040215	69116	607	
219.999986918584	69136	461	
209.999989776728	69132	315	
199.999987655096	69152	170	
189.999985533465	69120	24	
179.999988391609	69104	0	
169.999986269978	69120	0	
159.999994107898	69120	0	
149.999991986266	69136	0	
139.99999484441	69120	0	
129.999992722779	69148	0	
119.999990601148	69132	0	
109.999993459292	69120	0	
99.9999913376603	69120	0	
89.9999941958046	69136	0	
79.9999970539488	69136	0	
69.9999999120931	69132	0	
59.9999977904616	69168	0	
49.9999956688302	69132	0	
39.9999985269744	69148	0	
29.999996405343	69148	0	
19.9999992634872	69164	0	
9.99999714185575	69148	0	
