0	69184	118845	
0	69136	118656	
0	69152	118467	
0	69180	118279	
0	69152	118091	
0	69152	117903	
0	69120	117715	
0	69152	117528	
0	69180	117341	
0	69180	117155	
0	69152	116968	
0	69148	116782	
0	69212	116596	
0	69196	116411	
0	69180	116225	
0	69168	116041	
0	69180	115856	
0	69212	115671	
0	69180	115487	
0	69164	115303	
0	69164	114024	
0	69184	113842	
0	69196	113660	
0	69196	113479	
0	69164	113298	
0	69168	113117	
0	69136	112937	
0	69184	112756	
0	69184	112576	
0	69164	112396	
0	69200	112217	
0	69152	112037	
0	69152	111858	
0	69180	111680	
0	69148	111501	
0	69152	111323	
0	69184	111144	
0	69164	110966	
0	69164	110789	
0	69184	110611	
0	69168	110434	
0	69168	110257	
0	69180	110080	
0	69136	109904	
0	69164	109727	
0	69180	109551	
0	69152	109375	
0	69136	109200	
0	69152	109024	
0	69184	108849	
0	69180	108674	
0	69184	108499	
0	69180	108324	
0	69180	108150	
0	69184	107976	
0	69196	107802	
0	69148	107628	
0	69168	107455	
0	69168	107281	
0	69168	107108	
0	69164	106935	
0	69184	106762	
0	69184	106590	
0	69184	106417	
0	69148	106245	
0	69148	106073	
0	69168	105901	
0	69184	105730	
0	69180	105558	
0	69148	105387	
0	69148	105216	
0	69148	105045	
0	69136	104875	
0	69164	104704	
0	69184	104534	
0	69200	104364	
0	69152	104194	
0	69180	104024	
0	69180	103855	
0	69164	103686	
0	69184	103516	
0	69136	103347	
0	69132	103179	
0	69168	103010	
0	69184	102842	
0	69168	102673	
0	69196	102505	
0	69152	102337	
0	69152	102169	
0	69136	102002	
0	69180	101834	
0	69168	101667	
0	69132	101500	
0	69164	101333	
0	69180	101167	
0	69136	101000	
0	69180	100834	
0	69196	100667	
0	69184	100501	
0	69184	100335	
0	69164	100170	
0	69196	100004	
0	69164	99839	
0	69168	99675	
0	69152	99512	
0	69164	99348	
0	69168	99186	
0	69184	99024	
0	69184	98862	
0	69184	98701	
0	69180	98541	
0	69180	98381	
0	69168	98221	
0	69168	98062	
0	69180	97904	
0	69196	97746	
0	69184	97588	
0	69164	97431	
0	69216	97274	
0	69164	97118	
0	69196	96962	
0	69136	96807	
0	69148	96652	
0	69136	96497	
0	69136	96343	
0	69168	96189	
0	69152	96036	
0	69168	95883	
0	69152	95730	
0	69164	95578	
0	69168	95426	
0	69148	95275	
0	69196	95124	
0	69148	94973	
0	69152	94823	
0	69168	94673	
0	69168	94523	
0	69164	94374	
0	69196	94225	
0	69136	94076	
0	69136	93928	
0	69184	93779	
0	69148	93632	
0	69180	93484	
0	69200	93337	
0	69152	93190	
0	69164	93044	
0	69116	92898	
0	69168	92752	
0	69180	92606	
0	69180	92461	
0	69148	92316	
0	69180	92171	
0	69164	92027	
0	69184	91882	
0	69180	91738	
0	69164	91595	
0	69180	91451	
0	69180	91308	
0	69196	91165	
0	69200	91022	
0	69164	90880	
0	69148	90738	
0	69212	90596	
0	69196	90454	
0	69184	90313	
0	69164	90172	
0	69152	90031	
0	69148	89890	
0	69184	89749	
0	69196	89609	
0	69196	89469	
0	69164	89329	
0	69200	89189	
0	69200	89050	
0	69148	88911	
0	69168	88772	
0	69184	88633	
0	69184	88494	
0	69168	88356	
0	69164	88218	
0	69180	88080	
0	69200	87942	
0	69168	87805	
0	69168	87667	
0	69168	87530	
0	69180	87393	
0	69212	87256	
0	69136	87120	
0	69164	86983	
0	69180	86847	
0	69164	86711	
0	69180	86575	
0	69168	86439	
0	69168	86304	
0	69152	86168	
0	69164	86033	
0	69168	85898	
0	69168	85763	
0	69168	85628	
0	69196	85494	
0	69148	85359	
0	69164	85225	
0	69184	85091	
0	69104	84957	
0	69136	84823	
0	69184	84690	
0	69136	84556	
0	69184	84423	
0	69168	84290	
0	69132	84157	
0	69200	84024	
0	69184	83891	
0	69168	83759	
0	69180	83626	
0	69168	83494	
0	69180	83362	
0	69200	83230	
0	69148	83098	
0	69196	82966	
0	69164	82835	
0	69168	82703	
0	69164	82572	
0	69168	82441	
0	69200	82310	
0	69152	82179	
0	69184	82048	
0	69180	81917	
0	69152	81787	
0	69180	81656	
0	69148	81526	
0	69136	81396	
0	69152	81266	
0	69164	81136	
0	69180	81006	
0	69180	80877	
0	69168	80747	
0	69164	80618	
0	69152	80488	
0	69180	80359	
0	69148	80230	
0	69164	80101	
0	69152	79972	
0	69148	79843	
0	69200	79715	
0	69168	79586	
0	69148	79458	
0	69180	79329	
0	69136	79201	
0	69168	79073	
0	69168	78945	
0	69180	78817	
0	69148	78689	
0	69152	78562	
0	69168	78434	
0	69148	78306	
0	69168	78179	
0	69168	78052	
0	69152	77924	
0	69148	77797	
0	69152	77670	
0	69196	77543	
0	69168	77417	
0	69180	77290	
0	69152	77163	
0	69184	77037	
0	69168	76910	
0	69184	76784	
0	69164	76658	
0	69168	76531	
0	69168	76405	
0	69120	76279	
0	69164	76153	
0	69164	76028	
0	69148	75902	
0	69180	75776	
0	69180	75651	
0	69136	75525	
0	69148	75400	
0	69180	75274	
0	69148	75149	
0	69212	75024	
0	69180	74899	
0	69164	74774	
0	69152	74649	
0	69180	74524	
0	69168	74399	
0	69132	74275	
0	69180	74150	
0	69164	74026	
0	69148	73901	
0	69168	73777	
0	69164	73652	
0	69148	73528	
0	69148	73404	
0	69136	73280	
0	69196	73156	
0	69152	73032	
0	69200	72908	
0	69196	72784	
0	69196	72661	
0	69164	72537	
0	69168	72413	
0	69196	72290	
0	69132	72166	
0	69180	72043	
0	69168	71920	
0	69180	71796	
0	69164	71673	
0	69168	71550	
0	69148	71427	
0	69152	71304	
0	69148	71181	
0	69152	71058	
0	69168	70936	
0	69132	70813	
0	69168	70690	
0	69164	70568	
0	69132	70445	
0	69152	70323	
0	69180	70200	
0	69132	70078	
0	69152	69956	
0	69136	69833	
0	69148	69711	
0	69164	69589	
0	69196	69467	
0	69184	69345	
0	69168	69223	
0	69168	69101	
0	69164	68979	
0	69184	68858	
0	69164	68736	
0	69184	68614	
0	69180	68493	
0	69184	68371	
0	69152	68250	
0	69184	68128	
0	69148	68007	
0	69200	67885	
0	69148	67764	
0	69164	67643	
0	69164	67522	
0	69152	67401	
0	69148	67280	
0	69164	67159	
0	69152	67038	
0	69180	66917	
0	69164	66796	
0	69164	66675	
0	69152	66554	
0	69168	66434	
0	69164	66313	
0	69136	66192	
0	69164	66072	
0	69132	65951	
0	69152	65831	
0	69168	65710	
0	69200	65590	
0	69164	65470	
0	69100	65349	
0	69164	65229	
0	69164	65109	
0	69164	64989	
0	69152	64869	
0	69136	64749	
0	69180	64629	
0	69136	64509	
0	69148	64389	
0	69164	64269	
0	69164	64149	
0	69152	64029	
0	69168	63909	
0	69152	63790	
0	69168	63670	
0	69184	63550	
0	69180	63431	
0	69168	63311	
0	69148	63192	
0	69164	63072	
0	69164	62953	
0	69132	62834	
0	69180	62714	
0	69136	62595	
0	69136	62476	
0	69132	62356	
0	69136	62237	
0	69168	62118	
0	69168	61999	
0	69164	61880	
0	69148	61761	
0	69164	61642	
0	69168	61523	
0	69148	61404	
0	69164	61285	
0	69152	61166	
0	69164	61048	
0	69152	60929	
0	69148	60810	
0	69196	60691	
0	69164	60573	
0	69132	60454	
0	69152	60335	
0	69120	60217	
0	69148	60098	
0	69136	59980	
0	69164	59861	
0	69164	59743	
0	69200	59625	
0	69168	59506	
0	69164	59388	
0	69180	59270	
0	69152	59152	
0	69180	59033	
0	69104	58915	
0	69148	58797	
0	69164	58679	
0	69136	58561	
0	69164	58443	
0	69168	58325	
0	69120	58207	
0	69152	58089	
0	69152	57971	
0	69168	57853	
0	69152	57735	
0	69180	57617	
0	69164	57499	
0	69164	57382	
0	69148	57264	
0	69148	57146	
0	69168	57029	
0	69164	56911	
0	69148	56793	
0	69180	56676	
0	69164	56558	
0	69164	56441	
0	69152	56323	
0	69168	56206	
0	69136	56088	
0	69164	55971	
0	69148	55853	
0	69164	55736	
0	69180	55619	
0	69168	55501	
0	69168	55384	
0	69180	55267	
0	69168	55150	
0	69152	55032	
0	69184	54915	
0	69164	54798	
0	69168	54681	
0	69164	54564	
0	69136	54447	
0	69136	54330	
0	69152	54213	
0	69152	54096	
0	69148	53979	
0	69164	53862	
0	69152	53745	
0	69148	53628	
0	69184	53511	
0	69148	53394	
0	69132	53277	
0	69136	53161	
0	69148	53044	
0	69148	52927	
0	69180	52810	
0	69152	52694	
0	69164	52577	
0	69184	52460	
0	69184	52344	
0	69196	52227	
0	69184	52110	
0	69152	51994	
0	69136	51877	
0	69136	51761	
0	69164	51644	
0	69120	51528	
0	69164	51411	
0	69196	51295	
0	69184	51179	
0	69168	51062	
0	69136	50946	
0	69168	50830	
0	69132	50713	
0	69152	50597	
0	69164	50481	
0	69164	50364	
0	69164	50248	
0	69168	50132	
0	69152	50016	
0	69164	49900	
0	69184	49783	
0	69120	49667	
0	69200	49551	
0	69164	49435	
0	69148	49319	
0	69136	49203	
0	69152	49087	
0	69116	48971	
0	69180	48855	
0	69184	48739	
0	69180	48623	
0	69164	48507	
0	69180	48391	
0	69148	48275	
0	69148	48159	
0	69152	48044	
0	69196	47928	
0	69120	47812	
0	69152	47696	
0	69180	47580	
0	69164	47464	
0	69136	47349	
0	69184	47233	
0	69184	47117	
0	69164	47002	
0	69180	46886	
0	69212	46770	
0	69120	46655	
0	69184	46539	
0	69136	46423	
0	69184	46308	
0	69152	46192	
0	69164	46077	
0	69196	45961	
0	69120	45846	
0	69136	45730	
0	69148	45615	
0	69136	45499	
0	69164	45384	
0	69180	45268	
0	69168	45153	
0	69168	45037	
0	69148	44922	
0	69180	44807	
0	69152	44691	
0	69164	44576	
0	69164	44461	
0	69136	44345	
0	69132	44230	
0	69164	44115	
0	69180	43999	
0	69164	43884	
0	69148	43769	
0	69180	43654	
0	69180	43539	
0	69152	43423	
0	69148	43308	
0	69196	43193	
0	69152	43078	
0	69148	42963	
0	69200	42848	
0	69152	42733	
0	69136	42617	
0	69152	42502	
0	69184	42387	
0	69168	42272	
0	69180	42157	
0	69152	42042	
0	69164	41927	
0	69132	41812	
0	69184	41697	
0	69164	41582	
0	69136	41467	
0	69200	41352	
0	69164	41237	
0	69164	41123	
0	69180	41008	
0	69152	40893	
0	69136	40778	
0	69152	40663	
0	69152	40548	
0	69164	40433	
0	69212	40319	
0	69136	40204	
0	69184	40089	
0	69152	39974	
0	69180	39859	
0	69180	39745	
0	69168	39630	
0	69196	39515	
0	69184	39400	
0	69152	39286	
0	69184	39171	
0	69184	39056	
0	69168	38942	
0	69184	38827	
0	69200	38712	
0	69164	38598	
0	69196	38483	
0	69180	38368	
0	69148	38254	
0	69180	38139	
0	69168	38025	
0	69200	37910	
0	69136	37796	
0	69180	37681	
0	69200	37567	
0	69196	37452	
0	69168	37337	
0	69184	37223	
0	69184	37108	
0	69168	36994	
0	69164	36880	
0	69196	36765	
0	69152	36651	
0	69168	36536	
0	69132	36422	
0	69148	36307	
0	69164	36193	
0	69180	36079	
0	69184	35964	
0	69132	35850	
0	69184	35735	
0	69164	35621	
0	69164	35507	
0	69164	35392	
0	69152	35278	
0	69136	35164	
0	69136	35050	
0	69120	34935	
0	69164	34821	
0	69164	34707	
0	69180	34592	
0	69180	34478	
0	69168	34364	
0	69168	34250	
0	69152	34135	
0	69184	34021	
0	69152	33907	
0	69164	33793	
0	69164	33679	
0	69132	33564	
0	69180	33450	
0	69180	33336	
0	69164	33222	
0	69148	33108	
0	69168	32994	
0	69200	32880	
0	69212	32765	
0	69152	32651	
0	69164	32537	
0	69152	32423	
0	69184	32309	
0	69168	32195	
0	69196	32081	
0	69184	31967	
0	69136	31853	
0	69180	31739	
0	69164	31625	
0	69152	31511	
0	69168	31397	
0	69196	31283	
0	69168	31169	
0	69152	31055	
0	69184	30941	
0	69164	30827	
0	69164	30713	
0	69148	30599	
0	69196	30485	
0	69184	30371	
0	69168	30257	
0	69168	30143	
0	69180	30029	
0	69164	29915	
0	69136	29801	
0	69168	29688	
0	69168	29574	
0	69168	29460	
0	69196	29346	
0	69168	29232	
0	69152	29118	
0	69136	29004	
0	69152	28891	
0	69180	28777	
0	69168	28663	
0	69180	28549	
0	69152	28435	
0	69184	28321	
0	69180	28208	
0	69196	28094	
0	69168	27980	
0	69152	27866	
0	69120	27753	
0	69132	27639	
0	69152	27525	
0	69200	27411	
0	69152	27298	
0	69132	27184	
0	69184	27070	
0	69184	26956	
0	69152	26843	
0	69168	26729	
0	69136	26615	
0	69148	26502	
0	69164	26388	
0	69148	26274	
0	69184	26161	
0	69180	26047	
0	69184	25933	
0	69184	25820	
0	69168	25706	
0	69148	25592	
0	69200	25479	
0	69196	25365	
0	69152	25251	
0	69184	25138	
0	69196	25024	
0	69148	24911	
0	69180	24797	
0	69184	24683	
0	69184	24570	
0	69180	24456	
0	69136	24343	
0	69152	24229	
0	69164	24116	
0	69180	24002	
0	69168	23888	
0	69196	23775	
0	69180	23661	
0	69180	23548	
0	69168	23434	
0	69148	23321	
0	69132	23207	
0	69136	23094	
0	69148	22980	
0	69184	22867	
0	69120	22753	
0	69136	22640	
0	69164	22526	
0	69164	22413	
0	69184	22299	
0	69132	22186	
0	69168	22072	
0	69148	21959	
0	69168	21845	
0	69116	21732	
0	69148	21619	
0	69152	21505	
0	69180	21392	
0	69164	21278	
0	69132	21165	
0	69168	21051	
0	69164	20938	
0	69116	20825	
0	69196	20711	
0	69148	20598	
0	69196	20484	
0	69148	20371	
0	69152	20258	
0	69136	20144	
0	69164	20031	
0	69136	19918	
0	69148	19804	
0	69180	19691	
0	69152	19578	
0	69152	19464	
0	69152	19351	
0	69148	19237	
0	69152	19124	
0	69104	19011	
0	69148	18897	
0	69164	18784	
0	69136	18671	
0	69168	18558	
0	69164	18444	
0	69168	18331	
0	69148	18218	
0	69168	18104	
0	69184	17991	
0	69116	17878	
0	69164	17765	
0	69216	17651	
0	69180	17538	
0	69164	17425	
0	69168	17311	
0	69168	17198	
0	69180	17085	
0	69164	16972	
0	69148	16858	
0	69152	16745	
0	69168	16632	
0	69168	16519	
0	69168	16406	
0	69184	16292	
0	69164	16179	
0	69168	16066	
0	69180	15953	
0	69180	15839	
0	69136	15726	
0	69136	15613	
0	69136	15500	
0	69168	15387	
0	69196	15273	
0	69136	15160	
0	69132	15047	
0	69152	14934	
0	69148	14821	
0	69132	14708	
0	69132	14594	
0	69152	14481	
0	69184	14368	
0	69148	14255	
0	69164	14142	
0	69180	14029	
0	69136	13916	
0	69148	13802	
0	69136	13689	
0	69100	13576	
0	69148	13463	
0	69152	13350	
0	69132	13237	
0	69116	13124	
0	69132	13010	
0	69164	12897	
0	69148	12784	
0	69168	12671	
0	69152	12558	
0	69164	12445	
0	69152	12332	
0	69180	12219	
0	69132	12106	
0	69152	11993	
0	69196	11880	
0	69164	11766	
0	69196	11653	
0	69168	11540	
0	69152	11427	
0	69164	11314	
0	69148	11201	
0	69168	11088	
0	69132	10975	
0	69152	10862	
0	69168	10749	
0	69180	10636	
0	69148	10523	
0	69164	10410	
0	69148	10297	
0	69120	10184	
0	69148	10071	
0	69132	9958	
0	69180	9845	
0	69152	9732	
0	69152	9619	
0	69180	9506	
0	69136	9393	
0	69136	9280	
0	69132	9167	
0	69132	9054	
0	69136	8941	
0	69152	8828	
0	69152	8715	
0	69116	8602	
0	69152	8489	
0	69148	8376	
0	69152	8263	
0	69168	8150	
0	69168	8037	
0	69164	7924	
0	69132	7811	
0	69152	7698	
0	69164	7585	
0	69168	7472	
0	69152	7359	
0	69132	7246	
0	69116	7133	
0	69152	7020	
0	69184	6907	
0	69136	6794	
0	69152	6681	
0	69148	6568	
0	69168	6455	
0	69168	6342	
0	69120	6229	
0	69120	6116	
0	69152	6004	
0	69152	5891	
0	69152	5778	
0	69180	5665	
0	69152	5552	
0	69148	5439	
0	69136	5326	
0	69136	5213	
0	69168	5100	
0	69148	4987	
0	69152	4874	
0	69184	4761	
0	69132	4649	
0	69180	4536	
0	69148	4423	
0	69168	4310	
0	69148	4197	
0	69164	4084	
0	69148	3971	
0	69148	3858	
0	69164	3745	
0	69164	3633	
0	69180	3520	
0	69148	3407	
0	69164	3294	
0	69152	3181	
0	69168	3068	
0	69184	2955	
0	69132	2843	
0	69196	2730	
0	69152	2617	
0	69148	2504	
0	69180	2391	
0	69180	2278	
0	69180	2165	
0	69164	2053	
0	69152	1940	
0	69148	1827	
0	69116	1714	
0	69132	1601	
0	69196	1488	
0	69120	1375	
0	69148	1263	
0	69152	1150	
0	69148	1037	
0	69152	924	
0	69180	811	
0	69168	698	
0	69152	586	
0	69180	473	
0	69148	360	
0	69180	247	
0	69148	134	
0	69116	22	
0	69148	0	
0	69168	0	
0	69152	0	
0	69148	0	
0	69136	0	
0	69168	0	
0	69164	0	
0	69164	0	
0	69152	0	
0	69164	0	
0	69148	0	
0	69148	0	
0	69136	0	
0	69148	0	
0	69164	0	
0	69116	0	
0	69184	0	
0	69132	0	
0	69116	0	
0	69164	0	
0	69136	0	
0	69152	0	
0	69120	0	
0	69136	0	
0	69148	0	
0	69120	0	
0	69180	0	
0	69184	0	
0	69152	0	
0	69184	0	
0	69168	0	
0	69164	0	
0	69152	0	
0	69184	0	
0	69136	0	
0	69168	0	
0	69152	0	
0	69148	0	
0	69148	0	
0	69136	0	
0	69180	0	
0	69164	0	
0	69148	0	
0	69164	0	
0	69180	0	
0	69148	0	
0	69136	0	
0	69180	0	
0	69148	0	
0	69132	0	
0	69116	0	
0	69152	0	
0	69152	0	
0	69148	0	
0	69152	0	
0	69164	0	
0	69136	0	
0	69164	0	
0	69168	0	
0	69148	0	
0	69168	0	
0	69164	0	
0	69164	11282	
0	69184	11270	
0	69200	11259	
0	69164	11248	
0	69164	11237	
0	69152	11225	
0	69200	11214	
0	69148	11203	
0	69148	11191	
0	69180	11180	
0	69200	11169	
0	69168	11157	
0	69184	11146	
0	69168	11135	
0	69196	11123	
0	69196	11112	
0	69180	11101	
0	69168	11090	
0	69184	11078	
0	69184	11067	
0	69184	11056	
0	69164	11044	
0	69184	11033	
0	69184	11022	
0	69168	11010	
0	69164	10999	
0	69164	10988	
0	69232	10976	
0	69164	10965	
0	69184	10954	
0	69184	10943	
0	69164	10931	
0	69168	10920	
0	69168	10909	
0	69212	10897	
0	69212	10886	
0	69184	10875	
0	69180	10863	
0	69132	10852	
0	69152	10841	
0	69164	10829	
0	69196	10818	
0	69196	10807	
0	69152	10796	
0	69152	10784	
0	69180	10773	
0	69184	10762	
0	69136	10750	
0	69168	10739	
0	69196	10728	
0	69196	10716	
0	69164	10705	
0	69184	10694	
0	69164	10683	
0	69184	10671	
0	69148	10660	
0	69136	10649	
0	69196	10637	
0	69200	10626	
0	69148	10615	
0	69152	10603	
0	69180	10592	
0	69168	10581	
0	69184	10569	
0	69184	10558	
0	69152	10547	
0	69164	10536	
0	69152	10524	
0	69212	10513	
0	69164	10502	
0	69180	10490	
0	69184	10479	
0	69184	10468	
0	69212	10456	
0	69184	10445	
0	69212	10434	
0	69168	10423	
0	69168	10411	
0	69200	10400	
0	69168	10389	
0	69168	10377	
0	69180	10366	
0	69180	10355	
0	69180	10343	
0	69196	10332	
0	69168	10321	
0	69184	10309	
0	69180	10298	
0	69184	10287	
0	69136	10276	
0	69168	10264	
0	69184	10253	
0	69168	10242	
0	69168	10230	
0	69184	10219	
0	69196	10208	
0	69184	10196	
0	69168	10185	
0	69164	10174	
0	69168	10163	
0	69152	10151	
0	69196	10140	
0	69180	10129	
0	69212	10117	
0	69168	10106	
0	69168	10095	
0	69136	10083	
0	69180	10072	
0	69152	10061	
0	69196	10049	
0	69164	10038	
0	69180	10027	
0	69168	10016	
0	69152	10004	
0	69216	9993	
0	69152	9982	
0	69168	9970	
0	69200	9959	
0	69164	9948	
0	69164	9936	
0	69148	9925	
0	69180	9914	
0	69164	9903	
0	69180	9891	
0	69168	9880	
0	69212	9869	
0	69184	9857	
0	69164	9846	
0	69196	9835	
0	69168	9823	
0	69164	9812	
0	69152	9801	
0	69180	9790	
0	69180	9778	
0	69148	9767	
0	69168	9756	
0	69180	9744	
0	69180	9733	
0	69152	9722	
0	69168	9710	
0	69196	9699	
0	69196	9688	
0	69164	9676	
0	69164	9665	
0	69180	9654	
0	69180	9643	
0	69148	9631	
0	69164	9620	
0	69184	9609	
0	69164	9597	
0	69196	9586	
0	69180	9575	
0	69184	9563	
0	69148	9552	
0	69164	9541	
0	69152	9530	
0	69180	9518	
0	69180	9507	
0	69116	9496	
0	69180	9484	
0	69168	9473	
0	69200	9462	
0	69164	9450	
0	69168	9439	
0	69168	9428	
0	69168	9417	
0	69180	9405	
0	69136	9394	
0	69180	9383	
0	69184	9371	
0	69148	9360	
0	69164	9349	
0	69180	9337	
0	69196	9326	
0	69132	9315	
0	69164	9304	
0	69136	9292	
0	69164	9281	
0	69168	9270	
0	69180	9258	
0	69184	9247	
0	69184	9236	
0	69164	9224	
0	69168	9213	
0	69180	9202	
0	69168	9191	
0	69196	9179	
0	69148	9168	
0	69184	9157	
0	69180	9145	
0	69168	9134	
0	69200	9123	
0	69180	9111	
0	69164	9100	
0	69168	9089	
0	69184	9078	
0	69164	9066	
0	69180	9055	
0	69152	9044	
0	69152	9032	
0	69196	9021	
0	69216	9010	
0	69196	8998	
0	69136	8987	
0	69180	8976	
0	69164	8965	
0	69184	8953	
0	69148	8942	
0	69168	8931	
0	69148	8919	
0	69148	8908	
0	69152	8897	
0	69164	8885	
0	69184	8874	
0	69180	8863	
0	69180	8852	
0	69184	8840	
0	69216	8829	
0	69168	8818	
0	69168	8806	
0	69184	8795	
0	69184	8784	
0	69200	8772	
0	69200	8761	
0	69196	8750	
0	69200	8739	
0	69212	8727	
0	69196	8716	
0	69184	8705	
0	69180	8693	
0	69200	8682	
0	69200	8671	
0	69164	8659	
0	69164	8648	
0	69212	8637	
0	69184	8626	
0	69132	8614	
0	69180	8603	
0	69136	8592	
0	69168	8580	
0	69136	8569	
0	69180	8558	
0	69164	8546	
0	69200	8535	
0	69180	8524	
0	69180	8513	
0	69196	8501	
0	69164	8490	
0	69164	8479	
0	69200	8467	
0	69212	8456	
0	69196	8445	
0	69164	8433	
0	69200	8422	
0	69180	8411	
0	69184	8400	
0	69168	8388	
0	69212	8377	
0	69168	8366	
0	69200	8354	
0	69184	8343	
0	69180	8332	
0	69200	8320	
0	69184	8309	
0	69196	8298	
0	69212	8287	
0	69196	8275	
0	69184	8264	
0	69164	8253	
0	69164	8241	
0	69180	8230	
0	69180	8219	
0	69148	8207	
0	69196	8196	
0	69196	8185	
0	69132	8174	
0	69184	8162	
0	69148	8151	
0	69168	8140	
0	69164	8128	
0	69180	8117	
0	69212	8106	
0	69184	8094	
0	69168	8083	
0	69168	8072	
0	69152	8061	
0	69168	8049	
0	69196	8038	
0	69164	8027	
0	69168	8015	
0	69180	8004	
0	69152	7993	
0	69136	7981	
0	69148	7970	
0	69168	7959	
0	69168	7948	
0	69164	7936	
0	69120	7925	
0	69164	7914	
0	69184	7902	
0	69164	7891	
0	69136	7880	
0	69180	7869	
0	69148	7857	
0	69164	7846	
0	69184	7835	
0	69164	7823	
0	69180	7812	
0	69180	7801	
0	69152	7789	
0	69136	7778	
0	69152	7767	
0	69148	7756	
0	69152	7744	
0	69212	7733	
0	69184	7722	
0	69184	7710	
0	69164	7699	
0	69180	7688	
0	69196	7676	
0	69168	7665	
0	69168	7654	
0	69200	7643	
0	69168	7631	
0	69232	7620	
0	69196	7609	
0	69148	7597	
0	69168	7586	
0	69168	7575	
0	69136	7563	
0	69180	7552	
0	69168	7541	
0	69180	7530	
0	69164	7518	
0	69196	7507	
0	69180	7496	
0	69152	7484	
0	69196	7473	
0	69180	7462	
0	69180	7451	
0	69168	7439	
0	69180	7428	
0	69168	7417	
0	69184	7405	
0	69168	7394	
0	69152	7383	
0	69184	7371	
0	69196	7360	
0	69216	7349	
0	69148	7338	
0	69196	7326	
0	69168	7315	
0	69180	7304	
0	69168	7292	
0	69180	7281	
0	69200	7270	
0	69168	7258	
0	69168	7247	
0	69168	7236	
0	69164	7225	
0	69148	7213	
0	69132	7202	
0	69168	7191	
0	69180	7179	
0	69164	7168	
0	69152	7157	
0	69148	7146	
0	69164	7134	
0	69152	7123	
0	69168	7112	
0	69148	7100	
0	69168	7089	
0	69168	7078	
0	69180	7066	
0	69180	7055	
0	69200	7044	
0	69164	7033	
0	69164	7021	
0	69152	7010	
0	69152	6999	
0	69148	6987	
0	69180	6976	
0	69168	6965	
0	69164	6953	
0	69136	6942	
0	69180	6931	
0	69148	6920	
0	69148	6908	
0	69152	6897	
0	69164	6886	
0	69184	6874	
0	69164	6863	
0	69120	6852	
0	69184	6841	
0	69196	6829	
0	69164	6818	
0	69180	6807	
0	69152	6795	
0	69168	6784	
0	69216	6773	
0	69120	6761	
0	69164	6750	
0	69152	6739	
0	69184	6728	
0	69164	6716	
0	69168	6705	
0	69180	6694	
0	69132	6682	
0	69196	6671	
0	69184	6660	
0	69180	6649	
0	69132	6637	
0	69164	6626	
0	69168	6615	
0	69164	6603	
0	69168	6592	
0	69152	6581	
0	69196	6569	
0	69196	6558	
0	69136	6547	
0	69164	6536	
0	69180	6524	
0	69164	6513	
0	69148	6502	
0	69152	6490	
0	69168	6479	
0	69136	6468	
0	69228	6457	
0	69196	6445	
0	69184	6434	
0	69148	6423	
0	69152	6411	
0	69168	6400	
0	69164	6389	
0	69184	6377	
0	69164	6366	
0	69164	6355	
0	69148	6344	
0	69180	6332	
0	69152	6321	
0	69168	6310	
0	69184	6298	
0	69200	6287	
0	69168	6276	
0	69148	6265	
0	69136	6253	
0	69148	6242	
0	69184	6231	
0	69148	6219	
0	69180	6208	
0	69148	6197	
0	69164	6185	
0	69168	6174	
0	69168	6163	
0	69136	6152	
0	69180	6140	
0	69168	6129	
0	69164	6118	
0	69164	6106	
0	69148	6095	
0	69164	6084	
0	69148	6073	
0	69136	6061	
0	69164	6050	
0	69152	6039	
0	69164	6027	
0	69152	6016	
0	69184	6005	
0	69180	5993	
0	69148	5982	
0	69168	5971	
0	69168	5960	
0	69148	5948	
0	69136	5937	
0	69152	5926	
0	69180	5914	
0	69148	5903	
0	69164	5892	
0	69180	5881	
0	69168	5869	
0	69200	5858	
0	69180	5847	
0	69168	5835	
0	69164	5824	
0	69152	5813	
0	69148	5801	
0	69180	5790	
0	69136	5779	
0	69164	5768	
0	69136	5756	
0	69180	5745	
0	69152	5734	
0	69148	5722	
0	69152	5711	
0	69132	5700	
0	69152	5689	
0	69120	5677	
0	69180	5666	
0	69168	5655	
0	69152	5643	
0	69152	5632	
0	69148	5621	
0	69152	5609	
0	69132	5598	
0	69132	5587	
0	69148	5576	
0	69136	5564	
0	69196	5553	
0	69184	5542	
0	69148	5530	
0	69168	5519	
0	69184	5508	
0	69120	5497	
0	69120	5485	
0	69164	5474	
0	69152	5463	
0	69136	5451	
0	69152	5440	
0	69152	5429	
0	69180	5418	
0	69152	5406	
0	69164	5395	
0	69180	5384	
0	69148	5372	
0	69148	5361	
0	69180	5350	
0	69180	5338	
0	69180	5327	
0	69132	5316	
0	69164	5305	
0	69164	5293	
0	69164	5282	
0	69200	5271	
0	69136	5259	
0	69152	5248	
0	69180	5237	
0	69148	5226	
0	69168	5214	
0	69164	5203	
0	69148	5192	
0	69164	5180	
0	69168	5169	
0	69184	5158	
0	69164	5147	
0	69168	5135	
0	69180	5124	
0	69180	5113	
0	69180	5101	
0	69136	5090	
0	69132	5079	
0	69180	5067	
0	69164	5056	
0	69164	5045	
0	69132	5034	
0	69196	5022	
0	69152	5011	
0	69180	5000	
0	69164	4988	
0	69164	4977	
0	69152	4966	
0	69120	4955	
0	69164	4943	
0	69164	4932	
0	69200	4921	
0	69148	4909	
0	69164	4898	
0	69152	4887	
0	69136	4876	
0	69168	4864	
0	69180	4853	
0	69168	4842	
0	69152	4830	
0	69120	4819	
0	69168	4808	
0	69168	4797	
0	69136	4785	
0	69148	4774	
0	69180	4763	
0	69180	4751	
0	69168	4740	
0	69152	4729	
0	69152	4717	
0	69164	4706	
0	69180	4695	
0	69152	4684	
0	69164	4672	
0	69180	4661	
0	69152	4650	
0	69148	4638	
0	69136	4627	
0	69168	4616	
0	69164	4605	
0	69168	4593	
0	69168	4582	
0	69168	4571	
0	69164	4559	
0	69152	4548	
0	69164	4537	
0	69136	4526	
0	69164	4514	
0	69164	4503	
0	69148	4492	
0	69196	4480	
0	69180	4469	
0	69136	4458	
0	69180	4447	
0	69196	4435	
0	69148	4424	
0	69168	4413	
0	69164	4401	
0	69164	4390	
0	69164	4379	
0	69164	4367	
0	69152	4356	
0	69152	4345	
0	69196	4334	
0	69152	4322	
0	69164	4311	
0	69164	4300	
0	69184	4288	
0	69132	4277	
0	69180	4266	
0	69152	4255	
0	69136	4243	
0	69164	4232	
0	69184	4221	
0	69136	4209	
0	69184	4198	
0	69168	4187	
0	69148	4176	
0	69180	4164	
0	69152	4153	
0	69148	4142	
0	69148	4130	
0	69200	4119	
0	69164	4108	
0	69116	4097	
0	69168	4085	
0	69152	4074	
0	69136	4063	
0	69168	4051	
0	69196	4040	
0	69152	4029	
0	69180	4018	
0	69164	4006	
0	69184	3995	
0	69168	3984	
0	69184	3972	
0	69200	3961	
0	69152	3950	
0	69148	3938	
0	69152	3927	
0	69168	3916	
0	69152	3905	
0	69120	3893	
0	69148	3882	
0	69148	3871	
0	69136	3859	
0	69132	3848	
0	69168	3837	
0	69180	3826	
0	69180	3814	
0	69164	3803	
0	69164	3792	
0	69168	3780	
0	69168	3769	
0	69152	3758	
0	69148	3747	
0	69184	3735	
0	69148	3724	
0	69148	3713	
0	69152	3701	
0	69168	3690	
0	69180	3679	
0	69132	3668	
0	69168	3656	
0	69136	3645	
0	69136	3634	
0	69168	3622	
0	69168	3611	
0	69180	3600	
0	69180	3589	
0	69180	3577	
0	69164	3566	
0	69168	3555	
0	69152	3543	
0	69184	3532	
0	69148	3521	
0	69120	3510	
0	69164	3498	
0	69136	3487	
0	69136	3476	
0	69148	3464	
0	69164	3453	
0	69200	3442	
0	69164	3431	
0	69148	3419	
0	69196	3408	
0	69180	3397	
0	69152	3385	
0	69148	3374	
0	69200	3363	
0	69164	3351	
0	69152	3340	
0	69180	3329	
0	69136	3318	
0	69168	3306	
0	69152	3295	
0	69152	3284	
0	69148	3272	
0	69164	3261	
0	69120	3250	
0	69164	3239	
0	69164	3227	
0	69132	3216	
0	69152	3205	
0	69152	3193	
0	69184	3182	
0	69164	3171	
0	69164	3160	
0	69168	3148	
0	69212	3137	
0	69180	3126	
0	69152	3114	
0	69132	3103	
0	69180	3092	
0	69184	3081	
0	69164	3069	
0	69164	3058	
0	69168	3047	
0	69168	3035	
0	69180	3024	
0	69148	3013	
0	69168	3002	
0	69184	2990	
0	69148	2979	
0	69152	2968	
0	69212	2956	
0	69148	2945	
0	69180	2934	
0	69184	2923	
0	69196	2911	
0	69180	2900	
0	69148	2889	
0	69164	2877	
0	69180	2866	
0	69200	2855	
0	69196	2844	
0	69168	2832	
0	69196	2821	
0	69200	2810	
0	69200	2798	
0	69148	2787	
0	69168	2776	
0	69184	2765	
0	69168	2753	
0	69184	2742	
0	69184	2731	
0	69200	2719	
0	69152	2708	
0	69200	2697	
0	69180	2686	
0	69164	2674	
0	69168	2663	
0	69168	2652	
0	69148	2640	
0	69196	2629	
0	69212	2618	
0	69168	2607	
0	69164	2595	
0	69184	2584	
0	69152	2573	
0	69148	2561	
0	69136	2550	
0	69168	2539	
0	69184	2528	
0	69168	2516	
0	69148	2505	
0	69184	2494	
0	69180	2482	
0	69180	2471	
0	69152	2460	
0	69184	2449	
0	69180	2437	
0	69132	2426	
0	69152	2415	
0	69180	2403	
0	69148	2392	
0	69148	2381	
0	69184	2370	
0	69196	2358	
0	69184	2347	
0	69196	2336	
0	69184	2324	
0	69168	2313	
0	69152	2302	
0	69136	2291	
0	69196	2279	
0	69180	2268	
0	69136	2257	
0	69168	2245	
0	69212	2234	
0	69164	2223	
0	69168	2212	
0	69184	2200	
0	69184	2189	
0	69184	2178	
0	69168	2166	
0	69168	2155	
0	69168	2144	
0	69168	2133	
0	69168	2121	
0	69152	2110	
0	69184	2099	
0	69168	2087	
0	69180	2076	
0	69168	2065	
0	69168	2054	
0	69132	2042	
0	69180	2031	
0	69152	2020	
0	69152	2008	
0	69148	1997	
0	69196	1986	
0	69152	1975	
0	69164	1963	
0	69184	1952	
0	69168	1941	
0	69120	1929	
0	69168	1918	
0	69180	1907	
0	69180	1896	
0	69180	1884	
0	69184	1873	
0	69152	1862	
0	69184	1850	
0	69184	1839	
0	69152	1828	
0	69152	1817	
0	69136	1805	
0	69148	1794	
0	69164	1783	
0	69196	1771	
0	69168	1760	
0	69180	1749	
0	69196	1738	
0	69212	1726	
0	69168	1715	
0	69164	1704	
0	69148	1692	
0	69228	1681	
0	69196	1670	
0	69152	1659	
0	69152	1647	
0	69180	1636	
0	69196	1625	
0	69180	1613	
0	69164	1602	
0	69164	1591	
0	69180	1580	
0	69164	1568	
0	69168	1557	
0	69180	1546	
0	69164	1534	
0	69184	1523	
0	69168	1512	
0	69168	1501	
0	69200	1489	
0	69180	1478	
0	69196	1467	
0	69152	1455	
0	69164	1444	
0	69136	1433	
0	69132	1422	
0	69168	1410	
0	69148	1399	
0	69164	1388	
0	69180	1376	
0	69168	1365	
0	69180	1354	
0	69164	1343	
0	69152	1331	
0	69184	1320	
0	69196	1309	
0	69196	1297	
0	69180	1286	
0	69180	1275	
0	69168	1264	
0	69148	1252	
0	69184	1241	
0	69196	1230	
0	69168	1218	
0	69168	1207	
0	69196	1196	
0	69164	1185	
0	69184	1173	
0	69196	1162	
0	69152	1151	
0	69180	1140	
0	69184	1128	
0	69180	1117	
0	69168	1106	
0	69164	1094	
0	69180	1083	
0	69212	1072	
0	69180	1061	
0	69168	1049	
0	69168	1038	
0	69168	1027	
0	69148	1015	
0	69164	1004	
0	69168	993	
0	69168	982	
0	69168	970	
0	69164	959	
0	69180	948	
0	69184	936	
0	69132	925	
0	69184	914	
0	69168	903	
0	69164	891	
0	69168	880	
0	69136	869	
0	69148	857	
0	69148	846	
0	69168	835	
0	69216	824	
0	69148	812	
0	69168	801	
0	69200	790	
0	69168	778	
0	69164	767	
0	69180	756	
0	69180	745	
0	69136	733	
0	69196	722	
0	69164	711	
0	69180	699	
0	69196	688	
0	69168	677	
0	69168	666	
0	69152	654	
0	69168	643	
0	69184	632	
0	69168	620	
0	69168	609	
0	69180	598	
0	69152	587	
0	69164	575	
0	69180	564	
0	69168	553	
0	69196	542	
0	69168	530	
0	69152	519	
0	69148	508	
0	69148	496	
0	69168	485	
0	69148	474	
0	69152	463	
0	69164	451	
0	69168	440	
0	69184	429	
0	69136	417	
0	69200	406	
0	69164	395	
0	69136	384	
0	69196	372	
0	69164	361	
0	69136	350	
0	69168	338	
0	69184	327	
0	69152	316	
0	69168	305	
0	69164	293	
0	69180	282	
0	69228	271	
0	69196	259	
0	69152	248	
0	69196	237	
0	69164	226	
0	69180	214	
0	69164	203	
0	69180	192	
0	69184	180	
0	69136	169	
0	69180	158	
0	69168	147	
0	69168	135	
0	69196	124	
0	69168	113	
0	69212	102	
0	69200	90	
0	69200	79	
0	69152	68	
0	69164	56	
0	69196	45	
0	69164	34	
0	69180	23	
0	69184	11	
0	69184	0	
0	69180	0	
0	69200	0	
0	69164	0	
0	69136	0	
0	69184	0	
0	69152	0	
0	69168	0	
0	69152	0	
0	69196	0	
0	69184	0	
0	69196	0	
0	69148	0	
0	69180	0	
0	69184	0	
0	69200	0	
0	69180	0	
0	69148	0	
0	69180	0	
0	69136	0	
0	69180	0	
0	69136	0	
0	69168	0	
0	69196	0	
0	69184	0	
0	69136	0	
0	69152	0	
0	69180	0	
0	69152	0	
0	69180	0	
0	69168	0	
0	69180	0	
0	69180	0	
0	69164	0	
0	69168	0	
0	69164	0	
0	69152	0	
0	69184	0	
0	69196	0	
0	69168	0	
0	69148	0	
0	69180	0	
0	69120	0	
0	69164	0	
0	69168	0	
0	69152	0	
0	69184	0	
0	69180	0	
0	69152	0	
0	69148	0	
0	69152	0	
0	69180	0	
0	69136	0	
0	69180	0	
0	69136	0	
0	69120	0	
0	69152	0	
0	69148	0	
0	69180	0	
0	69164	0	
0	69164	0	
0	69168	0	
0	69152	0	
0	69148	0	
0	69148	0	
0	69164	0	
0	69148	0	
0	69152	0	
0	69184	0	
0	69168	0	
0	69148	0	
0	69168	0	
0	69152	0	
544.999968725531	69148	0	
543.999970007301	69184	0	
542.999966309295	69152	0	
541.999967591064	69132	0	
540.999968872834	69184	0	
539.999965174828	69168	0	
538.999966456597	69136	0	
537.999967738367	69216	0	
536.999969020136	69152	0	
535.99996532213	69180	0	
534.9999666039	69136	0	
533.999967885669	69168	0	
532.999969167439	69152	0	
531.999965469433	69152	0	
530.999966751202	69184	0	
529.999968032972	69180	0	
528.999969314741	69168	0	
527.999965616735	69100	0	
526.999966898505	69184	0	
525.999968180274	69164	0	
524.999969462044	69136	0	
523.999965764038	69152	0	
522.999967045807	69184	0	
521.999968327577	69148	0	
520.999969609347	69216	0	
519.99996591134	69200	0	
518.99996719311	69184	0	
517.99996847488	69168	0	
516.999969756649	69168	0	
515.999966058643	69180	0	
514.999967340412	69180	0	
513.999968622182	69196	0	
512.999969903952	69152	0	
511.999966205946	69168	0	
510.999967487715	69200	0	
509.999968769485	69136	0	
508.999970051254	69180	0	
507.999966353248	69168	0	
506.999967635018	69152	0	
505.999968916787	69168	0	
504.999965218781	69164	0	
503.999966500551	69200	0	
502.99996778232	69148	0	
501.99996906409	69180	0	
500.999970345859	69148	0	
499.999971627629	69152	0	
498.999972909398	69168	0	
497.999974191168	69152	0	
496.999970493162	69136	0	
495.999971774931	69184	0	
494.999973056701	69164	0	
493.999974338471	69152	0	
492.999970640464	69152	0	
491.999971922234	69164	0	
490.999973204004	69152	0	
489.999974485773	69164	0	
488.999970787767	69152	0	
487.999972069537	69196	0	
486.999973351306	69180	0	
485.999974633076	69136	0	
484.99997093507	69168	0	
483.999972216839	69148	0	
482.999973498609	69152	0	
481.999974780378	69184	0	
480.999971082372	69184	0	
479.999972364142	69132	0	
478.999973645911	69196	0	
477.999974927681	69196	0	
476.999971229675	69148	0	
475.999972511444	69196	0	
474.999973793214	69180	0	
473.999975074983	69152	0	
472.999971376977	69164	0	
471.999972658747	69152	0	
470.999973940516	69164	0	
469.99997024251	69200	0	
468.99997152428	69200	0	
467.999972806049	69168	0	
466.999974087819	69148	0	
465.999970389813	69152	0	
464.999971671582	69164	0	
463.999972953352	69152	0	
462.999974235121	69180	0	
461.999970537115	69136	0	
460.999971818885	69136	0	
459.999973100654	69184	0	
458.999974382424	69168	0	
457.999970684418	69196	0	
456.999971966187	69152	0	
455.999973247957	69180	0	
454.999974529727	69152	0	
453.99997083172	69164	0	
452.99997211349	69168	0	
451.99997339526	69180	0	
450.999974677029	69168	0	
449.999970979023	69148	0	
448.999972260793	69168	0	
447.999973542562	69136	0	
446.999974824332	69168	0	
445.999971126326	69184	0	
444.999972408095	69164	0	
443.999973689865	69196	0	
442.999974971634	69152	0	
441.999971273628	69184	0	
440.999972555398	69164	0	
439.999973837167	69168	0	
438.999970139161	69168	0	
437.999971420931	69196	0	
436.9999727027	69168	0	
435.99997398447	69168	0	
434.999970286464	69148	0	
433.999971568233	69152	0	
432.999972850003	69168	0	
431.999974131772	69152	0	
430.999970433766	69152	0	
429.999971715536	69148	0	
428.999972997305	69200	0	
427.999974279075	69168	0	
426.999970581069	69164	0	
425.999971862838	69180	0	
424.999973144608	69148	0	
423.999974426377	69212	0	
422.999970728371	69164	0	
421.999972010141	69184	0	
420.99997329191	69212	0	
419.99997457368	69168	0	
418.999970875674	69168	0	
417.999972157443	69164	0	
416.999978418989	69196	0	
415.999979700758	69180	0	
414.999976002752	69164	0	
413.999977284522	69184	0	
412.999978566291	69180	0	
411.999979848061	69120	0	
410.999976150055	69168	0	
409.999977431824	69168	0	
408.999978713594	69168	0	
407.999979995363	69180	0	
406.999976297357	69152	0	
405.999977579127	69152	0	
404.999978860896	69152	0	
403.99997516289	69180	0	
402.99997644466	69168	0	
401.999977726429	69180	0	
400.999979008199	69136	0	
399.999975310193	69180	0	
398.999976591962	69184	0	
397.999977873732	69152	0	
396.999979155502	69168	0	
395.999975457495	69136	0	
394.999976739265	69196	0	
393.999978021035	69180	0	
392.999979302804	69200	0	
391.999975604798	69200	0	
390.999976886567	69152	0	
389.999978168337	69180	0	
388.999979450107	69196	0	
387.999975752101	69132	0	
386.99997703387	69164	0	
385.99997831564	69180	0	
384.999979597409	69200	0	
383.999975899403	69164	0	
382.999977181173	69216	0	
381.999978462942	69164	0	
380.999979744712	69168	0	
379.999976046706	69152	0	
378.999977328475	69168	0	
377.999978610245	69168	0	
376.999979892014	69196	0	
375.999976194008	69168	0	
374.999977475778	69148	0	
373.999978757547	69132	0	
372.999980039317	69180	0	
371.999976341311	69132	0	
370.99997762308	69180	0	
369.99997890485	69132	0	
368.999975206844	69148	0	
367.999976488613	69164	0	
366.999977770383	69152	0	
365.999979052152	69136	0	
364.999975354146	69136	0	
363.999976635916	69136	0	
362.999977917685	69152	0	
361.999979199455	69148	0	
360.999975501449	69184	0	
359.999976783218	69136	0	
358.999978064988	69152	0	
357.999979346758	69152	0	
356.999975648751	69152	0	
355.999976930521	69196	0	
354.999978212291	69148	0	
353.99997949406	69168	0	
352.999975796054	69164	0	
351.999977077824	69180	0	
350.999978359593	69216	0	
349.999979641363	69152	0	
348.999975943357	69148	0	
347.999977225126	69164	0	
346.999978506896	69180	0	
345.999979788665	69164	0	
344.999976090659	69136	0	
343.999977372429	69180	0	
342.999978654198	69168	0	
341.999979935968	69148	0	
340.999976237962	69164	0	
339.999977519731	69184	0	
338.999978801501	69168	0	
337.999975103495	69168	0	
336.999976385264	69152	0	
335.999977667034	69168	0	
334.999978948803	69184	0	
333.999980230573	69136	0	
332.999981512342	69164	0	
331.999982794112	69164	0	
330.999984075882	69196	0	
329.999980377875	69168	0	
328.999981659645	69180	0	
327.999982941415	69148	0	
326.999984223184	69180	0	
325.999980525178	69164	0	
324.999981806948	69164	0	
323.999983088717	69168	0	
322.999984370487	69164	0	
321.999980672481	69164	0	
320.99998195425	69180	0	
319.99998323602	69168	0	
318.999984517789	69148	0	
317.999980819783	69184	0	
316.999982101553	69168	0	
315.999983383322	69184	0	
314.999984665092	69168	0	
313.999980967086	69168	0	
312.999982248855	69168	0	
311.999983530625	69212	0	
310.999984812394	69148	0	
309.999981114388	69164	0	
308.999982396158	69148	0	
307.999983677927	69152	0	
306.999984959697	69164	0	
305.999981261691	69196	0	
304.99998254346	69152	0	
303.99998382523	69168	0	
302.999980127224	69168	0	
301.999981408993	69196	0	
300.999982690763	69164	0	
299.999983972532	69180	0	
298.999980274526	69148	0	
297.999981556296	69180	0	
296.999982838065	69200	0	
295.999984119835	69164	0	
294.999980421829	69148	0	
293.999981703598	69164	0	
292.999982985368	69180	0	
291.999984267138	69168	0	
290.999980569131	69180	0	
289.999981850901	69164	0	
288.999983132671	69152	0	
287.99998441444	69196	0	
286.999980716434	69168	0	
285.999981998204	69180	0	
284.999983279973	69212	0	
283.999984561743	69168	0	
282.999980863737	69168	0	
281.999982145506	69148	0	
280.999983427276	69180	0	
279.999984709045	69212	0	
278.999981011039	69136	0	
277.999982292809	69180	0	
276.999983574578	69180	0	
275.999984856348	69196	0	
274.999981158342	69212	0	
273.999982440111	69168	0	
272.999983721881	69168	0	
271.99998500365	69180	0	
270.999981305644	69152	0	
269.999982587414	69168	0	
268.999983869183	69168	0	
267.999980171177	69180	0	
266.999981452947	69180	0	
265.999982734716	69180	0	
264.999984016486	69200	0	
263.99998031848	69168	0	
262.999981600249	69168	0	
261.999982882019	69180	0	
260.999984163789	69180	0	
259.999980465782	69184	0	
258.999981747552	69184	0	
257.999983029321	69164	0	
256.999984311091	69168	0	
255.999980613085	69136	0	
254.999981894854	69196	0	
253.999983176624	69196	0	
252.999984458394	69136	0	
251.999980760387	69212	0	
250.999982042157	69168	0	
249.999988303702	69148	0	
248.999989585472	69152	0	
247.999985887466	69180	0	
246.999987169235	69148	0	
245.999988451005	69184	0	
244.999989732774	69164	0	
243.999986034768	69212	0	
242.999987316538	69200	0	
241.999988598307	69184	0	
240.999989880077	69180	0	
239.999986182071	69168	0	
238.99998746384	69164	0	
237.99998874561	69184	0	
236.99999002738	69212	0	
235.999986329373	69200	0	
234.999987611143	69184	0	
233.999988892913	69132	0	
232.999985194906	69196	0	
231.999986476676	69164	0	
230.999987758446	69168	0	
229.999989040215	69164	0	
228.999985342209	69184	0	
227.999986623979	69152	0	
226.999987905748	69180	0	
225.999989187518	69180	0	
224.999985489511	69180	0	
223.999986771281	69164	0	
222.999988053051	69200	0	
221.99998933482	69196	0	
220.999985636814	69184	0	
219.999986918584	69212	0	
218.999988200353	69152	0	
217.999989482123	69196	0	
216.999985784117	69168	0	
215.999987065886	69196	0	
214.999988347656	69184	0	
213.999989629425	69168	0	
212.999985931419	69228	0	
211.999987213189	69168	0	
210.999988494958	69168	0	
209.999989776728	69168	0	
208.999986078722	69168	0	
207.999987360491	69168	0	
206.999988642261	69148	0	
205.99998992403	69152	0	
204.999986226024	69184	0	
203.999987507794	69200	0	
202.999988789563	69196	0	
201.999985091557	69180	0	
200.999986373327	69184	0	
199.999987655096	69168	0	
198.999988936866	69152	0	
197.99998523886	69184	0	
196.999986520629	69180	0	
195.999987802399	69196	0	
194.999989084169	69164	0	
193.999985386162	69212	0	
192.999986667932	69180	0	
191.999987949702	69196	0	
190.999989231471	69196	0	
189.999985533465	69180	0	
188.999986815235	69184	0	
187.999988097004	69136	0	
186.999989378774	69196	0	
185.999985680768	69184	0	
184.999986962537	69180	0	
183.999988244307	69148	0	
182.999989526076	69180	0	
181.99998582807	69196	0	
180.99998710984	69168	0	
179.999988391609	69136	0	
178.999989673379	69180	0	
177.999985975373	69196	0	
176.999987257142	69180	0	
175.999988538912	69200	0	
174.999989820681	69136	0	
173.999986122675	69148	0	
172.999987404445	69184	0	
171.999988686214	69180	0	
170.999989967984	69164	0	
169.999986269978	69180	0	
168.999987551747	69200	0	
167.999988833517	69184	0	
166.999990115286	69180	0	
165.999991397056	69196	0	
164.999992678826	69148	0	
163.999993960595	69164	0	
162.999990262589	69164	0	
161.999991544359	69164	0	
160.999992826128	69180	0	
159.999994107898	69164	0	
158.999990409892	69168	0	
157.999991691661	69184	0	
156.999992973431	69136	0	
155.9999942552	69184	0	
154.999990557194	69152	0	
153.999991838964	69228	0	
152.999993120733	69180	0	
151.999994402503	69200	0	
150.999990704497	69184	0	
149.999991986266	69136	0	
148.999993268036	69120	0	
147.999994549805	69212	0	
146.999990851799	69168	0	
145.999992133569	69168	0	
144.999993415338	69136	0	
143.999994697108	69180	0	
142.999990999102	69196	0	
141.999992280871	69196	0	
140.999993562641	69164	0	
139.99999484441	69196	0	
138.999991146404	69180	0	
137.999992428174	69148	0	
136.999993709943	69180	0	
135.999994991713	69200	0	
134.999991293707	69164	0	
133.999992575476	69180	0	
132.999993857246	69180	0	
131.99999015924	69184	0	
130.999991441009	69152	0	
129.999992722779	69196	0	
128.999994004549	69184	0	
127.999990306542	69164	0	
126.999991588312	69168	0	
125.999992870082	69196	0	
124.999994151851	69184	0	
123.999990453845	69180	0	
122.999991735615	69136	0	
121.999993017384	69168	0	
120.999994299154	69184	0	
119.999990601148	69164	0	
118.999991882917	69212	0	
117.999993164687	69164	0	
116.999994446456	69168	0	
115.99999074845	69148	0	
114.99999203022	69180	0	
113.999993311989	69168	0	
112.999994593759	69212	0	
111.999990895753	69148	0	
110.999992177522	69168	0	
109.999993459292	69136	0	
108.999994741061	69164	0	
107.999991043055	69120	0	
106.999992324825	69212	0	
105.999993606594	69184	0	
104.999994888364	69164	0	
103.999991190358	69180	0	
102.999992472127	69168	0	
101.999993753897	69184	0	
100.999990055891	69196	0	
99.9999913376603	69180	0	
98.9999926194299	69180	0	
97.9999939011995	69164	0	
96.9999902031933	69164	0	
95.9999914849629	69200	0	
94.9999927667325	69200	0	
93.999994048502	69196	0	
92.9999903504959	69168	0	
91.9999916322655	69168	0	
90.999992914035	69180	0	
89.9999941958046	69152	0	
88.9999904977985	69184	0	
87.999991779568	69152	0	
86.9999930613376	69180	0	
85.9999943431072	69164	0	
84.999990645101	69164	0	
83.9999919268706	69152	0	
82.9999981884159	69180	0	
81.9999994701854	69184	0	
80.9999957721793	69168	0	
79.9999970539488	69168	0	
78.9999983357184	69164	0	
77.999999617488	69212	0	
76.9999959194818	69180	0	
75.9999972012514	69148	0	
74.999998483021	69164	0	
73.9999997647905	69148	0	
72.9999960667844	69152	0	
71.999997348554	69164	0	
70.9999986303235	69180	0	
69.9999999120931	69148	0	
68.9999962140869	69168	0	
67.9999974958565	69184	0	
66.9999987776261	69184	0	
65.99999507962	69200	0	
64.9999963613895	69196	0	
63.9999976431591	69164	0	
62.9999989249286	69216	0	
61.9999952269225	69180	0	
60.9999965086921	69168	0	
59.9999977904616	69168	0	
58.9999990722312	69164	0	
57.9999953742251	69152	0	
56.9999966559946	69168	0	
55.9999979377642	69152	0	
54.9999992195338	69184	0	
53.9999955215276	69184	0	
52.9999968032972	69164	0	
51.9999980850668	69132	0	
50.9999993668363	69184	0	
49.9999956688302	69180	0	
48.9999969505997	69168	0	
47.9999982323693	69148	0	
46.9999995141389	69152	0	
45.9999958161327	69184	0	
44.9999970979023	69180	0	
43.9999983796719	69168	0	
42.9999996614414	69152	0	
41.9999959634353	69148	0	
40.9999972452049	69180	0	
39.9999985269744	69152	0	
38.999999808744	69180	0	
37.9999961107379	69164	0	
36.9999973925074	69180	0	
35.999998674277	69164	0	
34.9999999560465	69164	0	
33.9999962580404	69168	0	
32.99999753981	69196	0	
31.9999988215795	69196	0	
30.9999951235734	69168	0	
29.999996405343	69196	0	
28.9999976871125	69148	0	
27.9999989688821	69216	0	
26.999995270876	69164	0	
25.9999965526455	69152	0	
24.9999978344151	69152	0	
23.9999991161847	69168	0	
22.9999954181785	69196	0	
21.9999966999481	69216	0	
20.9999979817176	69180	0	
19.9999992634872	69136	0	
18.9999955654811	69164	0	
17.9999968472506	69184	0	
16.9999981290202	69152	0	
15.9999994107898	69168	0	
14.9999957127836	69164	0	
13.9999969945532	69180	0	
12.9999982763228	69180	0	
11.9999995580923	69152	0	
10.9999958600862	69196	0	
9.99999714185575	69196	0	
8.99999842362532	69152	0	
7.99999970539488	69180	0	
6.99999600738875	69152	0	
5.99999728915831	69216	0	
4.99999857092788	69184	0	
3.99999985269744	69152	0	
2.99999615469131	69148	0	
1.99999743646087	69164	0	
0.999998718230435	69180	0	
0	69152	0	
4094.99975582821	69152	39462	
4093.99975213021	69152	39450	
4092.99975839175	69216	39439	
4091.99975967352	69196	39427	
4090.99976095529	69152	39416	
4089.99975725728	69164	39404	
4088.99975853905	69168	39393	
4087.99975982082	69180	39381	
4086.99975612282	69152	39370	
4085.99975740459	69200	39359	
4084.99975868636	69196	39347	
4083.99975996813	69152	39336	
4082.99975627012	69180	39324	
4081.99975755189	69168	39313	
4080.99975883366	69200	39301	
4079.99976011543	69152	39290	
4078.99975641742	69180	39278	
4077.99975769919	69164	39267	
4076.99975898096	69196	39255	
4075.99976026273	69152	39244	
4074.99975656473	69180	39232	
4073.99975784649	69168	39221	
4072.99975912826	69200	39209	
4071.99976041003	69196	39198	
4070.99975671203	69196	39186	
4069.9997579938	69184	39175	
4068.99975927557	69152	39164	
4067.99976055734	69168	39152	
4066.99975685933	69184	39141	
4065.9997581411	69168	39129	
4064.99975942287	69180	39118	
4063.99976070464	69152	39106	
4062.99975700663	69168	39095	
4061.9997582884	69180	39083	
4060.99975957017	69136	39072	
4059.99976085194	69200	39060	
4058.99975715394	69164	39049	
4057.9997584357	69152	39037	
4056.99975971747	69148	39026	
4055.99975601947	69164	39014	
4054.99975730124	69148	39003	
4053.99975858301	69120	38991	
4052.99975986478	69196	38980	
4051.99975616677	69148	38969	
4050.99975744854	69168	38957	
4049.99975873031	69212	38946	
4048.99976001208	69168	38934	
4047.99975631407	69180	38923	
4046.99975759584	69164	38911	
4045.99975887761	69164	38900	
4044.99976015938	69180	38888	
4043.99975646138	69152	38877	
4042.99975774315	69168	38865	
4041.99975902492	69180	38854	
4040.99976030668	69152	38842	
4039.99975660868	69164	38831	
4038.99975789045	69180	38819	
4037.99975917222	69184	38808	
4036.99976045399	69212	38797	
4035.99975675598	69196	38785	
4034.99975803775	69152	38774	
4033.99975931952	69196	38762	
4032.99976060129	69180	38751	
4031.99975690328	69152	38739	
4030.99975818505	69164	38728	
4029.99975946682	69184	38716	
4028.99976074859	69184	38705	
4027.99975705059	69168	38693	
4026.99975833236	69148	38682	
4025.99975961413	69180	38670	
4024.99976089589	69132	38659	
4023.99975719789	69168	38647	
4022.99975847966	69168	38636	
4021.99975976143	69184	38625	
4020.99975606342	69152	38613	
4019.99975734519	69184	38602	
4018.99975862696	69180	38590	
4017.99975990873	69164	38579	
4016.99975621072	69180	38567	
4015.99975749249	69184	38556	
4014.99975877426	69164	38544	
4013.99976005603	69164	38533	
4012.99975635803	69168	38521	
4011.9997576398	69168	38510	
4010.99975892157	69164	38498	
4009.99976518311	69184	38487	
4008.99976148511	69152	38476	
4007.99976276687	69212	38464	
4006.99976404864	69168	38453	
4005.99976533041	69216	38441	
4004.99976163241	69164	38430	
4003.99976291418	69168	38418	
4002.99976419595	69168	38407	
4001.99976547772	69152	38395	
4000.99976177971	69168	38384	
3999.99976306148	69152	38372	
3998.99976434325	69164	38361	
3997.99976562502	69136	38349	
3996.99976192701	69152	38338	
3995.99976320878	69212	38326	
3994.99976449055	69196	38315	
3993.99976577232	69132	38304	
3992.99976207432	69136	38292	
3991.99976335608	69180	38281	
3990.99976463785	69180	38269	
3989.99976591962	69164	38258	
3988.99976222162	69164	38246	
3987.99976350339	69168	38235	
3986.99976478516	69180	38223	
3985.99976108715	69148	38212	
3984.99976236892	69180	38200	
3983.99976365069	69196	38189	
3982.99976493246	69148	38178	
3981.99976123445	69164	38166	
3980.99976251622	69180	38155	
3979.99976379799	69120	38143	
3978.99976507976	69136	38132	
3977.99976138176	69180	38120	
3976.99976266353	69196	38109	
3975.99976394529	69168	38097	
3974.99976522706	69184	38086	
3973.99976152906	69180	38074	
3972.99976281083	69164	38063	
3971.9997640926	69184	38051	
3970.99976537437	69180	38040	
3969.99976167636	69196	38029	
3968.99976295813	69196	38017	
3967.9997642399	69132	38006	
3966.99976552167	69136	37994	
3965.99976182366	69212	37983	
3964.99976310543	69180	37971	
3963.9997643872	69180	37960	
3962.99976566897	69148	37948	
3961.99976197097	69168	37937	
3960.99976325274	69184	37925	
3959.99976453451	69168	37914	
3958.99976581627	69196	37902	
3957.99976211827	69168	37891	
3956.99976340004	69168	37880	
3955.99976468181	69152	37868	
3954.9997609838	69164	37857	
3953.99976226557	69200	37845	
3952.99976354734	69168	37834	
3951.99976482911	69184	37822	
3950.9997611311	69180	37811	
3949.99976241287	69136	37799	
3948.99976369464	69152	37788	
3947.99976497641	69136	37776	
3946.99976127841	69168	37765	
3945.99976256018	69184	37754	
3944.99976384195	69168	37742	
3943.99976512372	69136	37731	
3942.99976142571	69180	37719	
3941.99976270748	69180	37708	
3940.99976398925	69136	37696	
3939.99976527102	69168	37685	
3938.99976157301	69148	37673	
3937.99976285478	69152	37662	
3936.99976413655	69196	37650	
3935.99976541832	69168	37639	
3934.99976172031	69120	37628	
3933.99976300208	69168	37616	
3932.99976428385	69152	37605	
3931.99976556562	69136	37593	
3930.99976186762	69152	37582	
3929.99976314939	69196	37570	
3928.99976443116	69212	37559	
3927.99976571293	69200	37547	
3926.99976201492	69180	37536	
3925.99976827646	69196	37524	
3924.99976955823	69152	37513	
3923.99977084	69168	37502	
3922.999767142	69168	37490	
3921.99976842377	69168	37479	
3920.99976970554	69184	37467	
3919.99976600753	69184	37456	
3918.9997672893	69164	37444	
3917.99976857107	69152	37433	
3916.99976985284	69168	37421	
3915.99976615483	69200	37410	
3914.9997674366	69168	37398	
3913.99976871837	69168	37387	
3912.99977000014	69168	37376	
3911.99976630214	69200	37364	
3910.99976758391	69180	37353	
3909.99976886567	69184	37341	
3908.99977014744	69168	37330	
3907.99976644944	69148	37318	
3906.99976773121	69164	37307	
3905.99976901298	69168	37295	
3904.99977029475	69152	37284	
3903.99976659674	69164	37272	
3902.99976787851	69180	37261	
3901.99976916028	69168	37250	
3900.99977044205	69168	37238	
3899.99976674404	69184	37227	
3898.99976802581	69184	37215	
3897.99976930758	69180	37204	
3896.99977058935	69180	37192	
3895.99976689135	69164	37181	
3894.99976817312	69180	37169	
3893.99976945489	69164	37158	
3892.99977073665	69168	37147	
3891.99976703865	69200	37135	
3890.99976832042	69168	37124	
3889.99976960219	69200	37112	
3888.99977088396	69184	37101	
3887.99976718595	69184	37089	
3886.99976846772	69180	37078	
3885.99976974949	69168	37066	
3884.99976605148	69148	37055	
3883.99976733325	69164	37043	
3882.99976861502	69196	37032	
3881.99976989679	69184	37021	
3880.99976619879	69180	37009	
3879.99976748056	69180	36998	
3878.99976876233	69164	36986	
3877.9997700441	69200	36975	
3876.99976634609	69168	36963	
3875.99976762786	69184	36952	
3874.99976890963	69196	36940	
3873.9997701914	69184	36929	
3872.99976649339	69200	36918	
3871.99976777516	69184	36906	
3870.99976905693	69152	36895	
3869.9997703387	69184	36883	
3868.99976664069	69152	36872	
3867.99976792246	69164	36860	
3866.99976920423	69136	36849	
3865.999770486	69200	36837	
3864.999766788	69148	36826	
3863.99976806977	69196	36815	
3862.99976935154	69200	36803	
3861.99977063331	69164	36792	
3860.9997669353	69168	36780	
3859.99976821707	69168	36769	
3858.99976949884	69200	36757	
3857.99977078061	69184	36746	
3856.9997670826	69152	36734	
3855.99976836437	69152	36723	
3854.99976964614	69180	36712	
3853.99977092791	69148	36700	
3852.9997672299	69152	36689	
3851.99976851167	69180	36677	
3850.99976979344	69164	36666	
3849.99976609544	69200	36654	
3848.99976737721	69152	36643	
3847.99976865898	69152	36631	
3846.99976994075	69184	36620	
3845.99976624274	69164	36609	
3844.99976752451	69136	36597	
3843.99976880628	69184	36586	
3842.99977506782	69164	36574	
3841.99977136982	69164	36563	
3840.99977265159	69164	36551	
3839.99977393336	69196	36540	
3838.99977521513	69180	36528	
3837.99977151712	69180	36517	
3836.99977279889	69184	36506	
3835.99977408066	69196	36494	
3834.99977536243	69200	36483	
3833.99977166442	69152	36471	
3832.99977294619	69180	36460	
3831.99977422796	69216	36448	
3830.99977550973	69180	36437	
3829.99977181173	69168	36425	
3828.9997730935	69168	36414	
3827.99977437527	69168	36403	
3826.99977565703	69152	36391	
3825.99977195903	69180	36380	
3824.9997732408	69180	36368	
3823.99977452257	69200	36357	
3822.99977580434	69164	36345	
3821.99977210633	69184	36334	
3820.9997733881	69168	36322	
3819.99977466987	69164	36311	
3818.99977097186	69164	36300	
3817.99977225363	69196	36288	
3816.9997735354	69200	36277	
3815.99977481717	69136	36265	
3814.99977111917	69164	36254	
3813.99977240094	69164	36242	
3812.99977368271	69164	36231	
3811.99977496448	69180	36219	
3810.99977126647	69180	36208	
3809.99977254824	69168	36197	
3808.99977383001	69136	36185	
3807.99977511178	69168	36174	
3806.99977141377	69168	36162	
3805.99977269554	69168	36151	
3804.99977397731	69148	36139	
3803.99977525908	69184	36128	
3802.99977156107	69184	36116	
3801.99977284284	69136	36105	
3800.99977412461	69120	36094	
3799.99977540638	69164	36082	
3798.99977170838	69136	36071	
3797.99977299015	69180	36059	
3796.99977427192	69180	36048	
3795.99977555369	69148	36036	
3794.99977185568	69148	36025	
3793.99977313745	69164	36014	
3792.99977441922	69180	36002	
3791.99977570099	69136	35991	
3790.99977200298	69180	35979	
3789.99977328475	69164	35968	
3788.99977456652	69168	35956	
3787.99977584829	69152	35945	
3786.99977215028	69168	35933	
3785.99977343205	69164	35922	
3784.99977471382	69164	35911	
3783.99977101582	69168	35899	
3782.99977229759	69180	35888	
3781.99977357936	69196	35876	
3780.99977486113	69152	35865	
3779.99977116312	69164	35853	
3778.99977244489	69148	35842	
3777.99977372666	69164	35830	
3776.99977500843	69164	35819	
3775.99977131042	69212	35808	
3774.99977259219	69168	35796	
3773.99977387396	69200	35785	
3772.99977515573	69164	35773	
3771.99977145773	69168	35762	
3770.99977273949	69184	35750	
3769.99977402126	69180	35739	
3768.99977530303	69184	35728	
3767.99977160503	69164	35716	
3766.9997728868	69152	35705	
3765.99977416857	69212	35693	
3764.99977545034	69168	35682	
3763.99977175233	69216	35670	
3762.9997730341	69180	35659	
3761.99977431587	69168	35647	
3760.99977559764	69180	35636	
3759.99977189963	69168	35625	
3758.99977816118	69168	35613	
3757.99977944295	69168	35602	
3756.99978072472	69168	35590	
3755.99977702671	69148	35579	
3754.99977830848	69152	35567	
3753.99977959025	69164	35556	
3752.99978087202	69152	35545	
3751.99977717401	69184	35533	
3750.99977845578	69184	35522	
3749.99977973755	69180	35510	
3748.99977603955	69152	35499	
3747.99977732132	69148	35487	
3746.99977860309	69152	35476	
3745.99977988486	69152	35465	
3744.99977618685	69184	35453	
3743.99977746862	69164	35442	
3742.99977875039	69148	35430	
3741.99978003216	69180	35419	
3740.99977633415	69168	35407	
3739.99977761592	69180	35396	
3738.99977889769	69164	35384	
3737.99978017946	69168	35373	
3736.99977648145	69168	35362	
3735.99977776322	69168	35350	
3734.99977904499	69180	35339	
3733.99978032676	69152	35327	
3732.99977662876	69180	35316	
3731.99977791053	69168	35304	
3730.9997791923	69180	35293	
3729.99978047407	69196	35282	
3728.99977677606	69184	35270	
3727.99977805783	69148	35259	
3726.9997793396	69136	35247	
3725.99978062137	69168	35236	
3724.99977692336	69200	35224	
3723.99977820513	69212	35213	
3722.9997794869	69152	35202	
3721.99978076867	69148	35190	
3720.99977707067	69180	35179	
3719.99977835243	69180	35167	
3718.9997796342	69148	35156	
3717.9997759362	69152	35144	
3716.99977721797	69180	35133	
3715.99977849974	69168	35122	
3714.99977978151	69180	35110	
3713.9997760835	69184	35099	
3712.99977736527	69148	35087	
3711.99977864704	69168	35076	
3710.99977992881	69184	35064	
3709.9997762308	69196	35053	
3708.99977751257	69164	35042	
3707.99977879434	69164	35030	
3706.99978007611	69196	35019	
3705.99977637811	69164	35007	
3704.99977765988	69168	34996	
3703.99977894164	69132	34984	
3702.99978022341	69180	34973	
3701.99977652541	69184	34962	
3700.99977780718	69152	34950	
3699.99977908895	69196	34939	
3698.99978037072	69168	34927	
3697.99977667271	69148	34916	
3696.99977795448	69148	34904	
3695.99977923625	69168	34893	
3694.99978051802	69180	34881	
3693.99977682001	69184	34870	
3692.99977810178	69164	34859	
3691.99977938355	69212	34847	
3690.99978066532	69184	34836	
3689.99977696732	69180	34824	
3688.99977824909	69164	34813	
3687.99977953086	69164	34801	
3686.99978081262	69152	34790	
3685.99977711462	69164	34779	
3684.99977839639	69168	34767	
3683.99977967816	69180	34756	
3682.99977598015	69152	34744	
3681.99977726192	69164	34733	
3680.99977854369	69164	34721	
3679.99977982546	69168	34710	
3678.99977612745	69196	34699	
3677.99977740922	69196	34687	
3676.99977869099	69164	34676	
3675.99978495254	69180	34664	
3674.99978125453	69132	34653	
3673.9997825363	69180	34641	
3672.99978381807	69200	34630	
3671.99978509984	69152	34619	
3670.99978140183	69168	34607	
3669.9997826836	69152	34596	
3668.99978396537	69152	34584	
3667.99978524714	69164	34573	
3666.99978154914	69132	34562	
3665.99978283091	69200	34550	
3664.99978411268	69184	34539	
3663.99978539445	69180	34527	
3662.99978169644	69180	34516	
3661.99978297821	69148	34504	
3660.99978425998	69200	34493	
3659.99978554175	69148	34482	
3658.99978184374	69184	34470	
3657.99978312551	69180	34459	
3656.99978440728	69168	34447	
3655.99978568905	69136	34436	
3654.99978199105	69168	34424	
3653.99978327281	69168	34413	
3652.99978455458	69180	34402	
3651.99978583635	69152	34390	
3650.99978213835	69180	34379	
3649.99978342012	69116	34367	
3648.99978470189	69152	34356	
3647.99978100388	69148	34344	
3646.99978228565	69168	34333	
3645.99978356742	69136	34322	
3644.99978484919	69152	34310	
3643.99978115118	69164	34299	
3642.99978243295	69164	34287	
3641.99978371472	69132	34276	
3640.99978499649	69136	34264	
3639.99978129849	69132	34253	
3638.99978258026	69152	34242	
3637.99978386202	69184	34230	
3636.99978514379	69136	34219	
3635.99978144579	69152	34207	
3634.99978272756	69116	34196	
3633.99978400933	69164	34184	
3632.9997852911	69168	34173	
3631.99978159309	69196	34162	
3630.99978287486	69164	34150	
3629.99978415663	69136	34139	
3628.9997854384	69136	34127	
3627.99978174039	69168	34116	
3626.99978302216	69120	34105	
3625.99978430393	69196	34093	
3624.9997855857	69184	34082	
3623.9997818877	69168	34070	
3622.99978316947	69164	34059	
3621.99978445124	69180	34047	
3620.999785733	69184	34036	
3619.999782035	69148	34025	
3618.99978331677	69148	34013	
3617.99978459854	69168	34002	
9.99999714185575	69180	0	
19.9999992634872	69164	0	
29.999996405343	69168	0	
39.9999985269744	69196	0	
49.9999956688302	69180	0	
59.9999977904616	69152	0	
69.9999999120931	69164	0	
79.9999970539488	69184	0	
89.9999941958046	69148	0	
99.9999913376603	69196	0	
109.999993459292	69196	0	
119.999990601148	69164	0	
129.999992722779	69184	0	
139.99999484441	69184	0	
149.999991986266	69184	0	
159.999994107898	69152	109	
169.999986269978	69164	280	
179.999988391609	69168	451	
189.999985533465	69212	622	
199.999987655096	69212	792	
209.999989776728	69200	962	
219.999986918584	69180	1132	
229.999989040215	69200	1302	
239.999986182071	69180	1472	
249.999988303702	69184	1641	
259.999980465782	69180	1810	
269.999982587414	69180	1979	
279.999984709045	69152	2148	
289.999981850901	69180	2317	
299.999983972532	69168	2486	
309.999981114388	69196	2654	
319.99998323602	69164	2822	
329.999980377875	69180	2990	
339.999977519731	69200	3158	
349.999979641363	69180	3326	
359.999976783218	69184	3493	
369.99997890485	69180	3661	
379.999976046706	69180	3828	
389.999978168337	69200	3995	
399.999975310193	69148	4162	
409.999977431824	69184	4328	
419.99997457368	69152	4495	
429.999971715536	69168	4661	
439.999973837167	69212	4827	
449.999970979023	69152	4993	
459.999973100654	69184	5159	
469.99997024251	69168	5325	
479.999972364142	69148	5490	
489.999974485773	69168	5654	
499.999971627629	69184	5818	
509.999968769485	69164	5982	
519.99996591134	69152	6145	
529.999968032972	69180	6307	
539.999965174828	69148	6469	
549.999967296459	69168	6630	
559.99996941809	69148	6791	
569.999966559946	69168	6951	
579.999968681578	69168	7111	
589.999960843658	69168	7271	
599.999962965289	69212	7429	
609.999965086921	69196	7588	
619.999962228776	69168	7746	
629.999964350408	69180	7903	
639.999961492264	69200	8060	
649.999963613895	69180	8216	
659.999960755751	69164	8373	
669.999957897607	69180	8528	
679.999960019238	69200	8683	
689.999957161094	69180	8838	
699.999959282725	69148	8993	
709.999956424581	69200	9147	
719.999958546213	69180	9300	
729.999955688068	69164	9453	
739.9999578097	69180	9606	
749.999959931331	69168	9759	
759.999952093411	69180	9911	
769.999954215043	69164	10062	
779.999951356898	69136	10214	
789.99995347853	69180	10365	
799.999950620386	69196	10515	
809.999952742017	69168	10665	
819.999954863649	69136	10815	
829.999952005504	69200	10965	
839.99994914736	69184	11114	
849.999946289216	69152	11263	
859.999948410847	69184	11412	
869.999945552703	69200	11560	
879.999947674335	69164	11708	
889.999949795966	69168	11855	
899.999946937822	69180	12003	
909.999949059453	69168	12150	
919.999941221533	69168	12296	
929.999943343165	69180	12443	
939.99994048502	69180	12589	
949.999942606652	69152	12735	
959.999944728283	69168	12880	
969.999941870139	69196	13025	
979.999943991771	69132	13170	
989.999941133626	69152	13315	
999.999943255258	69164	13459	
1009.99993541734	69152	13603	
1019.99993753897	69212	13747	
1029.9999396606	69168	13891	
1039.99993680246	69148	14034	
1049.99993892409	69184	14177	
1059.99993606594	69148	14320	
1069.99993818758	69212	14463	
1079.99993532943	69136	14605	
1089.99993247129	69152	14747	
1099.99993459292	69184	14889	
1109.99993173477	69152	15030	
1119.99993385641	69168	15172	
1129.99993099826	69184	15313	
1139.99993311989	69164	15454	
1149.99993524152	69152	15594	
1159.99993238338	69180	15735	
1169.99992952524	69168	15875	
1179.99992666709	69164	16015	
1189.99992878872	69168	16155	
1199.99992593058	69164	16294	
1209.99992805221	69200	16434	
1219.99993017384	69164	16573	
1229.9999273157	69164	16712	
1239.99992943733	69168	16850	
1249.99992657918	69168	16989	
1259.99992372104	69164	17127	
1269.9999208629	69168	17265	
1279.99992298453	69180	17403	
1289.99992510616	69196	17541	
1299.99992224801	69200	17678	
1309.99992436965	69200	17816	
1319.9999215115	69168	17953	
1329.99992363313	69184	18090	
1339.99991579521	69148	18227	
1349.99991791684	69152	18363	
1359.99992003848	69212	18499	
1369.99991718033	69180	18636	
1379.99991930196	69168	18772	
1389.99991644382	69168	18908	
1399.99991856545	69168	19043	
1409.99991570731	69136	19179	
1419.99991782894	69196	19314	
1429.99991497079	69164	19449	
1439.99991211265	69136	19584	
1449.99991423428	69168	19719	
1459.99991137614	69184	19854	
1469.99991349777	69180	19988	
1479.99991063962	69152	20122	
1489.99991276126	69152	20257	
1499.99991488289	69196	20391	
1509.99990704497	69168	20524	
1519.9999091666	69168	20658	
1529.99990630845	69196	20792	
1539.99990843009	69168	20925	
1549.99990557194	69180	21058	
1559.99990769357	69152	21191	
1569.9999098152	69168	21324	
1579.99990695706	69184	21457	
1589.99990409892	69184	21590	
1599.99990124077	69168	21722	
1609.9999033624	69164	21855	
1619.99990050426	69164	21987	
1629.99990262589	69136	22119	
1639.99990474752	69168	22251	
1649.99990188938	69164	22383	
1659.99990401101	69136	22514	
1669.99990115286	69152	22646	
1679.99989829472	69168	22777	
1689.99989543658	69152	22908	
1699.99989755821	69164	23040	
1709.99989967984	69180	23171	
1719.99989682169	69168	23301	
1729.99989894333	69136	23432	
1739.99989608518	69164	23563	
1749.99989820681	69168	23693	
1759.99989534867	69164	23824	
1769.99989249052	69184	23954	
1779.99989461216	69164	24084	
1789.99989175401	69152	24214	
1799.99989387564	69180	24344	
1809.9998910175	69164	24474	
1819.99989313913	69164	24603	
1829.99989526076	69196	24733	
1839.99988742284	69152	24862	
1849.99988954447	69148	24991	
1859.99988668633	69180	25121	
1869.99988880796	69164	25250	
1879.99988594982	69180	25379	
1889.99988807145	69152	25507	
1899.99989019308	69168	25636	
1909.99988733494	69148	25765	
1919.99988945657	69136	25893	
1929.99988161865	69184	26022	
1939.99988374028	69168	26150	
1949.99988088213	69180	26278	
1959.99988300377	69184	26406	
1969.9998851254	69164	26534	
1979.99988226725	69136	26662	
1989.99988438888	69148	26790	
1999.99988153074	69168	26917	
2009.9998786726	69164	27045	
2019.99987581445	69148	27173	
2029.99987793608	69184	27300	
2039.99988005771	69196	27427	
2049.99987719957	69196	27554	
2059.9998793212	69168	27681	
2069.99987646306	69164	27808	
2079.99987858469	69164	27935	
2089.99987074677	69196	28062	
2099.9998728684	69200	28189	
2109.99987499003	69180	28315	
2119.99987213189	69180	28442	
2129.99987425352	69164	28568	
2139.99987139537	69168	28695	
2149.99987351701	69180	28821	
2159.99987065886	69164	28947	
2169.99987278049	69164	29073	
2179.99986992235	69152	29199	
2189.9998670642	69164	29325	
2199.99986918584	69164	29451	
2209.99986632769	69184	29576	
2219.99986844932	69184	29702	
2229.99986559118	69168	29828	
2239.99986771281	69164	29953	
2249.99986983444	69184	30078	
2259.99986199652	69148	30204	
2269.99986411815	69152	30329	
2279.99986126001	69184	30454	
2289.99986338164	69216	30579	
2299.99986550327	69184	30704	
2309.99986264513	69164	30829	
2319.99986476676	69180	30954	
2329.99986190862	69180	31078	
2339.99985905047	69152	31203	
2349.99985619233	69152	31328	
2359.99985831396	69168	31452	
2369.99986043559	69152	31577	
2379.99985757745	69184	31701	
2389.99985969908	69184	31825	
2399.99985684093	69164	31949	
2409.99985896256	69168	32074	
2419.99985610442	69164	32198	
2429.99985324628	69196	32322	
2439.99985536791	69164	32446	
2449.99985250976	69168	32569	
2459.99985463139	69152	32693	
2469.99985177325	69196	32817	
2479.99985389488	69196	32940	
2489.99985103674	69184	33064	
2499.99985315837	69196	33187	
2509.99985030022	69200	33311	
2519.99984744208	69164	33434	
2529.99984956371	69148	33558	
2539.99984670557	69152	33681	
2549.9998488272	69168	33804	
2559.99984596905	69180	33927	
2569.99984809069	69164	34050	
2579.99985021232	69164	34173	
2589.9998423744	69152	34296	
2599.99984449603	69212	34419	
2609.99984163788	69152	34541	
2619.99984375952	69184	34664	
2629.99984090137	69180	34787	
2639.999843023	69212	34909	
2649.99984514463	69184	35032	
2659.99984228649	69152	35154	
2669.99984440812	69136	35277	
2679.9998365702	69196	35399	
2689.99983869183	69152	35521	
2699.99983583369	69196	35643	
2709.99983795532	69180	35766	
2719.99984007695	69184	35888	
2729.99983721881	69212	36010	
2739.99983934044	69168	36132	
2749.9998364823	69152	36254	
2759.99983362415	69216	36376	
2769.99983076601	69152	36497	
2779.99983288764	69180	36619	
2789.99983500927	69180	36741	
2799.99983215113	69184	36862	
2809.99983427276	69184	36984	
2819.99983141461	69180	37105	
2829.99983353624	69168	37227	
2839.99983565788	69212	37348	
2849.99982781996	69180	37470	
2859.99982994159	69148	37591	
2869.99982708344	69200	37712	
2879.99982920507	69180	37833	
2889.99982634693	69168	37955	
2899.99982846856	69168	38076	
2909.99983059019	69152	38197	
2919.99982773205	69200	38318	
2929.9998248739	69180	38439	
2939.99982201576	69168	38560	
2949.99982413739	69168	38680	
2959.99982127925	69152	38801	
2969.99982340088	69168	38922	
2979.99982552251	69152	39043	
2989.99982266437	69180	39163	
2999.999824786	69184	39284	
3009.99981694808	69164	39404	
3019.99981906971	69180	39525	
3029.99981621156	69152	39645	
3039.9998183332	69196	39766	
3049.99982045483	69196	39886	
3059.99981759668	69148	40006	
3069.99981971831	69180	40127	
3079.99981686017	69132	40247	
3089.9998189818	69196	40367	
3099.99981114388	69180	40487	
3109.99981326551	69168	40607	
3119.99981538715	69180	40727	
3129.999812529	69132	40847	
3139.99981465063	69168	40967	
3149.99981179249	69180	41087	
3159.99981391412	69180	41207	
3169.99981105598	69164	41327	
3179.99980819783	69180	41447	
3189.99981031946	69180	41566	
3199.99980746132	69180	41686	
3209.99980958295	69164	41806	
3219.99980672481	69216	41925	
3229.99980884644	69196	42045	
3239.99980598829	69184	42164	
3249.99980810992	69196	42284	
3259.99980525178	69152	42403	
3269.99980239364	69184	42523	
3279.99980451527	69152	42642	
3289.99980165712	69168	42761	
3299.99980377875	69180	42881	
3309.99980092061	69168	43000	
3319.99980304224	69196	43119	
3329.99980516387	69180	43238	
3339.99980230573	69152	43358	
3349.99979944758	69164	43477	
3359.99979658944	69180	43596	
3369.99979871107	69152	43715	
3379.99979585293	69168	43834	
3389.99979797456	69148	43953	
3399.99980009619	69148	44071	
3409.99979723805	69164	44190	
3419.99979935968	69168	44309	
3429.99979152176	69180	44428	
3439.99979364339	69164	44547	
3449.99979576502	69136	44665	
3459.99979290688	69148	44784	
3469.99979502851	69104	44903	
3479.99979217036	69184	45021	
3489.99979429199	69120	45140	
3499.99979143385	69184	45258	
3509.99978857571	69152	45377	
3519.99979069734	69164	45495	
3529.99978783919	69196	45614	
3539.99978996083	69120	45732	
3549.99978710268	69136	45851	
3559.99978922431	69148	45969	
3569.99978636617	69136	46087	
3579.9997884878	69148	46205	
3589.99979060943	69168	46324	
3599.99978277151	69164	46442	
3609.99978489314	69228	46560	
3619.999782035	69168	46678	
3629.99978415663	69148	46796	
3639.99978129849	69152	46914	
3649.99978342012	69212	47032	
3659.99978554175	69168	47150	
3669.9997826836	69148	47268	
3679.99977982546	69136	47386	
3689.99977696732	69148	47504	
3699.99977908895	69168	47622	
3709.9997762308	69180	47740	
3719.99977835243	69200	47858	
3729.99978047407	69200	47976	
3739.99977761592	69180	48093	
3749.99977973755	69132	48211	
3759.99977189963	69148	48329	
3769.99977402126	69132	48446	
3779.99977116312	69152	48564	
3789.99977328475	69136	48682	
3799.99977540638	69196	48799	
3809.99977254824	69164	48917	
3819.99977466987	69196	49034	
3829.99977181173	69216	49152	
3839.99977393336	69196	49269	
3849.99976609544	69184	49387	
3859.99976821707	69132	49504	
3869.9997703387	69168	49622	
3879.99976748056	69136	49739	
3889.99976960219	69168	49856	
3899.99976674404	69180	49974	
3909.99976886567	69164	50091	
3919.99976600753	69196	50208	
3929.99976314939	69200	50325	
3939.99976527102	69180	50442	
3949.99976241287	69232	50560	
3959.99976453451	69148	50677	
3969.99976167636	69184	50794	
3979.99976379799	69136	50911	
3989.99976591962	69168	51028	
3999.99976306148	69164	51145	
4009.99976518311	69180	51262	
4019.99975734519	69152	51379	
4029.99975946682	69152	51496	
4039.99975660868	69200	51613	
4049.99975873031	69212	51730	
4059.99976085194	69148	51847	
4069.9997579938	69148	51964	
4079.99976011543	69184	52080	
4089.99975725728	69148	52197	
4099.99975439914	69152	52314	
4109.999751541	69152	52431	
4119.99975366263	69168	52548	
4129.99975578426	69136	52664	
4139.99975292611	69212	52781	
4149.99975504775	69196	52898	
4159.9997521896	69184	53014	
4169.99975431123	69152	53131	
4179.99974647331	69152	53247	
4189.99974859494	69152	53364	
4199.99975071658	69180	53481	
4209.99974785843	69164	53597	
4219.99974998006	69196	53714	
4229.99974712192	69200	53830	
4239.99974924355	69196	53947	
4249.99974638541	69212	54063	
4259.99974850704	69168	54179	
4269.99974564889	69168	54296	
4279.99974279075	69168	54412	
4289.99974491238	69168	54529	
4299.99974205424	69164	54645	
4309.99974417587	69164	54761	
4319.99974131772	69164	54878	
4329.99974343936	69136	54994	
4339.99974556099	69184	55110	
4349.99973772307	69184	55226	
4359.9997398447	69168	55342	
4369.99973698655	69152	55459	
4379.99973910819	69184	55575	
4389.99973625004	69184	55691	
4399.99973837167	69184	55807	
4409.9997404933	69164	55923	
4419.99973763516	69148	56039	
4429.99973477702	69148	56155	
4439.99973191887	69212	56271	
4449.9997340405	69180	56387	
4459.99973118236	69180	56503	
4469.99973330399	69180	56619	
4479.99973542562	69164	56735	
4489.99973256748	69184	56851	
4499.99973468911	69136	56967	
4509.99973183096	69152	57083	
4519.99972897282	69196	57199	
4529.99972611468	69136	57315	
4539.99972823631	69164	57431	
4549.99973035794	69180	57547	
4559.99972749979	69180	57662	
4569.99972962143	69180	57778	
4579.99972676328	69164	57894	
4589.99972888491	69184	58010	
4599.99972602677	69168	58125	
4609.99972316862	69152	58241	
4619.99972529026	69168	58357	
4629.99972243211	69180	58473	
4639.99972455374	69164	58588	
4649.9997216956	69180	58704	
4659.99972381723	69180	58820	
4669.99972593886	69184	58935	
4679.99971810094	69164	59051	
4689.99972022257	69148	59166	
4699.99971736443	69136	59282	
4709.99971948606	69132	59397	
4719.99971662792	69136	59513	
4729.99971874955	69180	59629	
4739.99972087118	69168	59744	
4749.99971801303	69168	59860	
4759.99972013467	69168	59975	
4769.99971229675	69164	60090	
4779.99971441838	69168	60206	
4789.99971156023	69196	60321	
4799.99971368187	69148	60437	
4809.9997158035	69180	60552	
4819.99971294535	69180	60667	
4829.99971506698	69184	60783	
4839.99971220884	69148	60898	
4849.9997093507	69184	61013	
4859.99970649255	69168	61129	
4869.99970861418	69164	61244	
4879.99971073581	69196	61359	
4889.99970787767	69200	61475	
4899.9997099993	69168	61590	
4909.99970714116	69164	61705	
4919.99970926279	69164	61820	
4929.99970142487	69184	61935	
4939.9997035465	69184	62051	
4949.99970566813	69132	62166	
4959.99970280999	69212	62281	
4969.99970493162	69212	62396	
4979.99970207347	69148	62511	
4989.99970419511	69180	62626	
4999.99970133696	69168	62741	
5009.99970345859	69184	62857	
4999.99970133696	69168	62668	
4989.99970419511	69168	62480	
4979.99970207347	69136	62293	
4969.99970493162	69180	62106	
4959.99970280999	69152	61919	
4949.99970566813	69168	61732	
4939.9997035465	69180	61545	
4929.99970142487	69168	61359	
4919.99970926279	69148	61173	
4909.99970714116	69148	60988	
4899.9997099993	69196	60803	
4889.99970787767	69164	60618	
4879.99971073581	69168	60433	
4869.99970861418	69184	60248	
4859.99970649255	69180	60064	
4849.9997093507	69196	59880	
4839.99971220884	69164	59697	
4829.99971506698	69184	59513	
4819.99971294535	69168	59330	
4809.9997158035	69164	59147	
4799.99971368187	69196	58965	
4789.99971156023	69152	58782	
4779.99971441838	69152	58600	
4769.99971229675	69196	58418	
4759.99972013467	69200	58237	
4749.99971801303	69184	58055	
4739.99972087118	69212	57874	
4729.99971874955	69164	57693	
4719.99971662792	69212	57513	
4709.99971948606	69212	57332	
4699.99971736443	69180	57152	
4689.99972022257	69180	56973	
4679.99971810094	69196	56793	
4669.99972593886	69200	56614	
4659.99972381723	69196	56434	
4649.9997216956	69184	56256	
4639.99972455374	69152	56077	
4629.99972243211	69152	55898	
4619.99972529026	69180	55720	
4609.99972316862	69164	55542	
4599.99972602677	69164	55365	
4589.99972888491	69164	55187	
4579.99972676328	69180	55010	
4569.99972962143	69164	54833	
4559.99972749979	69168	54656	
4549.99973035794	69180	54479	
4539.99972823631	69200	54303	
4529.99972611468	69152	54127	
4519.99972897282	69196	53951	
4509.99973183096	69180	53775	
4499.99973468911	69184	53600	
4489.99973256748	69164	53424	
4479.99973542562	69164	53249	
4469.99973330399	69168	53074	
4459.99973118236	69196	52900	
4449.9997340405	69152	52725	
4439.99973191887	69152	52551	
4429.99973477702	69180	52377	
4419.99973763516	69184	52203	
4409.9997404933	69168	52030	
4399.99973837167	69136	51856	
4389.99973625004	69180	51683	
4379.99973910819	69180	51510	
4369.99973698655	69168	51337	
4359.9997398447	69200	51165	
4349.99973772307	69120	50992	
4339.99974556099	69164	50820	
4329.99974343936	69200	50648	
4319.99974131772	69148	50476	
4309.99974417587	69180	50305	
4299.99974205424	69136	50133	
4289.99974491238	69136	49962	
4279.99974279075	69164	49791	
4269.99974564889	69196	49620	
4259.99974850704	69196	49449	
4249.99974638541	69180	49279	
4239.99974924355	69228	49109	
4229.99974712192	69200	48938	
4219.99974998006	69136	48768	
4209.99974785843	69132	48599	
4199.99975071658	69152	48429	
4189.99974859494	69168	48260	
4179.99974647331	69180	48091	
4169.99975431123	69168	47922	
4159.9997521896	69180	47753	
4149.99975504775	69196	47584	
4139.99975292611	69180	47416	
4129.99975578426	69164	47247	
4119.99975366263	69164	47079	
4109.999751541	69164	46911	
4099.99975439914	69164	46744	
4089.99975725728	69164	46576	
4079.99976011543	69148	46408	
4069.9997579938	69152	46241	
4059.99976085194	69168	46074	
4049.99975873031	69164	45907	
4039.99975660868	69180	45740	
4029.99975946682	69180	45574	
4019.99975734519	69168	45407	
4009.99976518311	69168	45241	
3999.99976306148	69184	45075	
3989.99976591962	69184	44909	
3979.99976379799	69168	44743	
3969.99976167636	69180	44578	
3959.99976453451	69148	44413	
3949.99976241287	69212	44249	
3939.99976527102	69164	44085	
3929.99976314939	69164	43922	
3919.99976600753	69184	43759	
3909.99976886567	69184	43597	
3899.99976674404	69196	43435	
3889.99976960219	69184	43274	
3879.99976748056	69212	43113	
3869.9997703387	69168	42953	
3859.99976821707	69148	42794	
3849.99976609544	69164	42635	
3839.99977393336	69152	42476	
3829.99977181173	69148	42318	
3819.99977466987	69184	42160	
3809.99977254824	69164	42003	
3799.99977540638	69180	41846	
3789.99977328475	69164	41690	
3779.99977116312	69180	41534	
3769.99977402126	69180	41379	
3759.99977189963	69164	41224	
3749.99977973755	69164	41069	
3739.99977761592	69228	40915	
3729.99978047407	69184	40761	
3719.99977835243	69196	40607	
3709.9997762308	69184	40454	
3699.99977908895	69168	40302	
3689.99977696732	69228	40149	
3679.99977982546	69168	39998	
3669.9997826836	69196	39846	
3659.99978554175	69200	39695	
3649.99978342012	69196	39544	
3639.99978129849	69200	39394	
3629.99978415663	69196	39244	
3619.999782035	69200	39094	
3609.99978489314	69184	38944	
3599.99978277151	69184	38795	
3589.99979060943	69180	38647	
3579.9997884878	69180	38498	
3569.99978636617	69148	38350	
3559.99978922431	69148	38202	
3549.99978710268	69152	38055	
3539.99978996083	69164	37908	
3529.99978783919	69168	37761	
3519.99979069734	69200	37614	
3509.99978857571	69148	37468	
3499.99979143385	69180	37322	
3489.99979429199	69152	37176	
3479.99979217036	69184	37031	
3469.99979502851	69184	36886	
3459.99979290688	69164	36741	
3449.99979576502	69136	36596	
3439.99979364339	69200	36452	
3429.99979152176	69184	36308	
3419.99979935968	69132	36164	
3409.99979723805	69148	36021	
3399.99980009619	69196	35878	
3389.99979797456	69164	35735	
3379.99979585293	69164	35592	
3369.99979871107	69196	35450	
3359.99979658944	69212	35307	
3349.99979944758	69180	35165	
3339.99980230573	69136	35024	
3329.99980516387	69184	34882	
3319.99980304224	69180	34741	
3309.99980092061	69180	34600	
3299.99980377875	69136	34459	
3289.99980165712	69148	34319	
3279.99980451527	69148	34178	
3269.99980239364	69196	34038	
3259.99980525178	69148	33898	
3249.99980810992	69164	33759	
3239.99980598829	69164	33619	
3229.99980884644	69136	33480	
3219.99980672481	69164	33341	
3209.99980958295	69164	33202	
3199.99980746132	69196	33063	
3189.99981031946	69168	32925	
3179.99980819783	69164	32787	
3169.99981105598	69152	32649	
3159.99981391412	69148	32511	
3149.99981179249	69180	32373	
3139.99981465063	69168	32236	
3129.999812529	69180	32099	
3119.99981538715	69180	31962	
3109.99981326551	69136	31825	
3099.99981114388	69184	31688	
3089.9998189818	69168	31552	
3079.99981686017	69180	31415	
3069.99981971831	69196	31279	
3059.99981759668	69168	31143	
3049.99982045483	69164	31008	
3039.9998183332	69148	30872	
3029.99981621156	69148	30736	
3019.99981906971	69184	30601	
3009.99981694808	69180	30466	
2999.999824786	69168	30331	
2989.99982266437	69164	30196	
2979.99982552251	69152	30062	
2969.99982340088	69132	29927	
2959.99982127925	69168	29793	
2949.99982413739	69180	29659	
2939.99982201576	69164	29525	
2929.9998248739	69152	29391	
2919.99982773205	69164	29258	
2909.99983059019	69164	29124	
2899.99982846856	69196	28991	
2889.99982634693	69184	28858	
2879.99982920507	69184	28725	
2869.99982708344	69180	28592	
2859.99982994159	69164	28459	
2849.99982781996	69168	28327	
2839.99983565788	69168	28194	
2829.99983353624	69152	28062	
2819.99983141461	69116	27930	
2809.99983427276	69200	27798	
2799.99983215113	69168	27666	
2789.99983500927	69148	27534	
2779.99983288764	69180	27402	
2769.99983076601	69212	27271	
2759.99983362415	69184	27140	
2749.9998364823	69168	27008	
2739.99983934044	69184	26877	
2729.99983721881	69196	26746	
2719.99984007695	69180	26616	
2709.99983795532	69180	26485	
2699.99983583369	69152	26354	
2689.99983869183	69184	26224	
2679.9998365702	69200	26094	
2669.99984440812	69136	25963	
2659.99984228649	69168	25833	
2649.99984514463	69148	25703	
2639.999843023	69180	25574	
2629.99984090137	69180	25444	
2619.99984375952	69180	25314	
2609.99984163788	69200	25185	
2599.99984449603	69148	25056	
2589.9998423744	69180	24926	
2579.99985021232	69180	24797	
2569.99984809069	69180	24668	
2559.99984596905	69168	24539	
2549.9998488272	69180	24411	
2539.99984670557	69168	24282	
2529.99984956371	69216	24153	
2519.99984744208	69168	24025	
2509.99985030022	69152	23896	
2499.99985315837	69148	23768	
2489.99985103674	69168	23640	
2479.99985389488	69164	23512	
2469.99985177325	69180	23384	
2459.99985463139	69184	23256	
2449.99985250976	69164	23129	
2439.99985536791	69180	23001	
2429.99985324628	69152	22873	
2419.99985610442	69168	22746	
2409.99985896256	69148	22619	
2399.99985684093	69200	22491	
2389.99985969908	69184	22364	
2379.99985757745	69164	22237	
2369.99986043559	69212	22110	
2359.99985831396	69180	21983	
2349.99985619233	69152	21857	
2339.99985905047	69164	21730	
2329.99986190862	69148	21604	
2319.99986476676	69164	21477	
2309.99986264513	69184	21351	
2299.99986550327	69184	21224	
2289.99986338164	69184	21098	
2279.99986126001	69164	20972	
2269.99986411815	69120	20846	
2259.99986199652	69196	20720	
2249.99986983444	69180	20594	
2239.99986771281	69180	20469	
2229.99986559118	69180	20343	
2219.99986844932	69180	20217	
2209.99986632769	69180	20092	
2199.99986918584	69180	19966	
2189.9998670642	69152	19841	
2179.99986992235	69184	19716	
2169.99987278049	69184	19591	
2159.99987065886	69180	19465	
2149.99987351701	69184	19340	
2139.99987139537	69168	19215	
2129.99987425352	69180	19091	
2119.99987213189	69200	18966	
2109.99987499003	69164	18841	
2099.9998728684	69200	18717	
2089.99987074677	69152	18592	
2079.99987858469	69168	18468	
2069.99987646306	69168	18343	
2059.9998793212	69148	18219	
2049.99987719957	69212	18095	
2039.99988005771	69196	17970	
2029.99987793608	69216	17846	
2019.99987581445	69168	17722	
2009.9998786726	69184	17598	
1999.99988153074	69180	17474	
1989.99988438888	69120	17351	
1979.99988226725	69184	17227	
1969.9998851254	69164	17103	
1959.99988300377	69200	16980	
1949.99988088213	69196	16856	
1939.99988374028	69148	16733	
1929.99988161865	69212	16609	
1919.99988945657	69184	16486	
1909.99988733494	69168	16363	
1899.99989019308	69180	16240	
1889.99988807145	69168	16116	
1879.99988594982	69164	15993	
1869.99988880796	69180	15870	
1859.99988668633	69180	15747	
1849.99988954447	69148	15625	
1839.99988742284	69152	15502	
1829.99989526076	69180	15379	
1819.99989313913	69184	15256	
1809.9998910175	69184	15134	
1799.99989387564	69184	15011	
1789.99989175401	69164	14889	
1779.99989461216	69184	14766	
1769.99989249052	69180	14644	
1759.99989534867	69196	14522	
1749.99989820681	69152	14399	
1739.99989608518	69196	14277	
1729.99989894333	69164	14155	
1719.99989682169	69180	14033	
1709.99989967984	69180	13911	
1699.99989755821	69168	13789	
1689.99989543658	69152	13667	
1679.99989829472	69164	13545	
1669.99990115286	69164	13424	
1659.99990401101	69164	13302	
1649.99990188938	69180	13180	
1639.99990474752	69168	13059	
1629.99990262589	69168	12937	
1619.99990050426	69168	12816	
1609.9999033624	69136	12694	
1599.99990124077	69168	12573	
1589.99990409892	69164	12451	
1579.99990695706	69168	12330	
1569.9999098152	69164	12209	
1559.99990769357	69164	12088	
1549.99990557194	69164	11967	
1539.99990843009	69200	11845	
1529.99990630845	69152	11724	
1519.9999091666	69136	11603	
1509.99990704497	69212	11483	
1499.99991488289	69148	11362	
1489.99991276126	69136	11241	
1479.99991063962	69180	11120	
1469.99991349777	69132	10999	
1459.99991137614	69180	10879	
1449.99991423428	69164	10758	
1439.99991211265	69164	10637	
1429.99991497079	69184	10517	
1419.99991782894	69152	10396	
1409.99991570731	69184	10276	
1399.99991856545	69152	10156	
1389.99991644382	69136	10035	
1379.99991930196	69148	9915	
1369.99991718033	69180	9795	
1359.99992003848	69152	9675	
1349.99991791684	69168	9554	
1339.99991579521	69168	9434	
1329.99992363313	69168	9314	
1319.9999215115	69184	9194	
1309.99992436965	69168	9074	
1299.99992224801	69168	8954	
1289.99992510616	69180	8834	
1279.99992298453	69168	8715	
1269.9999208629	69168	8595	
1259.99992372104	69180	8475	
1249.99992657918	69196	8355	
1239.99992943733	69104	8236	
1229.9999273157	69180	8116	
1219.99993017384	69164	7996	
1209.99992805221	69164	7877	
1199.99992593058	69196	7757	
1189.99992878872	69164	7638	
1179.99992666709	69148	7518	
1169.99992952524	69132	7399	
1159.99993238338	69180	7280	
1149.99993524152	69180	7160	
1139.99993311989	69164	7041	
1129.99993099826	69148	6922	
1119.99993385641	69148	6803	
1109.99993173477	69180	6684	
1099.99993459292	69168	6564	
1089.99993247129	69180	6445	
1079.99993532943	69168	6326	
1069.99993818758	69164	6207	
1059.99993606594	69164	6088	
1049.99993892409	69168	5970	
1039.99993680246	69168	5851	
1029.9999396606	69196	5732	
1019.99993753897	69184	5613	
1009.99993541734	69180	5494	
999.999943255258	69200	5375	
989.999941133626	69184	5257	
979.999943991771	69180	5138	
969.999941870139	69180	5019	
959.999944728283	69180	4901	
949.999942606652	69152	4782	
939.99994048502	69180	4664	
929.999943343165	69168	4545	
919.999941221533	69168	4427	
909.999949059453	69152	4308	
899.999946937822	69152	4190	
889.999949795966	69136	4072	
879.999947674335	69180	3953	
869.999945552703	69168	3835	
859.999948410847	69136	3717	
849.999946289216	69196	3599	
839.99994914736	69164	3480	
829.999952005504	69148	3362	
819.999954863649	69184	3244	
809.999952742017	69168	3126	
799.999950620386	69196	3008	
789.99995347853	69152	2890	
779.999951356898	69196	2772	
769.999954215043	69184	2654	
759.999952093411	69168	2536	
749.999959931331	69164	2418	
739.9999578097	69168	2300	
729.999955688068	69184	2183	
719.999958546213	69180	2065	
709.999956424581	69164	1947	
699.999959282725	69152	1829	
689.999957161094	69164	1712	
679.999960019238	69148	1594	
669.999957897607	69164	1476	
659.999960755751	69148	1359	
649.999963613895	69196	1241	
639.999961492264	69184	1123	
629.999964350408	69180	1006	
619.999962228776	69168	888	
609.999965086921	69180	771	
599.999962965289	69212	653	
589.999960843658	69212	536	
579.999968681578	69196	419	
569.999966559946	69120	301	
559.99996941809	69180	184	
549.999967296459	69136	67	
539.999965174828	69168	0	
529.999968032972	69184	0	
519.99996591134	69200	0	
509.999968769485	69168	0	
499.999971627629	69164	0	
489.999974485773	69184	0	
479.999972364142	69168	0	
469.99997024251	69180	0	
459.999973100654	69132	0	
449.999970979023	69200	0	
439.999973837167	69152	0	
429.999971715536	69136	0	
419.99997457368	69212	0	
409.999977431824	69152	0	
399.999975310193	69168	0	
389.999978168337	69164	0	
379.999976046706	69168	0	
369.99997890485	69184	0	
359.999976783218	69212	0	
349.999979641363	69180	0	
339.999977519731	69168	0	
329.999980377875	69196	0	
319.99998323602	69180	0	
309.999981114388	69164	0	
299.999983972532	69184	0	
289.999981850901	69180	0	
279.999984709045	69168	0	
269.999982587414	69200	0	
259.999980465782	69196	0	
249.999988303702	69196	0	
239.999986182071	69180	0	
229.999989040215	69196	0	
219.999986918584	69216	0	
209.999989776728	69184	0	
199.999987655096	69164	0	
189.999985533465	69180	0	
179.999988391609	69164	0	
169.999986269978	69152	0	
159.999994107898	69180	0	
149.999991986266	69196	0	
139.99999484441	69152	0	
129.999992722779	69152	0	
119.999990601148	69180	0	
109.999993459292	69200	0	
99.9999913376603	69200	0	
89.9999941958046	69216	0	
79.9999970539488	69168	0	
69.9999999120931	69164	0	
59.9999977904616	69180	0	
49.9999956688302	69180	0	
39.9999985269744	69164	0	
29.999996405343	69168	0	
19.9999992634872	69200	0	
9.99999714185575	69180	0	
