SiN%SampleName
Probe2%ProbeName
7000%MaxDepth
0.1%step_size_nm
40%StiffnessPRC_nN_per_nm
28%PRC_ADCValue_per_nm
3500%TriggerForce_nN
104%LoopDelay_uS
4096%NumberOfSamplingPoints
%
%
%
%
%
%
%
%
%
%
%
5000%XL
5000%YL

0	78468	0	
0	78468	0	
0	78460	0	
0	78460	0	
0	78472	0	
0	78472	0	
0	78480	0	
0	78480	0	
0	78472	0	
0	78472	0	
0	78484	0	
0	78484	0	
0	78468	0	
0	78468	0	
0	78428	0	
0	78428	0	
0	78436	0	
0	78436	0	
0	78464	0	
0	78464	0	
0	78460	0	
0	78460	0	
0	78448	0	
0	78448	0	
0	78424	0	
0	78424	0	
0	78452	0	
0	78452	0	
0	78460	0	
0	78460	0	
0	78444	0	
0	78444	0	
0	78424	0	
0	78424	0	
0	78436	0	
0	78436	0	
0	78424	0	
0	78424	0	
0	78456	0	
0	78456	0	
0	78428	0	
0	78428	0	
0	78392	0	
0	78392	0	
0	78460	0	
0	78460	0	
0	78440	0	
0	78440	0	
0	78448	0	
0	78448	0	
0	78424	0	
0	78424	0	
0	78460	0	
0	78460	0	
0	78440	0	
0	78440	0	
0	78432	0	
0	78432	0	
0	78440	0	
0	78440	0	
0	78436	0	
0	78436	0	
0	78432	0	
0	78432	0	
0	78436	0	
0	78436	0	
0	78440	0	
0	78440	0	
0	78412	0	
0	78412	0	
0	78452	0	
0	78452	0	
0	78440	0	
0	78440	0	
0	78432	0	
0	78432	0	
0	78460	0	
0	78460	0	
0	78436	0	
0	78436	0	
0	78416	0	
0	78416	0	
0	78432	0	
0	78432	0	
0	78436	0	
0	78436	0	
0	78440	0	
0	78440	0	
0	78440	0	
0	78440	0	
0	78476	0	
0	78476	0	
0	78472	0	
0	78472	0	
0	78428	0	
0	78428	0	
0	78432	0	
0	78432	0	
0	78444	0	
0	78444	0	
0	78424	0	
0	78424	0	
0	78436	0	
0	78436	0	
0	78444	0	
0	78444	0	
0	78432	0	
0	78432	0	
0	78452	0	
0	78452	0	
0	78460	0	
0	78460	0	
0	78440	0	
0	78440	0	
0	78488	0	
0	78488	0	
0	78428	0	
0	78428	0	
0	78444	0	
0	78444	0	
0	78476	0	
0	78476	0	
0	78452	0	
0	78452	0	
0	78492	0	
0	78492	0	
0	78468	0	
0	78468	0	
0	78420	0	
0	78420	0	
0	78432	0	
0	78432	0	
0	78448	0	
0	78448	0	
0	78460	0	
0	78460	0	
0	78412	0	
0	78412	0	
0	78424	0	
0	78424	0	
0	78456	0	
0	78456	0	
0	78440	0	
0	78440	0	
0	78468	0	
0	78468	0	
0	78416	0	
0	78416	0	
0	78428	0	
0	78428	0	
0	78460	0	
0	78460	0	
0	78456	0	
0	78456	0	
0	78468	0	
0	78468	0	
0	78456	0	
0	78456	0	
0	78452	0	
0	78452	0	
0	78452	0	
0	78452	0	
0	78464	0	
0	78464	0	
0	78472	0	
0	78472	0	
0	78472	0	
0	78472	0	
0	78456	0	
0	78456	0	
0	78448	0	
0	78448	0	
0	78452	0	
0	78452	0	
0	78460	0	
0	78460	0	
0	78412	0	
0	78412	0	
0	78452	0	
0	78452	0	
0	78480	0	
0	78480	0	
0	78440	0	
0	78440	0	
0	78460	0	
0	78460	0	
0	78448	0	
0	78448	0	
0	78484	0	
0	78484	0	
0	78476	0	
0	78476	0	
0	78440	0	
0	78440	0	
0	78464	0	
0	78464	0	
0	78420	0	
0	78420	0	
0	78448	0	
0	78448	0	
0	78432	0	
0	78432	0	
0	78416	0	
0	78416	0	
0	78464	0	
0	78464	0	
0	78464	0	
0	78464	0	
0	78400	0	
0	78400	0	
0	78436	0	
0	78436	0	
0	78464	0	
0	78464	0	
0	78428	0	
0	78428	0	
0	78440	0	
0	78440	0	
0	78464	0	
0	78464	0	
0	78440	0	
0	78440	0	
0	78424	0	
0	78424	0	
0	78416	0	
0	78416	0	
0	78440	0	
0	78440	0	
0	78444	0	
0	78444	0	
0	78432	0	
0	78432	0	
0	78432	0	
0	78432	0	
0	78452	0	
0	78452	0	
0	78412	0	
0	78412	0	
0	78472	0	
0	78472	0	
0	78440	0	
0	78440	0	
0	78412	0	
0	78412	0	
0	78440	0	
0	78440	0	
0	78448	0	
0	78448	0	
0	78488	0	
0	78488	0	
0	78472	0	
0	78472	0	
0	78480	0	
0	78480	0	
0	78468	0	
0	78468	0	
0	78428	0	
0	78428	0	
0	78464	0	
0	78464	0	
0	78444	0	
0	78444	0	
0	78452	0	
0	78452	0	
0	78448	0	
0	78448	0	
0	78512	0	
0	78512	0	
0	78440	0	
0	78440	0	
0	78480	0	
0	78480	0	
0	78432	0	
0	78432	0	
0	78488	0	
0	78488	0	
0	78464	0	
0	78464	0	
0	78420	0	
0	78420	0	
0	78444	0	
0	78444	0	
0	78436	0	
0	78436	0	
0	78468	0	
0	78468	0	
0	78492	0	
0	78492	0	
0	78468	0	
0	78468	0	
0	78444	0	
0	78444	0	
0	78460	0	
0	78460	0	
0	78452	0	
0	78452	0	
0	78416	0	
0	78416	0	
0	78436	0	
0	78436	0	
0	78488	0	
0	78488	0	
0	78440	0	
0	78440	0	
0	78464	0	
0	78464	0	
0	78444	0	
0	78444	0	
0	78468	0	
0	78468	0	
0	78464	0	
0	78464	0	
0	78440	0	
0	78440	0	
0	78436	0	
0	78436	0	
0	78484	0	
0	78484	0	
0	78444	0	
0	78444	0	
0	78448	0	
0	78448	0	
0	78460	0	
0	78460	0	
0	78440	0	
0	78440	0	
0	78456	0	
0	78456	0	
0	78444	0	
0	78444	0	
0	78428	0	
0	78428	0	
0	78464	0	
0	78464	0	
0	78472	0	
0	78472	0	
0	78492	0	
0	78492	0	
0	78460	0	
0	78460	0	
0	78456	0	
0	78456	0	
0	78452	0	
0	78452	0	
0	78468	0	
0	78468	0	
0	78476	0	
0	78476	0	
0	78492	0	
0	78492	0	
0	78448	0	
0	78448	0	
0	78448	0	
0	78448	0	
0	78468	0	
0	78468	0	
0	78476	0	
0	78476	0	
0	78448	0	
0	78448	0	
0	78448	0	
0	78448	0	
0	78472	0	
0	78472	0	
0	78484	0	
0	78484	0	
0	78468	0	
0	78468	0	
0	78404	0	
5349.26565186725	78352	0	
5349.46565060398	78396	0	
5349.66565104032	78416	0	
5349.86565147667	78428	0	
5350.06565021339	78392	0	
5350.26565064974	78420	0	
5350.46565108608	78416	0	
5350.66565152242	78400	0	
5350.86565025915	78396	0	
5351.06565069549	78396	0	
5351.26565113183	78428	0	
5351.46565156817	78412	0	
5351.6656503049	78428	0	
5351.86565074124	78388	0	
5352.06565117759	78404	0	
5352.26565161393	78392	0	
5352.46565035066	78380	0	
5352.665650787	78404	0	
5352.86565122334	78388	0	
5353.06565165968	78416	0	
5353.26565039641	78400	0	
5353.46565083275	78408	0	
5353.6656512691	78412	0	
5353.86565170544	78404	0	
5354.06565044217	78392	0	
5354.26565087851	78404	0	
5354.46565131485	78384	0	
5354.66565175119	78404	0	
5354.86565048792	78384	0	
5355.06565092426	78392	0	
5355.26565136061	78416	0	
5355.46565179695	78416	0	
5355.66565053368	78344	0	
5355.86565097002	78404	0	
5356.06565140636	78388	0	
5356.2656518427	78424	0	
5356.46565057943	78408	0	
5356.66565101577	78396	0	
5356.86565145212	78392	0	
5357.06565188846	78404	0	
5357.26565062519	78424	0	
5357.46565106153	78400	0	
5357.66565149787	78364	0	
5357.86565193421	78356	0	
5358.06565067094	78376	0	
5358.26565110728	78384	0	
5358.46565154362	78396	0	
5358.66565197997	78408	0	
5358.86565071669	78432	0	
5359.06565115304	78412	0	
5359.26565158938	78380	0	
5359.46565202572	78412	0	
5359.66565076245	78396	0	
5359.86565119879	78352	0	
5360.06565163513	78396	0	
5360.26565037186	78384	0	
5360.4656508082	78392	0	
5360.66565124455	78380	0	
5360.86564998127	78368	0	
5361.065648718	78392	0	
5361.26564915434	78396	0	
5361.46564959069	78448	0	
5361.66565002703	78388	0	
5361.86564876376	78364	0	
5362.0656492001	78360	0	
5362.26564963644	78396	0	
5362.46565007278	78392	0	
5362.66564880951	78372	0	
5362.86564924585	78388	0	
5363.0656496822	78412	0	
5363.26565011854	78408	0	
5363.46564885527	78396	0	
5363.66564929161	78388	0	
5363.86564972795	78396	0	
5364.06565016429	78380	0	
5364.26564890102	78372	0	
5364.46564933736	78432	0	
5364.66564977371	78392	0	
5364.86565021005	78376	0	
5365.06564894678	78444	0	
5365.26564938312	78360	0	
5365.46564981946	78364	0	
5365.6656502558	78388	0	
5365.86564899253	78380	0	
5366.06564942887	78416	0	
5366.26564986522	78396	0	
5366.46565030156	78396	0	
5366.66564903828	78432	0	
5366.86564947463	78384	0	
5367.06564991097	78392	0	
5367.26565034731	78352	0	
5367.46564908404	78388	0	
5367.66564952038	78388	0	
5367.86564995672	78388	0	
5368.06565039307	78396	0	
5368.26564912979	78360	0	
5368.46564956614	78364	0	
5368.66565000248	78396	0	
5368.86565043882	78404	0	
5369.06564917555	78352	0	
5369.26564961189	78428	0	
5369.46565004823	78396	0	
5369.66565048458	78436	0	
5369.8656492213	78424	0	
5370.06564965765	78384	0	
5370.26565009399	78396	0	
5370.46564883072	78364	0	
5370.66564926706	78384	0	
5370.8656497034	78388	0	
5371.06565013974	78364	0	
5371.26564887647	78416	0	
5371.46564931281	78416	0	
5371.66564974916	78400	0	
5371.8656501855	78404	0	
5372.06564892223	78372	0	
5372.26564935857	78388	0	
5372.46564979491	78400	0	
5372.66565023125	78384	0	
5372.86564896798	78388	0	
5373.06564940432	78372	0	
5373.26564984067	78408	0	
5373.46565027701	78404	0	
5373.66564901373	78388	0	
5373.86564945008	78376	0	
5374.06564988642	78376	0	
5374.26565032276	78392	0	
5374.46564905949	78404	0	
5374.66564949583	78396	0	
5374.86564993217	78368	0	
5375.06565036852	78448	0	
5375.26564910524	78360	0	
5375.46564954159	78384	0	
5375.66564997793	78420	0	
5375.86565041427	78376	0	
5376.065649151	78412	0	
5376.26564958734	78388	0	
5376.46565002368	78368	0	
5376.66565046003	78396	0	
5376.86564919675	78412	0	
5377.0656496331	78384	0	
5377.26565006944	78392	0	
5377.46565050578	78384	0	
5377.66564924251	78364	0	
5377.86564967885	78376	0	
5378.06565011519	78412	0	
5378.26565055154	78340	0	
5378.46564928826	78384	0	
5378.66564972461	78424	0	
5378.86565016095	78368	0	
5379.06565059729	78392	0	
5379.26564933402	78404	0	
5379.46564977036	78408	0	
5379.6656502067	78376	0	
5379.86564894343	78380	0	
5380.06564937977	78392	0	
5380.26564981612	78360	0	
5380.46565025246	78356	0	
5380.66564898918	78392	0	
5380.86564942553	78392	0	
5381.06564986187	78392	0	
5381.26565029821	78348	0	
5381.46564903494	78412	0	
5381.66564947128	78384	0	
5381.86564990762	78364	0	
5382.06565034397	78380	0	
5382.26564908069	78368	0	
5382.46564951704	78412	0	
5382.66564995338	78380	0	
5382.86565038972	78364	0	
5383.06564912645	78408	0	
5383.26564956279	78376	0	
5383.46564999913	78396	0	
5383.66565043548	78372	0	
5383.8656491722	78384	0	
5384.06564960855	78340	0	
5384.26565004489	78368	0	
5384.46565048123	78376	0	
5384.66564921796	78364	0	
5384.8656496543	78392	0	
5385.06565009064	78384	0	
5385.26565052699	78372	0	
5385.46564926371	78404	0	
5385.66564970006	78352	0	
5385.8656501364	78440	0	
5386.06565057274	78372	0	
5386.26564930947	78384	0	
5386.46564974581	78360	0	
5386.66565018215	78396	0	
5386.8656506185	78392	0	
5387.06564935522	78388	0	
5387.26564979157	78364	0	
5387.46565022791	78360	0	
5387.66565066425	78380	0	
5387.86564940098	78424	0	
5388.06564983732	78372	0	
5388.26565027366	78364	0	
5388.46565071	78320	0	
5388.66564944673	78400	0	
5388.86564988307	78400	0	
5389.06565031942	78372	0	
5389.26565075576	78400	0	
5389.46564779287	78356	0	
5389.66564822921	78328	0	
5389.86564866556	78388	0	
5390.06564740228	78392	0	
5390.26564783863	78408	0	
5390.46564827497	78416	0	
5390.66564871131	78388	0	
5390.86564744804	78400	0	
5391.06564788438	78400	0	
5391.26564832072	78368	0	
5391.46564875707	78348	0	
5391.66564749379	78364	0	
5391.86564793014	78404	0	
5392.06564836648	78368	0	
5392.26564880282	78400	0	
5392.46564753955	78384	0	
5392.66564797589	78384	0	
5392.86564841223	78392	0	
5393.06564884858	78356	0	
5393.2656475853	78392	0	
5393.46564802165	78356	0	
5393.66564845799	78400	0	
5393.86564889433	78408	0	
5394.06564763106	78364	0	
5394.2656480674	78420	0	
5394.46564850374	78364	0	
5394.66564894009	78392	0	
5394.86564767681	78392	0	
5395.06564811316	78400	0	
5395.2656485495	78420	0	
5395.46564898584	78408	0	
5395.66564772257	78340	0	
5395.86564815891	78360	0	
5396.06564859525	78404	0	
5396.26564903159	78404	0	
5396.46564776832	78416	0	
5396.66564820466	78404	0	
5396.86564864101	78388	0	
5397.06564907735	78384	0	
5397.26564781408	78400	0	
5397.46564825042	78360	0	
5397.66564868676	78372	0	
5397.8656491231	78404	0	
5398.06564785983	78400	0	
5398.26564829617	78364	0	
5398.46564873252	78356	0	
5398.66564916886	78420	0	
5398.86564790559	78416	0	
5399.06564834193	78400	0	
5399.26564877827	78392	0	
5399.46564921461	78408	0	
5399.66564795134	78380	0	
5399.86564838768	78388	0	
5400.06564882403	78388	0	
5400.26564756075	78376	0	
5400.4656479971	78392	0	
5400.66564843344	78348	0	
5400.86564886978	78384	0	
5401.06564760651	78428	0	
5401.26564804285	78368	0	
5401.46564847919	78384	0	
5401.66564891554	78372	0	
5401.86564765226	78388	0	
5402.06564808861	78368	0	
5402.26564852495	78380	0	
5402.46564896129	78416	0	
5402.66564769802	78376	0	
5402.86564813436	78412	0	
5403.0656485707	78388	0	
5403.26564900704	78428	0	
5403.46564774377	78424	0	
5403.66564818011	78388	0	
5403.86564861646	78364	0	
5404.0656490528	78388	0	
5404.26564778953	78380	0	
5404.46564822587	78380	0	
5404.66564866221	78396	0	
5404.86564909855	78372	0	
5405.06564783528	78408	0	
5405.26564827162	78368	0	
5405.46564870797	78420	0	
5405.66564914431	78376	0	
5405.86564788104	78328	0	
5406.06564831738	78384	0	
5406.26564875372	78356	0	
5406.46564919006	78384	0	
5406.66564792679	78352	0	
5406.86564836313	78408	0	
5407.06564879948	78404	0	
5407.26564923582	78384	0	
5407.46564797255	78332	0	
5407.66564840889	78388	0	
5407.86564884523	78364	0	
5408.06564928157	78384	0	
5408.2656480183	78376	0	
5408.46564845464	78384	0	
5408.66564889099	78360	0	
5408.86564932733	78344	0	
5409.06564806406	78388	0	
5409.2656485004	78420	0	
5409.46564893674	78372	0	
5409.66564937308	78396	0	
5409.86564810981	78404	0	
5410.06564854615	78404	0	
5410.26564898249	78416	0	
5410.46564771922	78372	0	
5410.66564815556	78360	0	
5410.86564859191	78380	0	
5411.06564902825	78348	0	
5411.26564776498	78372	0	
5411.46564820132	78396	0	
5411.66564863766	78372	0	
5411.865649074	78392	0	
5412.06564781073	78384	0	
5412.26564824707	78364	0	
5412.46564868342	78416	0	
5412.66564911976	78424	0	
5412.86564785649	78412	0	
5413.06564829283	78348	0	
5413.26564872917	78388	0	
5413.46564916551	78376	0	
5413.66564790224	78380	0	
5413.86564833858	78396	0	
5414.06564877493	78400	0	
5414.26564921127	78408	0	
5414.465647948	78404	0	
5414.66564838434	78384	0	
5414.86564882068	78380	0	
5415.06564925702	78388	0	
5415.26564799375	78392	0	
5415.46564843009	78392	0	
5415.66564886644	78392	0	
5415.86564930278	78376	0	
5416.06564803951	78388	0	
5416.26564847585	78400	0	
5416.46564891219	78392	0	
5416.66564934853	78388	0	
5416.86564808526	78384	0	
5417.0656485216	78364	0	
5417.26564895794	78388	0	
5417.46564939429	78412	0	
5417.66564813101	78356	0	
5417.86564686774	78368	0	
5418.06564730409	78416	0	
5418.26564774043	78388	0	
5418.46564647716	78388	0	
5418.6656469135	78408	0	
5418.86564734984	78356	0	
5419.06564778618	78392	0	
5419.26564652291	78384	0	
5419.46564695925	78368	0	
5419.66564739559	78372	0	
5419.86564783194	78380	0	
5420.06564656866	78412	0	
5420.26564700501	78376	0	
5420.46564744135	78388	0	
5420.66564617808	78364	0	
5420.86564661442	78352	0	
5421.06564705076	78432	0	
5421.2656474871	78400	0	
5421.46564622383	78416	0	
5421.66564666017	78368	0	
5421.86564709652	78404	0	
5422.06564753286	78396	0	
5422.26564626959	78340	0	
5422.46564670593	78404	0	
5422.66564714227	78384	0	
5422.86564757861	78364	0	
5423.06564631534	78376	0	
5423.26564675168	78372	0	
5423.46564718803	78400	0	
5423.66564762437	78392	0	
5423.8656463611	78404	0	
5424.06564679744	78404	0	
5424.26564723378	78388	0	
5424.46564767012	78364	0	
5424.66564640685	78400	0	
5424.86564684319	78364	0	
5425.06564727954	78416	0	
5425.26564771588	78376	0	
5425.46564645261	78368	0	
5425.66564688895	78396	0	
5425.86564732529	78388	0	
5426.06564776163	78380	0	
5426.26564649836	78368	0	
5426.4656469347	78412	0	
5426.66564737104	78384	0	
5426.86564780739	78368	0	
5427.06564654412	78420	0	
5427.26564698046	78392	0	
5427.4656474168	78388	0	
5427.66564785314	78340	0	
5427.86564658987	78396	0	
5428.06564702621	78384	0	
5428.26564746255	78384	0	
5428.4656478989	78364	0	
5428.66564663562	78384	0	
5428.86564707197	78384	0	
5429.06564750831	78388	0	
5429.26564794465	78384	0	
5429.46564668138	78400	0	
5429.66564711772	78380	0	
5429.86564755406	78348	0	
5430.06564629079	78380	0	
5430.26564672713	78396	0	
5430.46564716348	78376	0	
5430.66564759982	78388	0	
5430.86564633655	78376	0	
5431.06564677289	78384	0	
5431.26564720923	78424	0	
5431.46564764557	78448	0	
5431.6656463823	78348	0	
5431.86564681864	78408	0	
5432.06564725499	78372	0	
5432.26564769133	78364	0	
5432.46564642806	78440	0	
5432.6656468644	78380	0	
5432.86564730074	78376	0	
5433.06564773708	78372	0	
5433.26564647381	78344	0	
5433.46564691015	78392	0	
5433.66564734649	78368	0	
5433.86564778284	78388	0	
5434.06564651957	78356	0	
5434.26564695591	78384	0	
5434.46564739225	78376	0	
5434.66564782859	78368	0	
5434.86564656532	78356	0	
5435.06564700166	78396	0	
5435.265647438	78412	0	
5435.46564787435	78376	0	
5435.66564661107	78380	0	
5435.86564704742	78388	0	
5436.06564748376	78388	0	
5436.2656479201	78424	0	
5436.46564665683	78388	0	
5436.66564709317	78388	0	
5436.86564752951	78404	0	
5437.06564796586	78388	0	
5437.26564670258	78368	0	
5437.46564713893	78424	0	
5437.66564757527	78416	0	
5437.86564801161	78392	0	
5438.06564674834	78364	0	
5438.26564718468	78396	0	
5438.46564762102	78392	0	
5438.66564805737	78392	0	
5438.86564679409	78372	0	
5439.06564723044	78400	0	
5439.26564766678	78412	0	
5439.46564810312	78364	0	
5439.66564683985	78400	0	
5439.86564727619	78396	0	
5440.06564771253	78384	0	
5440.26564644926	78392	0	
5440.4656468856	78364	0	
5440.66564732194	78404	0	
5440.86564775829	78368	0	
5441.06564649502	78376	0	
5441.26564693136	78364	0	
5441.4656473677	78420	0	
5441.66564780404	78388	0	
5441.86564654077	78372	0	
5442.06564697711	78396	0	
5442.26564741345	78356	0	
5442.4656478498	78424	0	
5442.66564658652	78380	0	
5442.86564702287	78408	0	
5443.06564745921	78404	0	
5443.26564789555	78412	0	
5443.46564663228	78372	0	
5443.66564706862	78380	0	
5443.86564750496	78388	0	
5444.06564794131	78412	0	
5444.26564667803	78396	0	
5444.46564711438	78384	0	
5444.66564755072	78404	0	
5444.86564798706	78380	0	
5445.06564672379	78372	0	
5445.26564716013	78380	0	
5445.46564759647	78396	0	
5445.66564803282	78360	0	
5445.86564676954	78388	0	
5446.06564720589	78368	0	
5446.26564764223	78400	0	
5446.46564637896	78404	0	
5446.66564511568	78368	0	
5446.86564555203	78392	0	
5447.06564598837	78400	0	
5447.26564642471	78432	0	
5447.46564516144	78336	0	
5447.66564559778	78376	0	
5447.86564603412	78388	0	
5448.06564647047	78356	0	
5448.26564520719	78404	0	
5448.46564564354	78400	0	
5448.66564607988	78380	0	
5448.86564651622	78412	0	
5449.06564525295	78384	0	
5449.26564568929	78384	0	
5449.46564612563	78368	0	
5449.66564656197	78336	0	
5449.8656452987	78388	0	
5450.06564573504	78376	0	
5450.26564617139	78400	0	
5450.46564490811	78356	0	
5450.66564534446	78360	0	
5450.8656457808	78380	0	
5451.06564621714	78400	0	
5451.26564495387	78380	0	
5451.46564539021	78408	0	
5451.66564582655	78432	0	
5451.8656462629	78420	0	
5452.06564499962	78388	0	
5452.26564543597	78388	0	
5452.46564587231	78380	0	
5452.66564630865	78340	0	
5452.86564504538	78396	0	
5453.06564548172	78380	0	
5453.26564591806	78396	0	
5453.46564635441	78408	0	
5453.66564509113	78380	0	
5453.86564552748	78372	0	
5454.06564596382	78400	0	
5454.26564640016	78376	0	
5454.46564513689	78368	0	
5454.66564557323	78360	0	
5454.86564600957	78372	0	
5455.06564644592	78364	0	
5455.26564518264	78408	0	
5455.46564561899	78388	0	
5455.66564605533	78404	0	
5455.86564649167	78340	0	
5456.0656452284	78396	0	
5456.26564566474	78356	0	
5456.46564610108	78368	0	
5456.66564653742	78400	0	
5456.86564527415	78404	0	
5457.0656457105	78408	0	
5457.26564614684	78376	0	
5457.46564658318	78400	0	
5457.66564531991	78400	0	
5457.86564575625	78380	0	
5458.06564619259	78336	0	
5458.26564662893	78384	0	
5458.46564536566	78316	0	
5458.665645802	78372	0	
5458.86564623835	78404	0	
5459.06564667469	78372	0	
5459.26564541142	78364	0	
5459.46564584776	78360	0	
5459.6656462841	78344	0	
5459.86564672044	78368	0	
5460.06564545717	78368	0	
5460.26564589351	78328	0	
5460.46564632986	78380	0	
5460.66564506658	78392	0	
5460.86564550293	78336	0	
5461.06564593927	78396	0	
5461.26564637561	78368	0	
5461.46564511234	78376	0	
5461.66564554868	78376	0	
5461.86564598502	78408	0	
5462.06564642137	78392	0	
5462.26564515809	78440	0	
5462.46564559444	78400	0	
5462.66564603078	78388	0	
5462.86564646712	78392	0	
5463.06564520385	78376	0	
5463.26564564019	78396	0	
5463.46564607653	78416	0	
5463.66564651287	78348	0	
5463.8656452496	78388	0	
5464.06564568595	78380	0	
5464.26564612229	78392	0	
5464.46564655863	78356	0	
5464.66564529536	78352	0	
5464.8656457317	78396	0	
5465.06564616804	78384	0	
5465.26564660438	78412	0	
5465.46564534111	78396	0	
5465.66564577745	78424	0	
5465.8656462138	78432	0	
5466.06564665014	78452	0	
5466.26564538687	78432	0	
5466.46564582321	78444	0	
5466.66564625955	78404	0	
5466.86564669589	78460	0	
5467.06564543262	78476	0	
5467.26564586896	78440	0	
5467.46564630531	78404	0	
5467.66564674165	78448	0	
5467.86564547838	78416	0	
5468.06564591472	78424	0	
5468.26564635106	78424	0	
5468.36564656923	78464	0	
5468.4656467874	78448	0	
5468.56564530596	78484	0	
5468.66564552413	78468	0	
5468.7656457423	78476	0	
5468.86564596047	78484	0	
5469.06564639682	78524	0	
5469.16564661499	78480	0	
5469.26564683316	78508	0	
5469.36564535171	78472	0	
5469.46564556989	78464	0	
5469.7656462244	78476	0	
5469.96564666074	78480	0	
5470.16564539747	78512	0	
5470.56564627015	78400	0	
5470.7656467065	78432	0	
5470.96564544322	78416	0	
5471.16564587957	78436	0	
5471.26564609774	78416	0	
5471.36564631591	78420	0	
5471.46564653408	78448	0	
5471.56564675225	78432	0	
5471.66564527081	78388	0	
5471.76564548898	78400	0	
5471.86564570715	78448	0	
5471.96564592532	78440	0	
5472.06564614349	78460	0	
5472.16564636166	78448	0	
5472.26564657983	78492	0	
5472.36564679801	78520	0	
5472.46564531656	78508	0	
5472.56564553473	78544	0	
5472.6656457529	78524	0	
5472.76564597108	78544	0	
5472.86564618925	78540	0	
5472.96564640742	78572	0	
5473.06564662559	78544	0	
5473.16564684376	78524	0	
5473.26564536232	78548	0	
5473.36564558049	78500	0	
5473.46564579866	78496	0	
5473.56564601683	78516	0	
5473.665646235	78496	0	
5473.76564645317	78504	0	
5473.86564667134	78468	0	
5473.96564688951	78444	0	
5474.06564540807	78424	0	
5474.16564562624	78460	0	
5474.26564584441	78488	0	
5474.36564606259	78520	0	
5474.46564628076	78456	0	
5474.56564649893	78472	0	
5474.6656467171	78492	0	
5474.76564693527	78480	0	
5474.86564375421	78492	0	
5474.96564397238	78504	0	
5475.06564419055	78496	0	
5475.16564440872	78512	0	
5475.2656446269	78512	0	
5475.36564484507	78556	0	
5475.46564506324	78536	0	
5475.5656435818	78556	0	
5475.66564379997	78560	0	
5475.76564401814	78552	0	
5475.86564423631	78596	0	
5475.96564445448	78592	0	
5476.06564467265	78620	0	
5476.16564489082	78596	0	
5476.26564510899	78560	0	
5476.36564362755	78552	0	
5476.46564384572	78520	0	
5476.56564406389	78552	0	
5476.66564428206	78552	0	
5476.76564450023	78508	0	
5476.86564471841	78556	0	
5476.96564493658	78560	0	
5477.06564515475	78552	0	
5477.1656436733	78584	0	
5477.26564389148	78568	0	
5477.36564410965	78504	0	
5477.46564432782	78560	0	
5477.56564454599	78560	0	
5477.66564476416	78540	0	
5477.76564498233	78524	0	
5477.8656452005	78528	0	
5477.96564371906	78528	0	
5478.06564393723	78520	0	
5478.1656441554	78528	0	
5478.26564437357	78532	0	
5478.36564459174	78512	0	
5478.46564480991	78516	0	
5478.56564502809	78580	0	
5478.66564524626	78548	0	
5478.76564376481	78600	0	
5478.86564398299	78564	0	
5478.96564420116	78580	0	
5479.06564441933	78596	0	
5479.1656446375	78608	0	
5479.26564485567	78616	0	
5479.36564507384	78604	0	
5479.46564529201	78616	0	
5479.56564381057	78576	0	
5479.66564402874	78612	0	
5479.76564424691	78616	0	
5479.86564446508	78568	0	
5479.96564468325	78580	0	
5480.06564490142	78604	0	
5480.1656451196	78608	0	
5480.26564363815	78640	0	
5480.36564385632	78620	0	
5480.46564407449	78624	0	
5480.56564429267	78628	0	
5480.66564451084	78660	0	
5480.76564472901	78636	0	
5480.86564494718	78652	0	
5480.96564516535	78668	0	
5481.06564368391	78644	0	
5481.16564390208	78664	0	
5481.26564412025	78644	0	
5481.36564433842	78636	0	
5481.46564455659	78648	0	
5481.56564477476	78664	0	
5481.66564499293	78596	0	
5481.76564521111	78608	0	
5481.86564372966	78600	0	
5481.96564394783	78616	0	
5482.065644166	78652	0	
5482.26564460235	78644	0	
5482.36564482052	78624	0	
5482.46564503869	78636	0	
5482.56564525686	78608	0	
5482.66564377542	78648	0	
5482.76564399359	78660	0	
5482.86564421176	78700	0	
5482.96564442993	78684	0	
5483.0656446481	78728	0	
5483.16564486627	78704	0	
5483.26564508444	78708	0	
5483.36564530261	78716	0	
5483.46564382117	78744	0	
5483.56564403934	78712	0	
5483.66564425751	78724	0	
5483.76564447568	78688	0	
5483.86564469386	78676	0	
5483.96564491203	78696	0	
5484.0656451302	78692	0	
5484.16564534837	78708	0	
5484.26564386693	78696	0	
5484.3656440851	78684	0	
5484.46564430327	78652	0	
5484.56564452144	78656	0	
5484.66564473961	78664	0	
5484.76564495778	78604	0	
5484.86564517595	78576	0	
5484.96564539412	78600	0	
5485.06564391268	78616	0	
5485.16564413085	78600	0	
5485.26564434902	78584	0	
5485.36564456719	78588	0	
5485.46564478536	78640	0	
5485.56564500354	78604	0	
5485.66564522171	78644	0	
5485.76564374026	78648	0	
5485.86564395844	78696	0	
5485.96564417661	78736	0	
5486.06564439478	78720	0	
5486.16564461295	78744	0	
5486.26564483112	78724	0	
5486.36564504929	78732	0	
5486.46564526746	78740	0	
5486.56564378602	78768	0	
5486.66564400419	78776	0	
5486.76564422236	78724	0	
5486.86564444053	78748	0	
5486.9656446587	78704	0	
5487.06564487688	78728	0	
5487.16564509505	78724	0	
5487.26564531322	78704	0	
5487.36564383177	78732	0	
5487.46564404994	78724	0	
5487.56564426812	78704	0	
5487.66564448629	78756	0	
5487.76564470446	78752	0	
5487.86564492263	78744	0	
5487.9656451408	78708	0	
5488.06564535897	78744	0	
5488.16564387753	78752	0	
5488.2656440957	78748	0	
5488.36564431387	78744	0	
5488.46564453204	78748	0	
5488.56564475021	78780	0	
5488.66564496838	78764	0	
5488.76564518656	78772	0	
5488.86564540473	78732	0	
5488.96564392328	78748	0	
5489.06564414145	78748	0	
5489.16564435963	78780	0	
5489.2656445778	78752	0	
5489.36564479597	78768	0	
5489.46564501414	78788	0	
5489.56564523231	78744	0	
5489.66564545048	78768	0	
5489.76564396904	78796	0	
5489.86564418721	78824	0	
5489.96564440538	78788	0	
5490.06564462355	78824	0	
5490.16564484172	78796	0	
5490.26564505989	78796	0	
5490.36564527806	78828	0	
5490.46564379662	78800	0	
5490.56564401479	78808	0	
5490.66564423296	78792	0	
5490.76564445113	78764	0	
5490.86564466931	78808	0	
5490.96564488748	78792	0	
5491.06564510565	78764	0	
5491.16564532382	78760	0	
5491.26564384238	78784	0	
5491.36564406055	78792	0	
5491.46564427872	78764	0	
5491.56564449689	78768	0	
5491.66564471506	78748	0	
5491.76564493323	78744	0	
5491.8656451514	78780	0	
5491.96564536957	78756	0	
5492.06564388813	78744	0	
5492.1656441063	78748	0	
5492.26564432447	78780	0	
5492.36564454264	78808	0	
5492.46564476081	78752	0	
5492.56564497899	78800	0	
5492.66564519716	78768	0	
5492.76564541533	78776	0	
5492.86564393389	78780	0	
5492.96564415206	78792	0	
5493.06564437023	78800	0	
5493.1656445884	78824	0	
5493.26564480657	78856	0	
5493.36564502474	78820	0	
5493.46564524291	78824	0	
5493.56564546108	78808	0	
5493.66564397964	78804	0	
5493.76564419781	78800	0	
5493.86564441598	78848	0	
5493.96564463415	78808	0	
5494.06564485233	78816	0	
5494.1656450705	78816	0	
5494.26564528867	78840	0	
5494.36564550684	78832	0	
5494.46564402539	78820	0	
5494.56564424357	78812	0	
5494.66564446174	78816	0	
5494.76564467991	78816	0	
5494.86564489808	78860	0	
5494.96564511625	78876	0	
5495.06564533442	78836	0	
5495.16564555259	78836	0	
5495.26564407115	78836	0	
5495.36564428932	78836	0	
5495.46564450749	78824	0	
5495.56564472566	78804	0	
5495.66564494383	78760	0	
5495.76564516201	78800	0	
5495.86564538018	78808	0	
5495.96564389873	78824	0	
5496.0656441169	78808	0	
5496.16564433508	78788	0	
5496.26564455325	78756	0	
5496.36564477142	78792	0	
5496.46564498959	78804	0	
5496.56564520776	78780	0	
5496.66564542593	78824	0	
5496.76564394449	78796	0	
5496.86564416266	78820	0	
5496.96564438083	78844	0	
5497.065644599	78872	0	
5497.16564481717	78796	0	
5497.26564503534	78860	0	
5497.36564525352	78852	0	
5497.46564547169	78864	0	
5497.56564399024	78868	0	
5497.66564420841	78920	0	
5497.76564442658	78888	0	
5497.86564464476	78896	0	
5497.96564486293	78892	0	
5498.0656450811	78876	0	
5498.16564529927	78876	0	
5498.26564551744	78884	0	
5498.365644036	78896	0	
5498.46564425417	78884	0	
5498.56564447234	78884	0	
5498.66564469051	78860	0	
5498.76564490868	78856	0	
5498.86564512685	78868	0	
5498.96564534502	78868	0	
5499.0656455632	78856	0	
5499.16564408175	78900	0	
5499.26564429992	78848	0	
5499.36564451809	78876	0	
5499.46564473626	78856	0	
5499.56564495444	78844	0	
5499.66564517261	78868	0	
5499.76564539078	78836	0	
5499.86564560895	78844	0	
5499.96564412751	78824	0	
5500.06564434568	78872	0	
5500.16564456385	78856	0	
5500.26564478202	78868	0	
5500.36564500019	78856	0	
5500.46564521836	78852	0	
5500.56564543653	78864	0	
5500.66564395509	78868	0	
5500.76564417326	78896	0	
5500.86564439143	78912	0	
5500.9656446096	78948	0	
5501.06564482778	78936	0	
5501.16564504595	78960	0	
5501.26564526412	78988	0	
5501.36564548229	78936	0	
5501.46564400084	78956	0	
5501.56564421902	78996	0	
5501.66564443719	78988	0	
5501.76564465536	78984	0	
5501.86564487353	78996	0	
5501.9656450917	79004	0	
5502.06564530987	78968	0	
5502.16564552804	78988	0	
5502.2656440466	79036	0	
5502.36564426477	78992	0	
5502.46564448294	78992	0	
5502.56564470111	78984	0	
5502.76564513746	78952	0	
5502.86564535563	78960	0	
5502.9656455738	78960	0	
5503.06564409235	78916	0	
5503.16564431053	78948	0	
5503.2656445287	78952	0	
5503.36564304725	78956	0	
5503.46564326542	78976	0	
5503.5656434836	79000	0	
5503.66564370177	79000	0	
5503.76564391994	79004	0	
5503.86564243849	79004	0	
5503.96564265667	79020	0	
5504.06564287484	79032	0	
5504.16564309301	79080	0	
5504.26564331118	79076	0	
5504.36564352935	79116	0	
5504.46564374752	79108	0	
5504.56564396569	79140	0	
5504.66564248425	79132	0	
5504.76564270242	79144	0	
5504.86564292059	79144	0	
5504.96564313876	79156	0	
5505.06564335693	79132	0	
5505.1656435751	79116	0	
5505.26564379328	79132	0	
5505.36564231183	79092	0	
5505.46564253	79088	0	
5505.56564274818	79068	0	
5505.66564296635	79080	0	
5505.76564318452	79076	0	
5505.86564340269	79076	0	
5505.96564362086	79064	0	
5506.06564383903	79048	0	
5506.16564235759	79056	0	
5506.26564257576	79068	0	
5506.36564279393	79056	0	
5506.4656430121	79056	0	
5506.56564323027	79040	0	
5506.66564344844	79064	0	
5506.76564366661	79108	0	
5506.86564388479	79076	0	
5506.96564240334	79108	0	
5507.06564262151	79108	0	
5507.16564283968	79120	0	
5507.26564305786	79124	0	
5507.36564327603	79044	0	
5507.4656434942	79144	0	
5507.56564371237	79160	0	
5507.66564393054	79164	0	
5507.7656424491	79184	0	
5507.86564266727	79192	0	
5507.96564288544	79212	0	
5508.06564310361	79204	0	
5508.16564332178	79204	0	
5508.26564353995	79248	0	
5508.36564375812	79256	0	
5508.46564397629	79236	0	
5508.56564249485	79228	0	
5508.66564271302	79224	0	
5508.76564293119	79212	0	
5508.86564314937	79164	0	
5508.96564336754	79176	0	
5509.06564358571	79192	0	
5509.16564380388	79188	0	
5509.26564402205	79192	0	
5509.36564254061	79216	0	
5509.46564275878	79196	0	
5509.56564297695	79204	0	
5509.66564319512	79216	0	
5509.76564341329	79240	0	
5509.86564363146	79212	0	
5509.96564384963	79228	0	
5510.0656440678	79244	0	
5510.16564258636	79268	0	
5510.26564280453	79236	0	
5510.3656430227	79244	0	
5510.46564324087	79252	0	
5510.56564345905	79260	0	
5510.66564367722	79232	0	
5510.76564389539	79220	0	
5510.86564241394	79268	0	
5510.96564263212	79248	0	
5511.06564285029	79244	0	
5511.16564306846	79276	0	
5511.26564328663	79240	0	
5511.3656435048	79256	0	
5511.46564372297	79248	0	
5511.56564394114	79264	0	
5511.6656424597	79308	0	
5511.76564267787	79288	0	
5511.86564289604	79324	0	
5511.96564311421	79352	0	
5512.06564333238	79352	0	
5512.16564355055	79332	0	
5512.26564376873	79368	0	
5512.3656439869	79380	0	
5512.46564250545	79368	0	
5512.56564272363	79384	0	
5512.6656429418	79392	0	
5512.76564315997	79364	0	
5512.86564337814	79392	0	
5512.96564359631	79412	0	
5513.06564381448	79388	0	
5513.16564403265	79360	0	
5513.26564255121	79384	0	
5513.36564276938	79388	0	
5513.46564298755	79348	0	
5513.56564320572	79312	0	
5513.66564342389	79304	0	
5513.76564364206	79328	0	
5513.86564386024	79336	0	
5513.96564407841	79340	0	
5514.06564259696	79304	0	
5514.16564281513	79300	0	
5514.26564303331	79288	0	
5514.36564325148	79264	0	
5514.46564346965	79288	0	
5514.56564368782	79292	0	
5514.66564390599	79316	0	
5514.76564412416	79336	0	
5514.86564264272	79348	0	
5514.96564286089	79376	0	
5515.06564307906	79384	0	
5515.16564329723	79420	0	
5515.2656435154	79436	0	
5515.36564373357	79520	0	
5515.46564395174	79516	0	
5515.5656424703	79492	0	
5515.66564268847	79512	0	
5515.76564290664	79508	0	
5515.86564312482	79544	0	
5515.96564334299	79540	0	
5516.06564356116	79556	0	
5516.16564377933	79544	0	
5516.2656439975	79580	0	
5516.36564251606	79524	0	
5516.46564273423	79532	0	
5516.5656429524	79500	0	
5516.66564317057	79496	0	
5516.76564338874	79476	0	
5516.86564360691	79472	0	
5516.96564382508	79460	0	
5517.06564404325	79424	0	
5517.16564256181	79444	0	
5517.26564277998	79460	0	
5517.36564299815	79396	0	
5517.46564321632	79408	0	
5517.5656434345	79368	0	
5517.66564365267	79384	0	
5517.76564387084	79420	0	
5517.86564408901	79436	0	
5517.96564260757	79432	0	
5518.06564282574	79460	0	
5518.16564304391	79456	0	
5518.26564326208	79536	0	
5518.36564348025	79564	0	
5518.46564369842	79596	0	
5518.56564391659	79568	0	
5518.66564413476	79612	0	
5518.76564265332	79600	0	
5518.86564287149	79656	0	
5518.96564308966	79664	0	
5519.06564330783	79672	0	
5519.16564352601	79704	0	
5519.26564374418	79652	0	
5519.36564396235	79612	0	
5519.46564418052	79616	0	
5519.56564269908	79592	0	
5519.66564291725	79604	0	
5519.76564313542	79568	0	
5519.86564335359	79568	0	
5519.96564357176	79592	0	
5520.06564378993	79548	0	
5520.1656440081	79516	0	
5520.26564422627	79500	0	
5520.36564274483	79500	0	
5520.465642963	79500	0	
5520.56564318117	79516	0	
5520.66564339934	79460	0	
5520.76564361751	79512	0	
5520.86564383569	79552	0	
5520.96564405386	79548	0	
5521.06564257241	79524	0	
5521.16564279058	79564	0	
5521.26564300876	79568	0	
5521.36564322693	79604	0	
5521.4656434451	79620	0	
5521.56564366327	79668	0	
5521.66564388144	79680	0	
5521.76564409961	79672	0	
5521.86564261817	79712	0	
5521.96564283634	79684	0	
5522.06564305451	79672	0	
5522.16564327268	79664	0	
5522.26564349085	79668	0	
5522.36564370902	79680	0	
5522.46564392719	79700	0	
5522.56564414537	79680	0	
5522.66564266392	79712	0	
5522.76564288209	79716	0	
5522.86564310027	79692	0	
5522.96564331844	79664	0	
5523.06564353661	79688	0	
5523.16564375478	79652	0	
5523.26564397295	79652	0	
5523.36564419112	79672	0	
5523.46564270968	79656	0	
5523.56564292785	79672	0	
5523.66564314602	79656	0	
5523.76564336419	79692	0	
5523.86564358236	79716	0	
5523.96564380053	79668	0	
5524.0656440187	79692	0	
5524.16564423688	79704	0	
5524.26564275543	79700	0	
5524.3656429736	79756	0	
5524.46564319177	79724	0	
5524.56564340995	79736	0	
5524.66564362812	79756	0	
5524.76564384629	79800	0	
5524.86564406446	79768	0	
5524.96564428263	79792	0	
5525.06564280119	79760	0	
5525.16564301936	79780	0	
5525.26564323753	79796	0	
5525.3656434557	79776	0	
5525.46564367387	79796	0	
5525.56564389204	79864	0	
5525.66564411021	79836	0	
5525.76564262877	79804	0	
5525.86564284694	79812	0	
5525.96564306511	79816	0	
5526.06564328328	79808	0	
5526.16564350146	79812	0	
5526.26564371963	79788	0	
5526.3656439378	79788	0	
5526.46564415597	79808	0	
5526.56564267453	79828	0	
5526.6656428927	79896	0	
5526.76564311087	79860	0	
5526.86564332904	79840	0	
5526.96564354721	79868	0	
5527.06564376538	79868	0	
5527.16564398355	79892	0	
5527.26564420172	79900	0	
5527.36564272028	79840	0	
5527.46564293845	79832	0	
5527.56564315662	79872	0	
5527.66564337479	79832	0	
5527.76564359296	79856	0	
5527.86564381114	79796	0	
5527.96564402931	79776	0	
5528.06564424748	79840	0	
5528.16564276603	79844	0	
5528.26564298421	79816	0	
5528.36564320238	79788	0	
5528.46564342055	79780	0	
5528.56564363872	79816	0	
5528.66564385689	79792	0	
5528.76564407506	79820	0	
5528.86564429323	79840	0	
5528.96564281179	79872	0	
5529.06564302996	79900	0	
5529.16564324813	79896	0	
5529.2656434663	79956	0	
5529.36564368447	79976	0	
5529.46564390264	79988	0	
5529.56564412082	79984	0	
5529.66564433899	80020	0	
5529.76564285754	80016	0	
5529.86564307572	80060	0	
5529.96564329389	80040	0	
5530.06564351206	80040	0	
5530.16564373023	80048	0	
5530.2656439484	80016	0	
5530.36564416657	80012	0	
5530.46564268513	79988	0	
5530.5656429033	79984	0	
5530.66564312147	79984	0	
5530.76564333964	79952	0	
5530.86564355781	79964	0	
5530.96564377598	79964	0	
5531.06564399415	79964	0	
5531.16564421233	79968	0	
5531.26564273088	79952	0	
5531.36564294905	79940	0	
5531.46564316722	79924	0	
5531.5656433854	79912	0	
5531.66564360357	79968	0	
5531.76564382174	79984	0	
5531.86564403991	79984	0	
5531.96564255847	80028	0	
5532.06564107702	79984	0	
5532.16564129519	80032	0	
5532.26564151337	80060	0	
5532.36564173154	80056	0	
5532.46564194971	80052	0	
5532.56564216788	80052	0	
5532.66564238605	80076	0	
5532.76564260422	80100	0	
5532.86564112278	80088	0	
5532.96564134095	80076	0	
5533.06564155912	80088	0	
5533.16564177729	80072	0	
5533.26564199546	80088	0	
5533.36564221363	80084	0	
5533.4656424318	80076	0	
5533.56564264998	80056	0	
5533.66564116853	80092	0	
5533.7656413867	80092	0	
5533.86564160487	80088	0	
5533.96564182305	80084	0	
5534.06564204122	80104	0	
5534.16564225939	80108	0	
5534.26564247756	80132	0	
5534.36564269573	80124	0	
5534.46564121429	80136	0	
5534.56564143246	80120	0	
5534.66564165063	80076	0	
5534.7656418688	80104	0	
5534.86564208697	80092	0	
5534.96564230514	80124	0	
5535.06564252331	80068	0	
5535.16564274148	80092	0	
5535.26564126004	80068	0	
5535.36564147821	80124	0	
5535.46564169638	80084	0	
5535.56564191456	80092	0	
5535.66564213273	80092	0	
5535.7656423509	80056	0	
5535.86564256907	80088	0	
5535.96564108763	80080	0	
5536.0656413058	80124	0	
5536.16564152397	80104	0	
5536.26564174214	80100	0	
5536.36564196031	80128	0	
5536.46564217848	80128	0	
5536.56564239665	80140	0	
5536.66564261482	80192	0	
5536.76564113338	80192	0	
5536.86564135155	80196	0	
5536.96564156972	80220	0	
5537.06564178789	80232	0	
5537.16564200606	80272	0	
5537.26564222424	80280	0	
5537.36564244241	80260	0	
5537.46564266058	80268	0	
5537.56564117913	80256	0	
5537.66564139731	80232	0	
5537.76564161548	80304	0	
5537.86564183365	80276	0	
5537.96564205182	80252	0	
5538.06564226999	80232	0	
5538.16564248816	80220	0	
5538.26564270633	80168	0	
5538.36564122489	80180	0	
5538.46564144306	80164	0	
5538.56564166123	80192	0	
5538.6656418794	80192	0	
5538.76564209757	80216	0	
5538.86564231575	80224	0	
5538.96564253392	80260	0	
5539.06564275209	80236	0	
5539.16564127064	80284	0	
5539.26564148882	80284	0	
5539.36564170699	80260	0	
5539.46564192516	80264	0	
5539.56564214333	80296	0	
5539.6656423615	80280	0	
5539.76564257967	80296	0	
5539.86564279784	80264	0	
5539.9656413164	80324	0	
5540.06564153457	80308	0	
5540.16564175274	80296	0	
5540.26564197091	80352	0	
5540.36564218908	80332	0	
5540.46564240725	80396	0	
5540.56564262543	80424	0	
5540.66564114398	80392	0	
5540.76564136215	80360	0	
5540.86564158032	80344	0	
5540.9656417985	80304	0	
5541.06564201667	80332	0	
5541.16564223484	80332	0	
5541.26564245301	80340	0	
5541.36564267118	80324	0	
5541.46564118974	80324	0	
5541.56564140791	80304	0	
5541.66564162608	80284	0	
5541.76564184425	80308	0	
5541.86564206242	80296	0	
5541.96564228059	80364	0	
5542.06564249876	80332	0	
5542.16564271693	80320	0	
5542.26564123549	80364	0	
5542.36564145366	80436	0	
5542.46564167183	80420	0	
5542.56564189001	80404	0	
5542.66564210818	80432	0	
5542.76564232635	80440	0	
5542.86564254452	80428	0	
5542.96564276269	80440	0	
5543.06564128125	80404	0	
5543.16564149942	80424	0	
5543.26564171759	80420	0	
5543.36564193576	80452	0	
5543.46564215393	80404	0	
5543.5656423721	80384	0	
5543.66564259027	80384	0	
5543.76564280844	80420	0	
5543.865641327	80428	0	
5543.96564154517	80424	0	
5544.06564176334	80420	0	
5544.16564198151	80388	0	
5544.26564219969	80432	0	
5544.36564241786	80404	0	
5544.46564263603	80388	0	
5544.5656428542	80420	0	
5544.66564137276	80404	0	
5544.76564159093	80416	0	
5544.8656418091	80484	0	
5544.96564202727	80480	0	
5545.06564224544	80468	0	
5545.16564246361	80504	0	
5545.26564268178	80512	0	
5545.36564289995	80492	0	
5545.46564141851	80504	0	
5545.56564163668	80528	0	
5545.66564185485	80520	0	
5545.76564207302	80544	0	
5545.8656422912	80564	0	
5545.96564250937	80536	0	
5546.06564272754	80560	0	
5546.16564124609	80524	0	
5546.26564146427	80524	0	
5546.36564168244	80496	0	
5546.46564190061	80480	0	
5546.56564211878	80472	0	
5546.66564233695	80508	0	
5546.76564255512	80508	0	
5546.86564277329	80488	0	
5546.96564129185	80492	0	
5547.06564151002	80528	0	
5547.16564172819	80540	0	
5547.26564194636	80548	0	
5547.36564216453	80560	0	
5547.4656423827	80532	0	
5547.56564260088	80588	0	
5547.66564281905	80616	0	
5547.7656413376	80624	0	
5547.86564155577	80636	0	
5547.96564177395	80628	0	
5548.06564199212	80612	0	
5548.16564221029	80620	0	
5548.26564242846	80644	0	
5548.36564264663	80628	0	
5548.4656428648	80616	0	
5548.56564138336	80620	0	
5548.66564160153	80660	0	
5548.7656418197	80640	0	
5548.86564203787	80628	0	
5548.96564225604	80616	0	
5549.06564247421	80656	0	
5549.16564269239	80620	0	
5549.26564291056	80672	0	
5549.36564142911	80616	0	
5549.46564164728	80640	0	
5549.56564186546	80632	0	
5549.66564208363	80652	0	
5549.7656423018	80632	0	
5549.86564251997	80648	0	
5549.96564273814	80664	0	
5550.06564295631	80680	0	
5550.16564147487	80704	0	
5550.26564169304	80720	0	
5550.36564191121	80728	0	
5550.46564212938	80716	0	
5550.56564234755	80744	0	
5550.66564256572	80756	0	
5550.76564278389	80708	0	
5550.86564130245	80760	0	
5550.96564152062	80776	0	
5551.06564173879	80788	0	
5551.16564195696	80764	0	
5551.26564217514	80752	0	
5551.36564239331	80792	0	
5551.46564261148	80772	0	
5551.56564282965	80784	0	
5551.66564134821	80756	0	
5551.76564156638	80744	0	
5551.86564178455	80724	0	
5551.96564200272	80712	0	
5552.06564222089	80692	0	
5552.16564243906	80712	0	
5552.26564265723	80708	0	
5552.3656428754	80696	0	
5552.46564139396	80680	0	
5552.56564161213	80724	0	
5552.6656418303	80724	0	
5552.76564204847	80724	0	
5552.86564226665	80720	0	
5552.96564248482	80752	0	
5553.06564270299	80768	0	
5553.16564292116	80776	0	
5553.26564143972	80752	0	
5553.36564165789	80824	0	
5553.46564187606	80792	0	
5553.56564209423	80832	0	
5553.6656423124	80840	0	
5553.76564253057	80808	0	
5553.86564274874	80816	0	
5553.96564296691	80844	0	
5554.06564148547	80896	0	
5553.96564296691	80848	0	
5553.86564274874	80852	0	
5553.76564253057	80848	0	
5553.6656423124	80836	0	
5553.56564209423	80832	0	
5553.46564187606	80828	0	
5553.36564165789	80804	0	
5553.26564143972	80852	0	
5553.16564292116	80796	0	
5553.06564270299	80816	0	
5552.96564248482	80796	0	
5552.86564226665	80832	0	
5552.76564204847	80808	0	
5552.6656418303	80848	0	
5552.56564161213	80764	0	
5552.46564139396	80808	0	
5552.3656428754	80796	0	
5552.26564265723	80784	0	
5552.16564243906	80772	0	
5552.06564222089	80784	0	
5551.96564200272	80796	0	
5551.86564178455	80792	0	
5551.76564156638	80804	0	
5551.66564134821	80772	0	
5551.56564282965	80804	0	
5551.46564261148	80812	0	
5551.36564239331	80792	0	
5551.26564217514	80800	0	
5551.16564195696	80772	0	
5551.06564173879	80804	0	
5550.96564152062	80784	0	
5550.86564130245	80752	0	
5550.76564278389	80768	0	
5550.66564256572	80764	0	
5550.56564234755	80756	0	
5550.46564212938	80752	0	
5550.36564191121	80748	0	
5550.26564169304	80712	0	
5550.16564147487	80724	0	
5550.06564295631	80704	0	
5549.96564273814	80648	0	
5549.86564251997	80652	0	
5549.7656423018	80676	0	
5549.66564208363	80696	0	
5549.56564186546	80696	0	
5549.46564164728	80668	0	
5549.36564142911	80716	0	
5549.26564291056	80684	0	
5549.16564269239	80708	0	
5549.06564247421	80708	0	
5548.96564225604	80692	0	
5548.86564203787	80760	0	
5548.7656418197	80692	0	
5548.66564160153	80716	0	
5548.56564138336	80712	0	
5548.4656428648	80688	0	
5548.36564264663	80688	0	
5548.26564242846	80740	0	
5548.16564221029	80712	0	
5548.06564199212	80684	0	
5547.96564177395	80712	0	
5547.86564155577	80664	0	
5547.7656413376	80676	0	
5547.66564281905	80648	0	
5547.56564260088	80644	0	
5547.4656423827	80656	0	
5547.36564216453	80628	0	
5547.26564194636	80612	0	
5547.16564172819	80600	0	
5547.06564151002	80576	0	
5546.96564129185	80596	0	
5546.86564277329	80600	0	
5546.76564255512	80560	0	
5546.66564233695	80560	0	
5546.56564211878	80580	0	
5546.46564190061	80564	0	
5546.36564168244	80588	0	
5546.26564146427	80552	0	
5546.16564124609	80580	0	
5546.06564272754	80572	0	
5545.96564250937	80548	0	
5545.8656422912	80604	0	
5545.76564207302	80612	0	
5545.66564185485	80580	0	
5545.56564163668	80580	0	
5545.46564141851	80612	0	
5545.36564289995	80620	0	
5545.26564268178	80604	0	
5545.16564246361	80608	0	
5545.06564224544	80628	0	
5544.96564202727	80636	0	
5544.8656418091	80600	0	
5544.76564159093	80540	0	
5544.66564137276	80548	0	
5544.5656428542	80584	0	
5544.46564263603	80528	0	
5544.36564241786	80512	0	
5544.26564219969	80516	0	
5544.16564198151	80520	0	
5544.06564176334	80496	0	
5543.96564154517	80480	0	
5543.865641327	80472	0	
5543.76564280844	80476	0	
5543.66564259027	80496	0	
5543.5656423721	80492	0	
5543.46564215393	80456	0	
5543.36564193576	80508	0	
5543.26564171759	80500	0	
5543.16564149942	80512	0	
5543.06564128125	80500	0	
5542.96564276269	80556	0	
5542.86564254452	80540	0	
5542.76564232635	80484	0	
5542.66564210818	80528	0	
5542.56564189001	80484	0	
5542.46564167183	80504	0	
5542.36564145366	80552	0	
5542.26564123549	80540	0	
5542.16564271693	80536	0	
5542.06564249876	80512	0	
5541.96564228059	80516	0	
5541.86564206242	80524	0	
5541.76564184425	80504	0	
5541.66564162608	80492	0	
5541.56564140791	80440	0	
5541.46564118974	80424	0	
5541.36564267118	80392	0	
5541.26564245301	80408	0	
5541.16564223484	80384	0	
5541.06564201667	80364	0	
5540.9656417985	80376	0	
5540.86564158032	80336	0	
5540.76564136215	80300	0	
5540.66564114398	80292	0	
5540.56564262543	80320	0	
5540.46564240725	80348	0	
5540.36564218908	80400	0	
5540.26564197091	80396	0	
5540.16564175274	80392	0	
5540.06564153457	80412	0	
5539.9656413164	80440	0	
5539.86564279784	80440	0	
5539.76564257967	80436	0	
5539.6656423615	80452	0	
5539.56564214333	80412	0	
5539.46564192516	80384	0	
5539.36564170699	80392	0	
5539.26564148882	80364	0	
5539.16564127064	80324	0	
5539.06564275209	80364	0	
5538.96564253392	80340	0	
5538.86564231575	80372	0	
5538.76564209757	80376	0	
5538.6656418794	80344	0	
5538.56564166123	80392	0	
5538.46564144306	80364	0	
5538.36564122489	80336	0	
5538.26564270633	80372	0	
5538.16564248816	80364	0	
5538.06564226999	80348	0	
5537.96564205182	80348	0	
5537.86564183365	80336	0	
5537.76564161548	80316	0	
5537.66564139731	80308	0	
5537.56564117913	80280	0	
5537.46564266058	80252	0	
5537.36564244241	80272	0	
5537.26564222424	80256	0	
5537.16564200606	80268	0	
5537.06564178789	80280	0	
5536.96564156972	80248	0	
5536.86564135155	80276	0	
5536.76564113338	80268	0	
5536.66564261482	80280	0	
5536.56564239665	80264	0	
5536.46564217848	80256	0	
5536.36564196031	80272	0	
5536.26564174214	80240	0	
5536.16564152397	80292	0	
5536.0656413058	80264	0	
5535.96564108763	80280	0	
5535.86564256907	80292	0	
5535.7656423509	80248	0	
5535.66564213273	80236	0	
5535.56564191456	80220	0	
5535.46564169638	80264	0	
5535.36564147821	80204	0	
5535.26564126004	80224	0	
5535.16564274148	80272	0	
5535.06564252331	80272	0	
5534.96564230514	80268	0	
5534.86564208697	80200	0	
5534.7656418688	80240	0	
5534.66564165063	80220	0	
5534.56564143246	80236	0	
5534.46564121429	80244	0	
5534.36564269573	80260	0	
5534.26564247756	80244	0	
5534.16564225939	80244	0	
5534.06564204122	80260	0	
5533.96564182305	80224	0	
5533.86564160487	80212	0	
5533.7656413867	80196	0	
5533.66564116853	80192	0	
5533.56564264998	80156	0	
5533.4656424318	80180	0	
5533.36564221363	80176	0	
5533.26564199546	80148	0	
5533.16564177729	80148	0	
5533.06564155912	80136	0	
5532.96564134095	80100	0	
5532.86564112278	80104	0	
5532.76564260422	80092	0	
5532.66564238605	80112	0	
5532.56564216788	80120	0	
5532.46564194971	80120	0	
5532.36564173154	80072	0	
5532.26564151337	80080	0	
5532.16564129519	80056	0	
5532.06564107702	80088	0	
5531.96564255847	80112	0	
5531.86564403991	80064	0	
5531.76564382174	80128	0	
5531.66564360357	80140	0	
5531.5656433854	80148	0	
5531.46564316722	80172	0	
5531.36564294905	80172	0	
5531.26564273088	80152	0	
5531.16564421233	80172	0	
5531.06564399415	80168	0	
5530.96564377598	80160	0	
5530.86564355781	80128	0	
5530.76564333964	80152	0	
5530.66564312147	80132	0	
5530.5656429033	80132	0	
5530.46564268513	80076	0	
5530.36564416657	80144	0	
5530.2656439484	80068	0	
5530.16564373023	80036	0	
5530.06564351206	80028	0	
5529.96564329389	80036	0	
5529.86564307572	80024	0	
5529.76564285754	80008	0	
5529.66564433899	79968	0	
5529.56564412082	79968	0	
5529.46564390264	79972	0	
5529.36564368447	79948	0	
5529.2656434663	79924	0	
5529.16564324813	79932	0	
5529.06564302996	79964	0	
5528.96564281179	79968	0	
5528.86564429323	79984	0	
5528.76564407506	79960	0	
5528.66564385689	79972	0	
5528.56564363872	79988	0	
5528.46564342055	79980	0	
5528.36564320238	79984	0	
5528.26564298421	79972	0	
5528.16564276603	80012	0	
5528.06564424748	80020	0	
5527.96564402931	80004	0	
5527.86564381114	80032	0	
5527.76564359296	79988	0	
5527.66564337479	80004	0	
5527.56564315662	80024	0	
5527.46564293845	79980	0	
5527.36564272028	79988	0	
5527.26564420172	80024	0	
5527.16564398355	80020	0	
5527.06564376538	79988	0	
5526.96564354721	79976	0	
5526.86564332904	79952	0	
5526.76564311087	79920	0	
5526.6656428927	79924	0	
5526.56564267453	79932	0	
5526.46564415597	79912	0	
5526.3656439378	79928	0	
5526.26564371963	79912	0	
5526.16564350146	79876	0	
5526.06564328328	79876	0	
5525.96564306511	79860	0	
5525.86564284694	79832	0	
5525.76564262877	79896	0	
5525.66564411021	79856	0	
5525.56564389204	79828	0	
5525.46564367387	79848	0	
5525.3656434557	79840	0	
5525.26564323753	79884	0	
5525.16564301936	79840	0	
5525.06564280119	79828	0	
5524.96564428263	79852	0	
5524.86564406446	79864	0	
5524.76564384629	79820	0	
5524.66564362812	79800	0	
5524.56564340995	79900	0	
5524.46564319177	79852	0	
5524.3656429736	79892	0	
5524.26564275543	79860	0	
5524.16564423688	79888	0	
5524.0656440187	79864	0	
5523.96564380053	79852	0	
5523.86564358236	79856	0	
5523.76564336419	79844	0	
5523.66564314602	79848	0	
5523.56564292785	79808	0	
5523.46564270968	79836	0	
5523.36564419112	79828	0	
5523.26564397295	79788	0	
5523.16564375478	79812	0	
5523.06564353661	79792	0	
5522.96564331844	79800	0	
5522.86564310027	79808	0	
5522.76564288209	79784	0	
5522.66564266392	79732	0	
5522.56564414537	79760	0	
5522.46564392719	79752	0	
5522.36564370902	79716	0	
5522.26564349085	79716	0	
5522.16564327268	79720	0	
5522.06564305451	79764	0	
5521.96564283634	79720	0	
5521.86564261817	79688	0	
5521.76564409961	79692	0	
5521.66564388144	79716	0	
5521.56564366327	79716	0	
5521.4656434451	79684	0	
5521.36564322693	79676	0	
5521.26564300876	79688	0	
5521.16564279058	79700	0	
5521.06564257241	79652	0	
5520.96564405386	79692	0	
5520.86564383569	79664	0	
5520.76564361751	79668	0	
5520.66564339934	79676	0	
5520.56564318117	79724	0	
5520.465642963	79708	0	
5520.36564274483	79688	0	
5520.26564422627	79724	0	
5520.1656440081	79756	0	
5520.06564378993	79732	0	
5519.96564357176	79760	0	
5519.86564335359	79752	0	
5519.76564313542	79736	0	
5519.66564291725	79740	0	
5519.56564269908	79676	0	
5519.46564418052	79668	0	
5519.36564396235	79668	0	
5519.26564374418	79608	0	
5519.16564352601	79648	0	
5519.06564330783	79628	0	
5518.96564308966	79616	0	
5518.86564287149	79596	0	
5518.76564265332	79608	0	
5518.66564413476	79600	0	
5518.56564391659	79556	0	
5518.46564369842	79576	0	
5518.36564348025	79544	0	
5518.26564326208	79580	0	
5518.16564304391	79560	0	
5518.06564282574	79580	0	
5517.96564260757	79580	0	
5517.86564408901	79556	0	
5517.76564387084	79528	0	
5517.66564365267	79548	0	
5517.5656434345	79612	0	
5517.46564321632	79592	0	
5517.36564299815	79604	0	
5517.26564277998	79600	0	
5517.16564256181	79580	0	
5517.06564404325	79568	0	
5516.96564382508	79612	0	
5516.86564360691	79628	0	
5516.76564338874	79612	0	
5516.66564317057	79600	0	
5516.5656429524	79548	0	
5516.46564273423	79604	0	
5516.36564251606	79572	0	
5516.2656439975	79576	0	
5516.16564377933	79596	0	
5516.06564356116	79564	0	
5515.96564334299	79492	0	
5515.86564312482	79484	0	
5515.76564290664	79496	0	
5515.66564268847	79468	0	
5515.5656424703	79516	0	
5515.46564395174	79452	0	
5515.36564373357	79492	0	
5515.2656435154	79492	0	
5515.16564329723	79500	0	
5515.06564307906	79468	0	
5514.96564286089	79456	0	
5514.86564264272	79496	0	
5514.76564412416	79520	0	
5514.66564390599	79504	0	
5514.56564368782	79468	0	
5514.46564346965	79460	0	
5514.36564325148	79420	0	
5514.26564303331	79420	0	
5514.16564281513	79428	0	
5514.06564259696	79416	0	
5513.96564407841	79388	0	
5513.86564386024	79396	0	
5513.76564364206	79332	0	
5513.66564342389	79356	0	
5513.56564320572	79372	0	
5513.46564298755	79436	0	
5513.36564276938	79424	0	
5513.26564255121	79432	0	
5513.16564403265	79436	0	
5513.06564381448	79440	0	
5512.96564359631	79476	0	
5512.86564337814	79460	0	
5512.76564315997	79468	0	
5512.6656429418	79468	0	
5512.56564272363	79436	0	
5512.46564250545	79464	0	
5512.3656439869	79440	0	
5512.26564376873	79432	0	
5512.16564355055	79408	0	
5512.06564333238	79392	0	
5511.96564311421	79420	0	
5511.86564289604	79360	0	
5511.76564267787	79344	0	
5511.6656424597	79320	0	
5511.56564394114	79328	0	
5511.46564372297	79300	0	
5511.3656435048	79308	0	
5511.26564328663	79292	0	
5511.16564306846	79276	0	
5511.06564285029	79272	0	
5510.96564263212	79292	0	
5510.86564241394	79300	0	
5510.76564389539	79332	0	
5510.66564367722	79308	0	
5510.56564345905	79328	0	
5510.46564324087	79276	0	
5510.3656430227	79284	0	
5510.26564280453	79288	0	
5510.16564258636	79284	0	
5510.0656440678	79256	0	
5509.96564384963	79296	0	
5509.86564363146	79316	0	
5509.76564341329	79300	0	
5509.66564319512	79324	0	
5509.56564297695	79324	0	
5509.46564275878	79348	0	
5509.36564254061	79340	0	
5509.26564402205	79324	0	
5509.16564380388	79320	0	
5509.06564358571	79340	0	
5508.96564336754	79320	0	
5508.86564314937	79284	0	
5508.76564293119	79292	0	
5508.66564271302	79244	0	
5508.56564249485	79280	0	
5508.46564397629	79224	0	
5508.36564375812	79216	0	
5508.26564353995	79196	0	
5508.16564332178	79200	0	
5508.06564310361	79168	0	
5507.96564288544	79216	0	
5507.86564266727	79184	0	
5507.7656424491	79200	0	
5507.66564393054	79176	0	
5507.56564371237	79184	0	
5507.4656434942	79196	0	
5507.36564327603	79224	0	
5507.26564305786	79172	0	
5507.16564283968	79160	0	
5507.06564262151	79120	0	
5506.96564240334	79144	0	
5506.86564388479	79164	0	
5506.76564366661	79132	0	
5506.66564344844	79160	0	
5506.56564323027	79144	0	
5506.4656430121	79172	0	
5506.36564279393	79140	0	
5506.26564257576	79128	0	
5506.16564235759	79192	0	
5506.06564383903	79168	0	
5505.96564362086	79148	0	
5505.86564340269	79116	0	
5505.76564318452	79164	0	
5505.66564296635	79176	0	
5505.56564274818	79140	0	
5505.46564253	79172	0	
5505.36564231183	79080	0	
5505.26564379328	79128	0	
5505.1656435751	79124	0	
5505.06564335693	79144	0	
5504.96564313876	79124	0	
5504.86564292059	79100	0	
5504.76564270242	79116	0	
5504.66564248425	79100	0	
5504.56564396569	79068	0	
5504.46564374752	79068	0	
5504.36564352935	79084	0	
5504.26564331118	79080	0	
5504.16564309301	79140	0	
5504.06564287484	79100	0	
5503.96564265667	79048	0	
5503.86564243849	79064	0	
5503.76564391994	79076	0	
5503.66564370177	79036	0	
5503.5656434836	79028	0	
5503.46564326542	79044	0	
5503.36564304725	78996	0	
5503.2656445287	78988	0	
5503.16564431053	79008	0	
5503.06564409235	78968	0	
5502.9656455738	79016	0	
5502.86564535563	79008	0	
5502.76564513746	79016	0	
5502.66564491928	78976	0	
5502.56564470111	79000	0	
5502.46564448294	79060	0	
5502.36564426477	79048	0	
5502.2656440466	79056	0	
5502.16564552804	79080	0	
5502.06564530987	79056	0	
5501.9656450917	79032	0	
5501.86564487353	79048	0	
5501.76564465536	79060	0	
5501.66564443719	78984	0	
5501.56564421902	79044	0	
5501.46564400084	78992	0	
5501.36564548229	79004	0	
5501.26564526412	78952	0	
5501.16564504595	78996	0	
5501.06564482778	78960	0	
5500.9656446096	78940	0	
5500.86564439143	78948	0	
5500.76564417326	78968	0	
5500.66564395509	78952	0	
5500.56564543653	78964	0	
5500.46564521836	78968	0	
5500.36564500019	78928	0	
5500.26564478202	78920	0	
5500.16564456385	78960	0	
5500.06564434568	78920	0	
5499.96564412751	78936	0	
5499.86564560895	78920	0	
5499.76564539078	78912	0	
5499.66564517261	78916	0	
5499.56564495444	78936	0	
5499.46564473626	78916	0	
5499.36564451809	78892	0	
5499.26564429992	78900	0	
5499.16564408175	78884	0	
5499.0656455632	78812	0	
5498.96564534502	78848	0	
5498.86564512685	78848	0	
5498.76564490868	78840	0	
5498.66564469051	78856	0	
5498.56564447234	78836	0	
5498.46564425417	78832	0	
5498.365644036	78816	0	
5498.26564551744	78816	0	
5498.16564529927	78792	0	
5498.0656450811	78824	0	
5497.96564486293	78828	0	
5497.86564464476	78844	0	
5497.76564442658	78840	0	
5497.66564420841	78860	0	
5497.56564399024	78860	0	
5497.46564547169	78844	0	
5497.36564525352	78856	0	
5497.26564503534	78848	0	
5497.16564481717	78864	0	
5497.065644599	78868	0	
5496.96564438083	78844	0	
5496.86564416266	78824	0	
5496.76564394449	78808	0	
5496.66564542593	78800	0	
5496.56564520776	78808	0	
5496.46564498959	78768	0	
5496.36564477142	78732	0	
5496.26564455325	78752	0	
5496.16564433508	78748	0	
5496.0656441169	78692	0	
5495.96564389873	78728	0	
5495.86564538018	78748	0	
5495.76564516201	78756	0	
5495.66564494383	78668	0	
5495.56564472566	78708	0	
5495.46564450749	78700	0	
5495.36564428932	78704	0	
5495.26564407115	78708	0	
5495.16564555259	78752	0	
5495.06564533442	78772	0	
5494.96564511625	78752	0	
5494.86564489808	78772	0	
5494.76564467991	78736	0	
5494.66564446174	78732	0	
5494.56564424357	78728	0	
5494.46564402539	78740	0	
5494.36564550684	78752	0	
5494.26564528867	78780	0	
5494.1656450705	78764	0	
5494.06564485233	78780	0	
5493.96564463415	78724	0	
5493.86564441598	78676	0	
5493.76564419781	78680	0	
5493.66564397964	78688	0	
5493.56564546108	78656	0	
5493.46564524291	78640	0	
5493.36564502474	78680	0	
5493.26564480657	78664	0	
5493.1656445884	78604	0	
5493.06564437023	78568	0	
5492.96564415206	78580	0	
5492.86564393389	78600	0	
5492.76564541533	78568	0	
5492.66564519716	78528	0	
5492.56564497899	78536	0	
5492.46564476081	78512	0	
5492.36564454264	78508	0	
5492.26564432447	78560	0	
5492.1656441063	78548	0	
5492.06564388813	78532	0	
5491.96564536957	78552	0	
5491.8656451514	78564	0	
5491.76564493323	78552	0	
5491.66564471506	78552	0	
5491.56564449689	78548	0	
5491.46564427872	78560	0	
5491.36564406055	78580	0	
5491.26564384238	78600	0	
5491.16564532382	78648	0	
5491.06564510565	78668	0	
5490.96564488748	78664	0	
5490.86564466931	78636	0	
5490.76564445113	78628	0	
5490.66564423296	78648	0	
5490.56564401479	78660	0	
5490.46564379662	78676	0	
5490.36564527806	78644	0	
5490.26564505989	78608	0	
5490.16564484172	78596	0	
5490.06564462355	78552	0	
5489.96564440538	78524	0	
5489.86564418721	78532	0	
5489.76564396904	78480	0	
5489.66564545048	78508	0	
5489.56564523231	78440	0	
5489.46564501414	78476	0	
5489.36564479597	78456	0	
5489.2656445778	78428	0	
5489.16564435963	78404	0	
5489.06564414145	78424	0	
5488.96564392328	78364	0	
5488.86564540473	78356	0	
5488.76564518656	78396	0	
5488.66564496838	78428	0	
5488.56564475021	78480	0	
5488.46564453204	78424	0	
5488.36564431387	78408	0	
5488.2656440957	78452	0	
5488.16564387753	78464	0	
5488.06564535897	78484	0	
5487.9656451408	78520	0	
5487.86564492263	78584	0	
5487.76564470446	78552	0	
5487.66564448629	78540	0	
5487.56564426812	78556	0	
5487.46564404994	78524	0	
5487.36564383177	78592	0	
5487.26564531322	78584	0	
5487.16564509505	78612	0	
5487.06564487688	78536	0	
5486.9656446587	78532	0	
5486.86564444053	78532	0	
5486.76564422236	78484	0	
5486.66564400419	78452	0	
5486.56564378602	78380	0	
5486.46564526746	78368	0	
5486.36564504929	78316	0	
5486.26564483112	78344	0	
5486.16564461295	78328	0	
5486.06564439478	78304	0	
5485.96564417661	78304	0	
5485.86564395844	78276	0	
5485.76564374026	78300	0	
5485.66564522171	78312	0	
5485.56564500354	78276	0	
5485.46564478536	78272	0	
5485.36564456719	78296	0	
5485.26564434902	78308	0	
5485.16564413085	78332	0	
5485.06564391268	78348	0	
5484.96564539412	78360	0	
5484.86564517595	78364	0	
5484.76564495778	78364	0	
5484.66564473961	78376	0	
5484.56564452144	78416	0	
5484.46564430327	78408	0	
5484.3656440851	78392	0	
5484.26564386693	78416	0	
5484.16564534837	78380	0	
5484.0656451302	78416	0	
5483.96564491203	78364	0	
5483.86564469386	78348	0	
5483.76564447568	78340	0	
5483.66564425751	78316	0	
5483.56564403934	78304	0	
5483.46564382117	78244	0	
5483.36564530261	78244	0	
5483.26564508444	78224	0	
5483.16564486627	78220	0	
5483.0656446481	78216	0	
5482.96564442993	78228	0	
5482.86564421176	78204	0	
5482.76564399359	78164	0	
5482.66564377542	78196	0	
5482.56564525686	78240	0	
5482.46564503869	78224	0	
5482.36564482052	78236	0	
5482.26564460235	78264	0	
5482.16564438417	78260	0	
5482.065644166	78240	0	
5481.96564394783	78256	0	
5481.86564372966	78268	0	
5481.76564521111	78248	0	
5481.66564499293	78280	0	
5481.56564477476	78244	0	
5481.46564455659	78228	0	
5481.36564433842	78296	0	
5481.26564412025	78272	0	
5481.16564390208	78260	0	
5481.06564368391	78260	0	
5480.96564516535	78256	0	
5480.86564494718	78240	0	
5480.76564472901	78232	0	
5480.66564451084	78208	0	
5480.56564429267	78252	0	
5480.46564407449	78228	0	
5480.36564385632	78244	0	
5480.26564363815	78236	0	
5480.1656451196	78216	0	
5480.06564490142	78264	0	
5479.96564468325	78300	0	
5479.86564446508	78328	0	
5479.76564424691	78336	0	
5479.66564402874	78320	0	
5479.56564381057	78344	0	
5479.46564529201	78344	0	
5479.36564507384	78336	0	
5479.26564485567	78364	0	
5479.1656446375	78340	0	
5479.06564441933	78360	0	
5478.96564420116	78328	0	
5478.86564398299	78356	0	
5478.76564376481	78368	0	
5478.66564524626	78376	0	
5478.56564502809	78352	0	
5478.46564480991	78364	0	
5478.36564459174	78356	0	
5478.26564437357	78364	0	
5478.1656441554	78340	0	
5478.06564393723	78364	0	
5477.96564371906	78392	0	
5477.8656452005	78368	0	
5477.76564498233	78360	0	
5477.66564476416	78368	0	
5477.56564454599	78376	0	
5477.46564432782	78400	0	
5477.36564410965	78344	0	
5477.26564389148	78336	0	
5477.1656436733	78344	0	
5477.06564515475	78316	0	
5476.96564493658	78352	0	
5476.86564471841	78364	0	
5476.76564450023	78332	0	
5476.66564428206	78392	0	
5476.56564406389	78380	0	
5476.46564384572	78380	0	
5476.36564362755	78392	0	
5476.26564510899	78380	0	
5476.16564489082	78424	0	
5476.06564467265	78368	0	
5475.96564445448	78384	0	
5475.86564423631	78364	0	
5475.76564401814	78364	0	
5475.66564379997	78380	0	
5475.5656435818	78372	0	
5475.46564506324	78344	0	
5475.36564484507	78324	0	
5475.2656446269	78368	0	
5475.16564440872	78384	0	
5475.06564419055	78340	0	
5474.96564397238	78352	0	
5474.86564375421	78368	0	
5474.76564693527	78364	0	
5474.6656467171	78344	0	
5474.56564649893	78376	0	
5474.46564628076	78384	0	
5474.36564606259	78368	0	
5474.26564584441	78336	0	
5474.16564562624	78340	0	
5474.06564540807	78392	0	
5473.96564688951	78400	0	
5473.86564667134	78380	0	
5473.76564645317	78384	0	
5473.665646235	78376	0	
5473.56564601683	78412	0	
5473.46564579866	78400	0	
5473.36564558049	78404	0	
5473.26564536232	78408	0	
5473.16564684376	78400	0	
5473.06564662559	78424	0	
5472.96564640742	78420	0	
5472.86564618925	78408	0	
5472.76564597108	78408	0	
5472.6656457529	78412	0	
5472.56564553473	78384	0	
5472.46564531656	78388	0	
5472.36564679801	78360	0	
5472.26564657983	78360	0	
5472.16564636166	78348	0	
5472.06564614349	78324	0	
5471.96564592532	78332	0	
5471.86564570715	78332	0	
5471.76564548898	78372	0	
5471.66564527081	78324	0	
5471.56564675225	78352	0	
5471.46564653408	78328	0	
5471.36564631591	78348	0	
5471.26564609774	78376	0	
5471.16564587957	78328	0	
5471.0656456614	78356	0	
5470.96564544322	78312	0	
5470.86564522505	78368	0	
5470.7656467065	78368	0	
5470.66564648832	78356	0	
5470.56564627015	78388	0	
5470.46564605198	78328	0	
5470.36564583381	78400	0	
5470.26564561564	78360	0	
5470.16564539747	78348	0	
5470.06564687891	78376	0	
5469.96564666074	78356	0	
5469.86564644257	78380	0	
5469.7656462244	78360	0	
5469.66564600623	78368	0	
5469.56564578806	78332	0	
5469.46564556989	78344	0	
5469.36564535171	78364	0	
5469.26564683316	78352	0	
5469.16564661499	78336	0	
5469.06564639682	78348	0	
5468.96564617864	78384	0	
5468.86564596047	78360	0	
5468.7656457423	78344	0	
5468.66564552413	78368	0	
5468.56564530596	78336	0	
5468.4656467874	78332	0	
5468.36564656923	78324	0	
5468.26564635106	78340	0	
5468.16564613289	78308	0	
5468.06564591472	78336	0	
5467.96564569655	78380	0	
5467.86564547838	78368	0	
5467.76564526021	78340	0	
5467.66564674165	78316	0	
5467.56564652348	78360	0	
5467.46564630531	78360	0	
5467.36564608714	78356	0	
5467.26564586896	78352	0	
5467.16564565079	78356	0	
5467.06564543262	78336	0	
5466.96564521445	78360	0	
5466.86564669589	78348	0	
5466.76564647772	78332	0	
5466.66564625955	78332	0	
5466.56564604138	78368	0	
5466.46564582321	78308	0	
5466.36564560504	78312	0	
5466.26564538687	78324	0	
5466.1656451687	78328	0	
5466.06564665014	78376	0	
5465.96564643197	78364	0	
5465.8656462138	78332	0	
5465.76564599563	78320	0	
5465.66564577745	78360	0	
5465.56564555928	78344	0	
5465.46564534111	78372	0	
5465.36564512294	78372	0	
5465.26564660438	78356	0	
5465.16564638621	78336	0	
5465.06564616804	78376	0	
5464.96564594987	78356	0	
5464.8656457317	78332	0	
5464.76564551353	78352	0	
5464.66564529536	78344	0	
5464.5656467768	78280	0	
5464.46564655863	78332	0	
5464.36564634046	78320	0	
5464.26564612229	78376	0	
5464.16564590412	78332	0	
5464.06564568595	78320	0	
5463.96564546777	78340	0	
5463.8656452496	78352	0	
5463.76564673105	78308	0	
5463.66564651287	78332	0	
5463.5656462947	78340	0	
5463.46564607653	78356	0	
5463.36564585836	78316	0	
5463.26564564019	78332	0	
5463.16564542202	78328	0	
5463.06564520385	78400	0	
5462.96564668529	78380	0	
5462.86564646712	78356	0	
5462.76564624895	78356	0	
5462.66564603078	78356	0	
5462.56564581261	78364	0	
5462.46564559444	78352	0	
5462.36564537626	78388	0	
5462.26564515809	78376	0	
5462.16564663954	78324	0	
5462.06564642137	78324	0	
5461.96564620319	78364	0	
5461.86564598502	78364	0	
5461.76564576685	78380	0	
5461.66564554868	78396	0	
5461.56564533051	78376	0	
5461.46564511234	78368	0	
5461.36564659378	78360	0	
5461.26564637561	78360	0	
5461.16564615744	78328	0	
5461.06564593927	78368	0	
5460.9656457211	78356	0	
5460.86564550293	78360	0	
5460.76564528476	78356	0	
5460.66564506658	78356	0	
5460.56564654803	78356	0	
5460.46564632986	78356	0	
5460.36564611168	78384	0	
5460.26564589351	78348	0	
5460.16564567534	78384	0	
5460.06564545717	78372	0	
5459.965645239	78332	0	
5459.86564672044	78332	0	
5459.76564650227	78364	0	
5459.6656462841	78384	0	
5459.56564606593	78340	0	
5459.46564584776	78432	0	
5459.36564562959	78420	0	
5459.26564541142	78368	0	
5459.16564519325	78348	0	
5459.06564667469	78340	0	
5458.96564645652	78360	0	
5458.86564623835	78360	0	
5458.76564602018	78388	0	
5458.665645802	78364	0	
5458.56564558383	78396	0	
5458.46564536566	78420	0	
5458.36564514749	78364	0	
5458.26564662893	78372	0	
5458.16564641076	78400	0	
5458.06564619259	78388	0	
5457.96564597442	78372	0	
5457.86564575625	78368	0	
5457.76564553808	78368	0	
5457.66564531991	78364	0	
5457.56564510174	78380	0	
5457.46564658318	78356	0	
5457.36564636501	78380	0	
5457.26564614684	78380	0	
5457.16564592867	78376	0	
5457.0656457105	78376	0	
5456.96564549232	78368	0	
5456.86564527415	78352	0	
5456.76564505598	78344	0	
5456.66564653742	78360	0	
5456.56564631925	78344	0	
5456.46564610108	78360	0	
5456.36564588291	78376	0	
5456.26564566474	78368	0	
5456.16564544657	78400	0	
5456.0656452284	78372	0	
5455.96564501023	78344	0	
5455.86564649167	78372	0	
5455.7656462735	78376	0	
5455.66564605533	78372	0	
5455.56564583716	78384	0	
5455.46564561899	78396	0	
5455.36564540081	78388	0	
5455.26564518264	78380	0	
5455.16564496447	78380	0	
5455.06564644592	78376	0	
5454.96564622774	78404	0	
5454.86564600957	78396	0	
5454.7656457914	78388	0	
5454.66564557323	78372	0	
5454.56564535506	78356	0	
5454.46564513689	78368	0	
5454.36564661833	78380	0	
5454.26564640016	78356	0	
5454.16564618199	78352	0	
5454.06564596382	78376	0	
5453.96564574565	78388	0	
5453.86564552748	78352	0	
5453.76564530931	78344	0	
5453.66564509113	78364	0	
5453.56564657258	78368	0	
5453.46564635441	78364	0	
5453.36564613623	78388	0	
5453.26564591806	78360	0	
5453.16564569989	78368	0	
5453.06564548172	78388	0	
5452.96564526355	78404	0	
5452.86564504538	78404	0	
5452.76564652682	78380	0	
5452.66564630865	78376	0	
5452.56564609048	78356	0	
5452.46564587231	78380	0	
5452.36564565414	78360	0	
5452.26564543597	78404	0	
5452.16564521779	78392	0	
5452.06564499962	78388	0	
5451.96564648107	78392	0	
5451.8656462629	78380	0	
5451.76564604473	78372	0	
5451.66564582655	78392	0	
5451.56564560838	78380	0	
5451.46564539021	78356	0	
5451.36564517204	78352	0	
5451.26564495387	78352	0	
5451.16564643531	78364	0	
5451.06564621714	78376	0	
5450.96564599897	78348	0	
5450.8656457808	78388	0	
5450.76564556263	78308	0	
5450.66564534446	78356	0	
5450.56564512629	78384	0	
5450.46564490811	78392	0	
5450.36564638956	78408	0	
5450.26564617139	78392	0	
5450.16564595322	78396	0	
5450.06564573504	78400	0	
5449.96564551687	78376	0	
5449.8656452987	78392	0	
5449.76564508053	78400	0	
5449.66564656197	78348	0	
5449.5656463438	78344	0	
5449.46564612563	78384	0	
5449.36564590746	78436	0	
5449.26564568929	78372	0	
5449.16564547112	78376	0	
5449.06564525295	78396	0	
5448.96564503478	78400	0	
5448.86564651622	78400	0	
5448.76564629805	78364	0	
5448.66564607988	78376	0	
5448.56564586171	78388	0	
5448.46564564354	78408	0	
5448.36564542536	78404	0	
5448.26564520719	78368	0	
5448.16564498902	78364	0	
5448.06564647047	78372	0	
5447.96564625229	78344	0	
5447.86564603412	78392	0	
5447.76564581595	78376	0	
5447.66564559778	78392	0	
5447.56564537961	78344	0	
5447.46564516144	78348	0	
5447.36564494327	78416	0	
5447.26564642471	78348	0	
5447.16564620654	78368	0	
5447.06564598837	78384	0	
5446.9656457702	78388	0	
5446.86564555203	78416	0	
5446.76564533386	78376	0	
5446.66564511568	78384	0	
5446.56564489751	78388	0	
5446.46564637896	78356	0	
5446.36564616078	78352	0	
5446.26564764223	78372	0	
5446.16564742406	78360	0	
5446.06564720589	78364	0	
5445.96564698771	78344	0	
5445.86564676954	78408	0	
5445.76564655137	78380	0	
5445.66564803282	78384	0	
5445.56564781464	78404	0	
5445.46564759647	78368	0	
5445.3656473783	78376	0	
5445.26564716013	78388	0	
5445.16564694196	78384	0	
5445.06564672379	78388	0	
5444.96564820523	78372	0	
5444.86564798706	78388	0	
5444.76564776889	78360	0	
5444.66564755072	78396	0	
5444.56564733255	78380	0	
5444.46564711438	78348	0	
5444.36564689621	78360	0	
5444.26564667803	78412	0	
5444.16564815948	78412	0	
5444.06564794131	78416	0	
5443.96564772313	78396	0	
5443.86564750496	78376	0	
5443.76564728679	78412	0	
5443.66564706862	78400	0	
5443.56564685045	78396	0	
5443.46564663228	78396	0	
5443.36564811372	78400	0	
5443.26564789555	78420	0	
5443.16564767738	78400	0	
5443.06564745921	78420	0	
5442.96564724104	78436	0	
5442.86564702287	78408	0	
5442.7656468047	78384	0	
5442.66564658652	78404	0	
5442.56564806797	78368	0	
5442.4656478498	78364	0	
5442.36564763163	78396	0	
5442.26564741345	78400	0	
5442.16564719528	78420	0	
5442.06564697711	78400	0	
5441.96564675894	78372	0	
5441.86564654077	78376	0	
5441.76564802221	78372	0	
5441.66564780404	78352	0	
5441.56564758587	78396	0	
5441.4656473677	78376	0	
5441.36564714953	78392	0	
5441.26564693136	78380	0	
5441.16564671319	78396	0	
5441.06564649502	78388	0	
5440.96564797646	78420	0	
5440.86564775829	78360	0	
5440.76564754012	78360	0	
5440.66564732194	78380	0	
5440.56564710377	78348	0	
5440.4656468856	78392	0	
5440.36564666743	78364	0	
5440.26564644926	78376	0	
5440.1656479307	78384	0	
5440.06564771253	78372	0	
5439.96564749436	78408	0	
5439.86564727619	78380	0	
5439.76564705802	78372	0	
5439.66564683985	78388	0	
5439.56564662168	78364	0	
5439.46564810312	78372	0	
5439.36564788495	78384	0	
5439.26564766678	78424	0	
5439.16564744861	78400	0	
5439.06564723044	78408	0	
5438.96564701226	78396	0	
5438.86564679409	78392	0	
5438.76564657592	78400	0	
5438.66564805737	78372	0	
5438.56564783919	78364	0	
5438.46564762102	78400	0	
5438.36564740285	78340	0	
5438.26564718468	78376	0	
5438.16564696651	78360	0	
5438.06564674834	78376	0	
5437.96564653017	78340	0	
5437.86564801161	78388	0	
5437.76564779344	78356	0	
5437.66564757527	78360	0	
5437.5656473571	78388	0	
5437.46564713893	78360	0	
5437.36564692076	78384	0	
5437.26564670258	78396	0	
5437.16564648441	78376	0	
5437.06564796586	78380	0	
5436.96564774768	78384	0	
5436.86564752951	78352	0	
5436.76564731134	78360	0	
5436.66564709317	78416	0	
5436.565646875	78436	0	
5436.46564665683	78432	0	
5436.36564643866	78408	0	
5436.2656479201	78348	0	
5436.16564770193	78376	0	
5436.06564748376	78372	0	
5435.96564726559	78408	0	
5435.86564704742	78372	0	
5435.76564682925	78408	0	
5435.66564661107	78364	0	
5435.5656463929	78332	0	
5435.46564787435	78332	0	
5435.36564765618	78404	0	
5435.265647438	78392	0	
5435.16564721983	78364	0	
5435.06564700166	78368	0	
5434.96564678349	78372	0	
5434.86564656532	78360	0	
5434.76564804676	78376	0	
5434.66564782859	78388	0	
5434.56564761042	78404	0	
5434.46564739225	78388	0	
5434.36564717408	78384	0	
5434.26564695591	78372	0	
5434.16564673774	78352	0	
5434.06564651957	78328	0	
5433.96564800101	78340	0	
5433.86564778284	78364	0	
5433.76564756467	78372	0	
5433.66564734649	78404	0	
5433.56564712832	78396	0	
5433.46564691015	78396	0	
5433.36564669198	78392	0	
5433.26564647381	78416	0	
5433.16564795525	78400	0	
5433.06564773708	78352	0	
5432.96564751891	78336	0	
5432.86564730074	78364	0	
5432.76564708257	78404	0	
5432.6656468644	78384	0	
5432.56564664623	78356	0	
5432.46564642806	78396	0	
5432.3656479095	78400	0	
5432.26564769133	78388	0	
5432.16564747316	78388	0	
5432.06564725499	78392	0	
5431.96564703681	78388	0	
5431.86564681864	78372	0	
5431.76564660047	78400	0	
5431.6656463823	78384	0	
5431.56564786374	78416	0	
5431.46564764557	78388	0	
5431.3656474274	78380	0	
5431.26564720923	78420	0	
5431.16564699106	78424	0	
5431.06564677289	78404	0	
5430.96564655472	78404	0	
5430.86564633655	78356	0	
5430.76564781799	78364	0	
5430.66564759982	78396	0	
5430.56564738165	78380	0	
5430.46564716348	78396	0	
5430.3656469453	78396	0	
5430.26564672713	78416	0	
5430.16564650896	78388	0	
5430.06564629079	78376	0	
5429.96564777223	78364	0	
5429.86564755406	78372	0	
5429.76564733589	78352	0	
5429.66564711772	78392	0	
5429.56564689955	78388	0	
5429.46564668138	78380	0	
5429.36564646321	78348	0	
5429.26564794465	78392	0	
5429.16564772648	78380	0	
5429.06564750831	78408	0	
5428.96564729014	78388	0	
5428.86564707197	78400	0	
5428.7656468538	78344	0	
5428.66564663562	78408	0	
5428.56564641745	78388	0	
5428.4656478989	78360	0	
5428.36564768073	78384	0	
5428.26564746255	78392	0	
5428.16564724438	78372	0	
5428.06564702621	78404	0	
5427.96564680804	78408	0	
5427.86564658987	78380	0	
5427.7656463717	78384	0	
5427.66564785314	78380	0	
5427.56564763497	78408	0	
5427.4656474168	78388	0	
5427.36564719863	78392	0	
5427.26564698046	78348	0	
5427.16564676229	78364	0	
5427.06564654412	78348	0	
5426.96564632594	78360	0	
5426.86564780739	78384	0	
5426.76564758922	78380	0	
5426.66564737104	78368	0	
5426.56564715287	78376	0	
5426.4656469347	78400	0	
5426.36564671653	78400	0	
5426.26564649836	78416	0	
5426.16564628019	78384	0	
5426.06564776163	78364	0	
5425.96564754346	78388	0	
5425.86564732529	78416	0	
5425.76564710712	78464	0	
5425.66564688895	78364	0	
5425.56564667078	78396	0	
5425.46564645261	78404	0	
5425.36564623443	78396	0	
5425.26564771588	78400	0	
5425.16564749771	78408	0	
5425.06564727954	78356	0	
5424.96564706136	78412	0	
5424.86564684319	78432	0	
5424.76564662502	78392	0	
5424.66564640685	78396	0	
5424.56564788829	78344	0	
5424.46564767012	78388	0	
5424.36564745195	78392	0	
5424.26564723378	78384	0	
5424.16564701561	78380	0	
5424.06564679744	78348	0	
5423.96564657927	78376	0	
5423.8656463611	78388	0	
5423.76564784254	78380	0	
5423.66564762437	78364	0	
5423.5656474062	78360	0	
5423.46564718803	78400	0	
5423.36564696985	78388	0	
5423.26564675168	78400	0	
5423.16564653351	78360	0	
5423.06564631534	78340	0	
5422.96564779678	78360	0	
5422.86564757861	78392	0	
5422.76564736044	78372	0	
5422.66564714227	78400	0	
5422.5656469241	78408	0	
5422.46564670593	78368	0	
5422.36564648776	78384	0	
5422.26564626959	78400	0	
5422.16564775103	78380	0	
5422.06564753286	78412	0	
5421.96564731469	78412	0	
5421.86564709652	78356	0	
5421.76564687835	78396	0	
5421.66564666017	78380	0	
5421.565646442	78376	0	
5421.46564622383	78392	0	
5421.36564770528	78380	0	
5421.2656474871	78388	0	
5421.16564726893	78404	0	
5421.06564705076	78380	0	
5420.96564683259	78360	0	
5420.86564661442	78376	0	
5420.76564639625	78320	0	
5420.66564617808	78356	0	
5420.56564765952	78360	0	
5420.46564744135	78392	0	
5420.36564722318	78376	0	
5420.26564700501	78360	0	
5420.16564678684	78384	0	
5420.06564656866	78404	0	
5419.96564635049	78352	0	
5419.86564783194	78376	0	
5419.76564761377	78448	0	
5419.66564739559	78376	0	
5419.56564717742	78380	0	
5419.46564695925	78412	0	
5419.36564674108	78380	0	
5419.26564652291	78392	0	
5419.16564630474	78412	0	
5419.06564778618	78416	0	
5418.96564756801	78396	0	
5418.86564734984	78372	0	
5418.76564713167	78420	0	
5418.6656469135	78376	0	
5418.56564669533	78372	0	
5418.46564647716	78356	0	
5418.36564625898	78360	0	
5418.26564774043	78356	0	
5418.16564752226	78352	0	
5418.06564730409	78380	0	
5417.96564708591	78408	0	
5417.86564686774	78416	0	
5417.76564834919	78392	0	
5417.66564813101	78404	0	
5417.56564791284	78364	0	
5417.46564939429	78384	0	
5417.36564917612	78364	0	
5417.26564895794	78384	0	
5417.16564873977	78364	0	
5417.0656485216	78412	0	
5416.96564830343	78376	0	
5416.86564808526	78336	0	
5416.76564786709	78412	0	
5416.66564934853	78412	0	
5416.56564913036	78388	0	
5416.46564891219	78364	0	
5416.36564869402	78368	0	
5416.26564847585	78356	0	
5416.16564825768	78376	0	
5416.06564803951	78428	0	
5415.96564782133	78408	0	
5415.86564930278	78392	0	
5415.76564908461	78388	0	
5415.66564886644	78404	0	
5415.56564864826	78404	0	
5415.46564843009	78356	0	
5415.36564821192	78360	0	
5415.26564799375	78388	0	
5415.16564777558	78372	0	
5415.06564925702	78396	0	
5414.96564903885	78412	0	
5414.86564882068	78396	0	
5414.76564860251	78368	0	
5414.66564838434	78388	0	
5414.56564816617	78384	0	
5414.465647948	78368	0	
5414.36564942944	78384	0	
5414.26564921127	78400	0	
5414.1656489931	78372	0	
5414.06564877493	78392	0	
5413.96564855675	78392	0	
5413.86564833858	78360	0	
5413.76564812041	78372	0	
5413.66564790224	78380	0	
5413.56564938369	78376	0	
5413.46564916551	78388	0	
5413.36564894734	78352	0	
5413.26564872917	78404	0	
5413.165648511	78404	0	
5413.06564829283	78376	0	
5412.96564807466	78372	0	
5412.86564785649	78360	0	
5412.76564933793	78368	0	
5412.66564911976	78372	0	
5412.56564890159	78376	0	
5412.46564868342	78356	0	
5412.36564846525	78400	0	
5412.26564824707	78388	0	
5412.1656480289	78368	0	
5412.06564781073	78396	0	
5411.96564929218	78424	0	
5411.865649074	78420	0	
5411.76564885583	78372	0	
5411.66564863766	78400	0	
5411.56564841949	78368	0	
5411.46564820132	78396	0	
5411.36564798315	78392	0	
5411.26564776498	78392	0	
5411.16564924642	78372	0	
5411.06564902825	78360	0	
5410.96564881008	78364	0	
5410.86564859191	78368	0	
5410.76564837374	78412	0	
5410.66564815556	78392	0	
5410.56564793739	78328	0	
5410.46564771922	78352	0	
5410.36564920067	78388	0	
5410.26564898249	78380	0	
5410.16564876432	78404	0	
5410.06564854615	78388	0	
5409.96564832798	78388	0	
5409.86564810981	78392	0	
5409.76564789164	78388	0	
5409.66564937308	78356	0	
5409.56564915491	78356	0	
5409.46564893674	78348	0	
5409.36564871857	78380	0	
5409.2656485004	78392	0	
5409.16564828223	78416	0	
5409.06564806406	78408	0	
5408.96564784588	78396	0	
5408.86564932733	78444	0	
5408.76564910916	78388	0	
5408.66564889099	78392	0	
5408.56564867281	78412	0	
5408.46564845464	78432	0	
5408.36564823647	78384	0	
5408.2656480183	78388	0	
5408.16564780013	78384	0	
5408.06564928157	78392	0	
5407.9656490634	78392	0	
5407.86564884523	78392	0	
5407.76564862706	78408	0	
5407.66564840889	78400	0	
5407.56564819072	78408	0	
5407.46564797255	78404	0	
5407.36564775437	78408	0	
5407.26564923582	78340	0	
5407.16564901765	78360	0	
5407.06564879948	78376	0	
5406.9656485813	78376	0	
5406.86564836313	78372	0	
5406.76564814496	78396	0	
5406.66564792679	78408	0	
5406.56564770862	78392	0	
5406.46564919006	78368	0	
5406.36564897189	78384	0	
5406.26564875372	78388	0	
5406.16564853555	78340	0	
5406.06564831738	78384	0	
5405.96564809921	78404	0	
5405.86564788104	78412	0	
5405.76564766287	78404	0	
5405.66564914431	78384	0	
5405.56564892614	78368	0	
5405.46564870797	78416	0	
5405.3656484898	78400	0	
5405.26564827162	78364	0	
5405.16564805345	78388	0	
5405.06564783528	78408	0	
5404.96564761711	78392	0	
5404.86564909855	78388	0	
5404.76564888038	78376	0	
5404.66564866221	78432	0	
5404.56564844404	78364	0	
5404.46564822587	78400	0	
5404.3656480077	78416	0	
5404.26564778953	78352	0	
5404.16564927097	78360	0	
5404.0656490528	78356	0	
5403.96564883463	78348	0	
5403.86564861646	78368	0	
5403.76564839829	78400	0	
5403.66564818011	78384	0	
5403.56564796194	78388	0	
5403.46564774377	78408	0	
5403.36564922522	78368	0	
5403.26564900704	78384	0	
5403.16564878887	78372	0	
5403.0656485707	78380	0	
5402.96564835253	78384	0	
5402.86564813436	78404	0	
5402.76564791619	78404	0	
5402.66564769802	78384	0	
5402.56564917946	78396	0	
5402.46564896129	78396	0	
5402.36564874312	78396	0	
5402.26564852495	78380	0	
5402.16564830678	78428	0	
5402.06564808861	78452	0	
5401.96564787043	78424	0	
5401.86564765226	78384	0	
5401.76564913371	78416	0	
5401.66564891554	78372	0	
5401.56564869736	78400	0	
5401.46564847919	78380	0	
5401.36564826102	78344	0	
5401.26564804285	78380	0	
5401.16564782468	78388	0	
5401.06564760651	78344	0	
5400.96564908795	78336	0	
5400.86564886978	78376	0	
5400.76564865161	78400	0	
5400.66564843344	78388	0	
5400.56564821527	78412	0	
5400.4656479971	78384	0	
5400.36564777892	78392	0	
5400.26564756075	78400	0	
5400.1656490422	78372	0	
5400.06564882403	78376	0	
5399.96564860585	78384	0	
5399.86564838768	78416	0	
5399.76564816951	78428	0	
5399.66564795134	78360	0	
5399.56564773317	78340	0	
5399.46564921461	78400	0	
5399.36564899644	78416	0	
5399.26564877827	78412	0	
5399.1656485601	78372	0	
5399.06564834193	78396	0	
5398.96564812376	78424	0	
5398.86564790559	78416	0	
5398.76564768742	78408	0	
5398.66564916886	78356	0	
5398.56564895069	78376	0	
5398.46564873252	78396	0	
5398.36564851435	78392	0	
5398.26564829617	78400	0	
5398.165648078	78380	0	
5398.06564785983	78388	0	
5397.96564764166	78392	0	
5397.8656491231	78360	0	
5397.76564890493	78312	0	
5397.66564868676	78352	0	
5397.56564846859	78404	0	
5397.46564825042	78384	0	
5397.36564803225	78400	0	
5397.26564781408	78388	0	
5397.16564759591	78364	0	
5397.06564907735	78392	0	
5396.96564885918	78376	0	
5396.86564864101	78376	0	
5396.76564842284	78404	0	
5396.66564820466	78368	0	
5396.56564798649	78436	0	
5396.46564776832	78380	0	
5396.36564755015	78364	0	
5396.26564903159	78376	0	
5396.16564881342	78380	0	
5396.06564859525	78392	0	
5395.96564837708	78364	0	
5395.86564815891	78360	0	
5395.76564794074	78372	0	
5395.66564772257	78400	0	
5395.5656475044	78344	0	
5395.46564898584	78380	0	
5395.36564876767	78372	0	
5395.2656485495	78380	0	
5395.16564833133	78392	0	
5395.06564811316	78376	0	
5394.96564789498	78372	0	
5394.86564767681	78372	0	
5394.76564915826	78380	0	
5394.66564894009	78400	0	
5394.56564872191	78380	0	
5394.46564850374	78344	0	
5394.36564828557	78408	0	
5394.2656480674	78408	0	
5394.16564784923	78388	0	
5394.06564763106	78396	0	
5393.9656491125	78372	0	
5393.86564889433	78368	0	
5393.76564867616	78388	0	
5393.66564845799	78376	0	
5393.56564823982	78364	0	
5393.46564802165	78364	0	
5393.36564780347	78328	0	
5393.2656475853	78400	0	
5393.16564906675	78384	0	
5393.06564884858	78392	0	
5392.9656486304	78384	0	
5392.86564841223	78376	0	
5392.76564819406	78384	0	
5392.66564797589	78372	0	
5392.56564775772	78396	0	
5392.46564753955	78408	0	
5392.36564902099	78376	0	
5392.26564880282	78372	0	
5392.16564858465	78372	0	
5392.06564836648	78396	0	
5391.96564814831	78360	0	
5391.86564793014	78372	0	
5391.76564771197	78400	0	
5391.66564749379	78392	0	
5391.56564897524	78412	0	
5391.46564875707	78400	0	
5391.3656485389	78404	0	
5391.26564832072	78424	0	
5391.16564810255	78368	0	
5391.06564788438	78388	0	
5390.96564766621	78400	0	
5390.86564744804	78392	0	
5390.76564892948	78348	0	
5390.66564871131	78396	0	
5390.56564849314	78400	0	
5390.46564827497	78420	0	
5390.3656480568	78388	0	
5390.26564783863	78380	0	
5390.16564762046	78380	0	
5390.06564740228	78404	0	
5389.96564888373	78432	0	
5389.86564866556	78372	0	
5389.76564844739	78384	0	
5389.66564822921	78400	0	
5389.56564801104	78364	0	
5389.46564779287	78356	0	
5389.3656475747	78356	0	
5389.26565075576	78392	0	
5389.16565053759	78436	0	
5389.06565031942	78412	0	
5388.96565010125	78408	0	
5388.86564988307	78392	0	
5388.7656496649	78380	0	
5388.66564944673	78408	0	
5388.56564922856	78392	0	
5388.46565071	78416	0	
5388.36565049183	78412	0	
5388.26565027366	78388	0	
5388.16565005549	78412	0	
5388.06564983732	78396	0	
5387.96564961915	78392	0	
5387.86564940098	78408	0	
5387.76564918281	78344	0	
5387.66565066425	78372	0	
5387.56565044608	78404	0	
5387.46565022791	78392	0	
5387.36565000974	78428	0	
5387.26564979157	78400	0	
5387.16564957339	78428	0	
5387.06564935522	78400	0	
5386.96564913705	78408	0	
5386.8656506185	78384	0	
5386.76565040032	78392	0	
5386.66565018215	78368	0	
5386.56564996398	78404	0	
5386.46564974581	78404	0	
5386.36564952764	78384	0	
5386.26564930947	78392	0	
5386.1656490913	78364	0	
5386.06565057274	78404	0	
5385.96565035457	78404	0	
5385.8656501364	78412	0	
5385.76564991823	78372	0	
5385.66564970006	78384	0	
5385.56564948188	78380	0	
5385.46564926371	78364	0	
5385.36564904554	78384	0	
5385.26565052699	78396	0	
5385.16565030881	78424	0	
5385.06565009064	78388	0	
5384.96564987247	78368	0	
5384.8656496543	78408	0	
5384.76564943613	78392	0	
5384.66564921796	78360	0	
5384.5656506994	78356	0	
5384.46565048123	78372	0	
5384.36565026306	78376	0	
5384.26565004489	78420	0	
5384.16564982672	78388	0	
5384.06564960855	78340	0	
5383.96564939037	78380	0	
5383.8656491722	78336	0	
5383.76565065365	78388	0	
5383.66565043548	78392	0	
5383.56565021731	78404	0	
5383.46564999913	78404	0	
5383.36564978096	78384	0	
5383.26564956279	78384	0	
5383.16564934462	78360	0	
5383.06564912645	78348	0	
5382.96565060789	78372	0	
5382.86565038972	78372	0	
5382.76565017155	78388	0	
5382.66564995338	78376	0	
5382.56564973521	78380	0	
5382.46564951704	78372	0	
5382.36564929887	78384	0	
5382.26564908069	78384	0	
5382.16565056214	78400	0	
5382.06565034397	78388	0	
5381.9656501258	78392	0	
5381.86564990762	78368	0	
5381.76564968945	78400	0	
5381.66564947128	78416	0	
5381.56564925311	78376	0	
5381.46564903494	78384	0	
5381.36565051638	78360	0	
5381.26565029821	78352	0	
5381.16565008004	78380	0	
5381.06564986187	78372	0	
5380.9656496437	78388	0	
5380.86564942553	78392	0	
5380.76564920736	78388	0	
5380.66564898918	78368	0	
5380.56565047063	78372	0	
5380.46565025246	78388	0	
5380.36565003429	78372	0	
5380.26564981612	78392	0	
5380.16564959794	78364	0	
5380.06564937977	78368	0	
5379.9656491616	78408	0	
5379.86564894343	78368	0	
5379.76565042487	78396	0	
5379.6656502067	78360	0	
5379.56564998853	78376	0	
5379.46564977036	78364	0	
5379.36564955219	78344	0	
5379.26564933402	78352	0	
5379.16564911585	78396	0	
5379.06565059729	78388	0	
5378.96565037912	78416	0	
5378.86565016095	78420	0	
5378.76564994278	78352	0	
5378.66564972461	78380	0	
5378.56564950643	78352	0	
5378.46564928826	78384	0	
5378.36564907009	78432	0	
5378.26565055154	78404	0	
5378.16565033336	78376	0	
5378.06565011519	78408	0	
5377.96564989702	78424	0	
5377.86564967885	78408	0	
5377.76564946068	78392	0	
5377.66564924251	78396	0	
5377.56564902434	78372	0	
5377.46565050578	78352	0	
5377.36565028761	78364	0	
5377.26565006944	78420	0	
5377.16564985127	78396	0	
5377.0656496331	78384	0	
5376.96564941492	78436	0	
5376.86564919675	78380	0	
5376.76564897858	78376	0	
5376.66565046003	78372	0	
5376.56565024186	78388	0	
5376.46565002368	78360	0	
5376.36564980551	78380	0	
5376.26564958734	78404	0	
5376.16564936917	78400	0	
5376.065649151	78388	0	
5375.96564893283	78376	0	
5375.86565041427	78348	0	
5375.7656501961	78376	0	
5375.66564997793	78380	0	
5375.56564975976	78364	0	
5375.46564954159	78400	0	
5375.36564932342	78364	0	
5375.26564910524	78400	0	
5375.16564888707	78372	0	
5375.06565036852	78400	0	
5374.96565015035	78420	0	
5374.86564993217	78420	0	
5374.765649714	78428	0	
5374.66564949583	78368	0	
5374.56564927766	78384	0	
5374.46564905949	78376	0	
5374.36565054093	78424	0	
5374.26565032276	78404	0	
5374.16565010459	78376	0	
5374.06564988642	78396	0	
5373.96564966825	78368	0	
5373.86564945008	78408	0	
5373.76564923191	78376	0	
5373.66564901373	78376	0	
5373.56565049518	78368	0	
5373.46565027701	78388	0	
5373.36565005884	78404	0	
5373.26564984067	78420	0	
5373.16564962249	78392	0	
5373.06564940432	78380	0	
5372.96564918615	78400	0	
5372.86564896798	78404	0	
5372.76565044942	78396	0	
5372.66565023125	78380	0	
5372.56565001308	78388	0	
5372.46564979491	78360	0	
5372.36564957674	78396	0	
5372.26564935857	78384	0	
5372.1656491404	78380	0	
5372.06564892223	78384	0	
5371.96565040367	78380	0	
5371.8656501855	78396	0	
5371.76564996733	78384	0	
5371.66564974916	78364	0	
5371.56564953098	78408	0	
5371.46564931281	78412	0	
5371.36564909464	78420	0	
5371.26564887647	78396	0	
5371.16565035791	78396	0	
5371.06565013974	78368	0	
5370.96564992157	78388	0	
5370.8656497034	78392	0	
5370.76564948523	78420	0	
5370.66564926706	78380	0	
5370.56564904889	78380	0	
5370.46564883072	78396	0	
5370.36565031216	78368	0	
5370.26565009399	78348	0	
5370.16564987582	78376	0	
5370.06564965765	78388	0	
5369.96564943947	78384	0	
5369.8656492213	78416	0	
5369.76564900313	78388	0	
5369.66565048458	78412	0	
5369.56565026641	78388	0	
5369.46565004823	78392	0	
5369.36564983006	78400	0	
5369.26564961189	78432	0	
5369.16564939372	78380	0	
5369.06564917555	78376	0	
5368.96564895738	78372	0	
5368.86565043882	78388	0	
5368.76565022065	78368	0	
5368.66565000248	78396	0	
5368.56564978431	78364	0	
5368.46564956614	78392	0	
5368.36564934797	78360	0	
5368.26564912979	78392	0	
5368.16564891162	78376	0	
5368.06565039307	78380	0	
5367.9656501749	78392	0	
5367.86564995672	78408	0	
5367.76564973855	78432	0	
5367.66564952038	78380	0	
5367.56564930221	78396	0	
5367.46564908404	78412	0	
5367.36564886587	78408	0	
5367.26565034731	78380	0	
5367.16565012914	78396	0	
5367.06564991097	78424	0	
5366.9656496928	78400	0	
5366.86564947463	78412	0	
5366.76564925646	78356	0	
5366.66564903828	78420	0	
5366.56564882011	78400	0	
5366.46565030156	78412	0	
5366.36565008339	78384	0	
5366.26564986522	78396	0	
5366.16564964704	78408	0	
5366.06564942887	78388	0	
5365.9656492107	78384	0	
5365.86564899253	78392	0	
5365.76564877436	78388	0	
5365.6656502558	78384	0	
5365.56565003763	78392	0	
5365.46564981946	78392	0	
5365.36564960129	78404	0	
5365.26564938312	78376	0	
5365.16564916495	78396	0	
5365.06564894678	78384	0	
5364.9656487286	78392	0	
5364.86565021005	78384	0	
5364.76564999188	78404	0	
5364.66564977371	78408	0	
5364.56564955553	78388	0	
5364.46564933736	78384	0	
5364.36564911919	78392	0	
5364.26564890102	78356	0	
5364.16565038246	78432	0	
5364.06565016429	78408	0	
5363.96564994612	78388	0	
5363.86564972795	78376	0	
5363.76564950978	78380	0	
5363.66564929161	78360	0	
5363.56564907344	78380	0	
5363.46564885527	78396	0	
5363.36565033671	78368	0	
5363.26565011854	78376	0	
5363.16564990037	78388	0	
5363.0656496822	78396	0	
5362.96564946402	78364	0	
5362.86564924585	78404	0	
5362.76564902768	78372	0	
5362.66564880951	78412	0	
5362.56565029096	78352	0	
5362.46565007278	78396	0	
5362.36564985461	78336	0	
5362.26564963644	78332	0	
5362.16564941827	78396	0	
5362.0656492001	78384	0	
5361.96564898193	78388	0	
5361.86564876376	78372	0	
5361.7656502452	78364	0	
5361.66565002703	78384	0	
5361.56564980886	78380	0	
5361.46564959069	78404	0	
5361.36564937252	78384	0	
5361.26564915434	78376	0	
5361.16564893617	78408	0	
5361.065648718	78416	0	
5360.96565019945	78388	0	
5360.86564998127	78368	0	
5360.76565146272	78388	0	
5360.66565124455	78380	0	
5360.56565102638	78352	0	
5360.4656508082	78348	0	
5360.36565059003	78340	0	
5360.26565037186	78400	0	
5360.16565185331	78384	0	
5360.06565163513	78396	0	
5359.96565141696	78376	0	
5359.86565119879	78404	0	
5359.76565098062	78368	0	
5359.66565076245	78372	0	
5359.56565054428	78376	0	
5359.46565202572	78396	0	
5359.36565180755	78380	0	
5359.26565158938	78356	0	
5359.16565137121	78380	0	
5359.06565115304	78416	0	
5358.96565093487	78396	0	
5358.86565071669	78372	0	
5358.76565049852	78376	0	
5358.66565197997	78392	0	
5358.5656517618	78404	0	
5358.46565154362	78392	0	
5358.36565132545	78400	0	
5358.26565110728	78412	0	
5358.16565088911	78380	0	
5358.06565067094	78368	0	
5357.96565045277	78388	0	
5357.86565193421	78424	0	
5357.76565171604	78416	0	
5357.66565149787	78388	0	
5357.5656512797	78384	0	
5357.46565106153	78388	0	
5357.36565084336	78372	0	
5357.26565062519	78392	0	
5357.16565040701	78388	0	
5357.06565188846	78384	0	
5356.96565167029	78396	0	
5356.86565145212	78380	0	
5356.76565123394	78396	0	
5356.66565101577	78408	0	
5356.5656507976	78376	0	
5356.46565057943	78364	0	
5356.36565036126	78388	0	
5356.2656518427	78400	0	
5356.16565162453	78360	0	
5356.06565140636	78392	0	
5355.96565118819	78420	0	
5355.86565097002	78428	0	
5355.76565075185	78400	0	
5355.66565053368	78432	0	
5355.5656503155	78384	0	
5355.46565179695	78376	0	
5355.36565157878	78372	0	
5355.26565136061	78372	0	
5355.16565114243	78344	0	
5355.06565092426	78348	0	
5354.96565070609	78404	0	
5354.86565048792	78400	0	
5354.76565026975	78364	0	
5354.66565175119	78356	0	
5354.56565153302	78372	0	
5354.46565131485	78344	0	
5354.36565109668	78388	0	
5354.26565087851	78416	0	
5354.16565066034	78424	0	
5354.06565044217	78400	0	
5353.96565192361	78384	0	
5353.86565170544	78360	0	
5353.76565148727	78404	0	
5353.6656512691	78388	0	
5353.56565105093	78372	0	
5353.46565083275	78356	0	
5353.36565061458	78360	0	
5353.26565039641	78352	0	
5353.16565187785	78412	0	
5353.06565165968	78416	0	
5352.96565144151	78340	0	
5352.86565122334	78348	0	
5352.76565100517	78408	0	
5352.665650787	78428	0	
5352.56565056883	78404	0	
5352.46565035066	78404	0	
5352.3656518321	78392	0	
5352.26565161393	78384	0	
5352.16565139576	78380	0	
5352.06565117759	78432	0	
5351.96565095942	78412	0	
5351.86565074124	78384	0	
5351.76565052307	78388	0	
5351.6656503049	78392	0	
5351.56565178635	78376	0	
5351.46565156817	78372	0	
5351.36565135	78380	0	
5351.26565113183	78388	0	
5351.16565091366	78396	0	
5351.06565069549	78376	0	
5350.96565047732	78404	0	
5350.86565025915	78396	0	
5350.76565174059	78356	0	
5350.66565152242	78384	0	
5350.56565130425	78408	0	
5350.46565108608	78412	0	
5350.36565086791	78384	0	
5350.26565064974	78336	0	
5350.16565043156	78364	0	
5350.06565021339	78388	0	
5349.96565169484	78396	0	
5349.86565147667	78408	0	
5349.76565125849	78380	0	
5349.66565104032	78320	0	
5349.56565082215	78356	0	
5349.46565060398	78416	0	
