Graphite%SampleName
Probe3%ProbeName
6000%MaxDepth
0.328%step_size_nm
40%StiffnessPRC_nN_per_nm
38.19252768%PRC_ADCValue_per_nm
3000%TriggerForce_nN
500%LoopDelay_uS
4096%NumberOfSamplingPoints
%
%
%
%
%
%
%
%
%
%
%
5000%XL
5000%YL

4509.49703693166	70556	0	
4509.8250370354	70588	0	
4510.15303713914	70632	0	
4510.48103724288	70580	0	
4510.80903734662	70604	0	
4511.13703745036	70564	0	
4511.4650375541	70568	0	
4511.79303765784	70620	0	
4512.12103776158	70616	0	
4512.44903786532	70576	0	
4512.77703796906	70624	0	
4513.1050380728	70608	0	
4513.43303817654	70580	0	
4513.76103828028	70572	0	
4514.08903838402	70588	0	
4514.41703848776	70608	0	
4514.7450385915	70588	0	
4515.07303869524	70576	0	
4515.40103709937	70568	0	
4515.72903720311	70604	0	
4516.05703730685	70544	0	
4516.38503741059	70580	0	
4516.71303751433	70576	0	
4517.04103761807	70600	0	
4517.36903772181	70608	0	
4517.69703782555	70576	0	
4518.02503792929	70596	0	
4518.35303803303	70628	0	
4518.68103813677	70608	0	
4519.00903824051	70612	0	
4519.33703834425	70572	0	
4519.66503844799	70580	0	
4519.99303855173	70584	0	
4520.32103865547	70608	0	
4520.64903875921	70604	0	
4520.97703886295	70584	0	
4521.30503726708	70596	0	
4521.63303737082	70612	0	
4521.96103747456	70596	0	
4522.2890375783	70596	0	
4522.61703768204	70564	0	
4522.94503778578	70592	0	
4523.27303788952	70596	0	
4523.60103799326	70568	0	
4523.929038097	70580	0	
4524.25703820074	70580	0	
4524.58503830448	70556	0	
4524.91303840822	70592	0	
4525.24103851196	70576	0	
4525.5690386157	70580	0	
4525.89703871944	70612	0	
4526.22503882318	70600	0	
4526.55303892692	70608	0	
4526.88103903066	70568	0	
4527.20903743478	70568	0	
4527.53703753852	70596	0	
4527.86503764226	70568	0	
4528.193037746	70580	0	
4528.52103784975	70588	0	
4528.84903795349	70584	0	
4529.17703805723	70632	0	
4529.50503816097	70620	0	
4529.83303826471	70604	0	
4530.16103836845	70608	0	
4530.48903847219	70576	0	
4530.81703857593	70592	0	
4531.14503867967	70632	0	
4531.47303878341	70580	0	
4531.80103888715	70600	0	
4532.12903899089	70624	0	
4532.45703909463	70576	0	
4532.78503919837	70588	0	
4533.11303760249	70628	0	
4533.44103770623	70636	0	
4533.76903780997	70592	0	
4534.0970362141	70596	0	
4534.42503631784	70556	0	
4534.75303642158	70568	0	
4535.08103652532	70588	0	
4535.40903662906	70608	0	
4535.7370367328	70568	0	
4536.06503683654	70584	0	
4536.39303694028	70636	0	
4536.72103704402	70624	0	
4537.04903714776	70604	0	
4537.3770372515	70656	0	
4537.70503735524	70592	0	
4538.03303745898	70572	0	
4538.36103756272	70572	0	
4538.68903766646	70580	0	
4539.01703607059	70600	0	
4539.34503617433	70608	0	
4539.67303627807	70600	0	
4540.00103638181	70624	0	
4540.32903648555	70552	0	
4540.65703658929	70592	0	
4540.98503669303	70620	0	
4541.31303679677	70604	0	
4541.64103690051	70580	0	
4541.96903700425	70580	0	
4542.29703710799	70588	0	
4542.62503721173	70604	0	
4542.95303731547	70624	0	
4543.28103741921	70572	0	
4543.60903752295	70608	0	
4543.93703762669	70580	0	
4544.26503773043	70628	0	
4544.59303783417	70588	0	
4544.9210362383	70616	0	
4545.24903634204	70600	0	
4545.57703644578	70624	0	
4545.90503654952	70600	0	
4546.23303665326	70600	0	
4546.561036757	70584	0	
4546.88903686074	70548	0	
4547.21703696448	70596	0	
4547.54503706822	70612	0	
4547.87303717196	70600	0	
4548.2010372757	70568	0	
4548.52903737944	70628	0	
4548.85703748318	70580	0	
4549.18503758692	70588	0	
4549.51303769066	70616	0	
4549.8410377944	70584	0	
4550.16903789814	70564	0	
4550.49703800188	70604	0	
4550.825036406	70620	0	
4551.15303650974	70548	0	
4551.48103661348	70596	0	
4551.80903671722	70560	0	
4552.13703682096	70604	0	
4552.4650369247	70560	0	
4552.79303702844	70608	0	
4553.12103713218	70576	0	
4553.44903723593	70580	0	
4553.77703733967	70608	0	
4554.10503744341	70588	0	
4554.43303754715	70560	0	
4554.76103765089	70640	0	
4555.08903775463	70608	0	
4555.41703785837	70608	0	
4555.74503796211	70584	0	
4556.07303806585	70576	0	
4556.40103816959	70648	0	
4556.72903657371	70624	0	
4557.05703667745	70604	0	
4557.38503678119	70616	0	
4557.71303688493	70580	0	
4558.04103698867	70588	0	
4558.36903709241	70580	0	
4558.69703719615	70596	0	
4559.02503729989	70592	0	
4559.35303740363	70560	0	
4559.68103750737	70556	0	
4560.00903761111	70568	0	
4560.33703771485	70580	0	
4560.66503781859	70584	0	
4560.99303792233	70576	0	
4561.32103802607	70584	0	
4561.64903812981	70592	0	
4561.97703823355	70612	0	
4562.30503833729	70580	0	
4562.63303504181	70572	0	
4562.96103514555	70620	0	
4563.28903524929	70608	0	
4563.61703535303	70580	0	
4563.94503545677	70584	0	
4564.27303556051	70576	0	
4564.60103566425	70600	0	
4564.92903576799	70604	0	
4565.25703587173	70588	0	
4565.58503597547	70596	0	
4565.91303607921	70612	0	
4566.24103618295	70604	0	
4566.56903628669	70660	0	
4566.89703639043	70568	0	
4567.22503649417	70588	0	
4567.55303659791	70596	0	
4567.88103670165	70600	0	
4568.20903510577	70596	0	
4568.53703520951	70584	0	
4568.86503531325	70644	0	
4569.19303541699	70596	0	
4569.52103552073	70644	0	
4569.84903562447	70608	0	
4570.17703572821	70596	0	
4570.50503583196	70620	0	
4570.8330359357	70596	0	
4571.16103603944	70544	0	
4571.48903614318	70552	0	
4571.81703624692	70624	0	
4572.14503635066	70592	0	
4572.4730364544	70596	0	
4572.80103655814	70612	0	
4573.12903666188	70560	0	
4573.45703676562	70548	0	
4573.78503686936	70608	0	
4574.11303527348	70604	0	
4574.44103537722	70608	0	
4574.76903548096	70624	0	
4575.0970355847	70580	0	
4575.42503568844	70592	0	
4575.75303579218	70564	0	
4576.08103589592	70584	0	
4576.40903599966	70624	0	
4576.7370361034	70572	0	
4577.06503620714	70616	0	
4577.39303631088	70600	0	
4577.72103641462	70600	0	
4578.04903651836	70604	0	
4578.3770366221	70580	0	
4578.70503672584	70596	0	
4579.03303682958	70588	0	
4579.36103693332	70636	0	
4579.68903703706	70620	0	
4580.01703544119	70608	0	
4580.34503554493	70600	0	
4580.67303564867	70588	0	
4581.00103575241	70624	0	
4581.32903585615	70576	0	
4581.65703595989	70584	0	
4581.98503606363	70588	0	
4582.31303616737	70632	0	
4582.64103627111	70608	0	
4582.96903637485	70580	0	
4583.29703647859	70600	0	
4583.62503658233	70612	0	
4583.95303668607	70624	0	
4584.28103678981	70572	0	
4584.60903689355	70608	0	
4584.93703699729	70604	0	
4585.26503710103	70588	0	
4585.59303720477	70572	0	
4587.88903623134	70572	0	
4588.21703633508	70580	0	
4588.54503643882	70604	0	
4588.87303654256	70588	0	
4589.2010366463	70576	0	
4589.52903675004	70604	0	
4589.85703685378	70580	0	
4590.18503695752	70624	0	
4590.51303706126	70548	0	
4590.841037165	70608	0	
4591.16903556913	70580	0	
4591.49703567287	70576	0	
4591.82503407699	70568	0	
4592.15303418073	70608	0	
4592.48103428447	70568	0	
4592.80903438821	70576	0	
4593.13703449195	70604	0	
4593.46503459569	70596	0	
4593.79303469943	70644	0	
4594.12103480317	70636	0	
4594.44903490691	70576	0	
4594.77703501065	70604	0	
4595.10503511439	70588	0	
4595.43303521813	70568	0	
4595.76103532187	70600	0	
4596.08903542561	70596	0	
4596.41703552935	70616	0	
4596.74503563309	70584	0	
4597.07303573683	70612	0	
4597.40103584057	70612	0	
4597.7290342447	70596	0	
4598.05703434844	70592	0	
4598.38503445218	70568	0	
4598.71303455592	70580	0	
4599.04103465966	70620	0	
4599.3690347634	70608	0	
4599.69703486714	70588	0	
4600.02503497088	70636	0	
4600.35303507462	70604	0	
4600.68103517836	70636	0	
4601.0090352821	70572	0	
4601.33703538584	70608	0	
4601.66503548958	70564	0	
4601.99303559332	70604	0	
4602.32103569706	70620	0	
4602.6490358008	70580	0	
4602.97703590454	70604	0	
4603.30503600828	70584	0	
4603.63303441241	70636	0	
4603.96103451615	70584	0	
4604.28903461989	70588	0	
4604.61703472363	70604	0	
4604.94503482737	70584	0	
4605.27303493111	70588	0	
4605.60103503485	70604	0	
4605.92903513859	70608	0	
4606.25703524233	70584	0	
4606.58503534607	70612	0	
4606.91303544981	70584	0	
4607.24103555355	70612	0	
4607.56903565729	70580	0	
4607.89703576103	70612	0	
4608.22503586477	70596	0	
4608.55303596851	70596	0	
4608.88103607225	70600	0	
4609.20903617599	70596	0	
4609.53703458012	70608	0	
4609.86503468386	70608	0	
4610.1930347876	70600	0	
4610.52103489134	70584	0	
4610.84903499508	70600	0	
4611.17703509882	70616	0	
4611.50503520256	70620	0	
4611.8330353063	70596	0	
4612.16103541004	70640	0	
4612.48903551378	70604	0	
4612.81703561752	70576	0	
4613.14503572126	70588	0	
4613.473035825	70588	0	
4613.80103592874	70596	0	
4614.12903603248	70564	0	
4614.45703613622	70624	0	
4614.78503623996	70592	0	
4615.1130363437	70624	0	
4615.44103474783	70596	0	
4615.76903485157	70624	0	
4616.09703495531	70640	0	
4616.42503505905	70600	0	
4616.75303516279	70612	0	
4617.08103526653	70580	0	
4617.40903537027	70588	0	
4617.73703547401	70628	0	
4618.06503557775	70620	0	
4618.39303568149	70616	0	
4618.72103578523	70612	0	
4619.04903588897	70568	0	
4619.37703599271	70592	0	
4619.70503439683	70572	0	
4620.03303450057	70608	0	
4620.36103460431	70616	0	
4620.68903470805	70596	0	
4621.01703481179	70600	0	
4621.34503321592	70628	0	
4621.67303331966	70616	0	
4622.0010334234	70560	0	
4622.32903352714	70620	0	
4622.65703363088	70572	0	
4622.98503373462	70556	0	
4623.31303383836	70568	0	
4623.6410339421	70588	0	
4623.96903404584	70612	0	
4624.29703414958	70620	0	
4624.62503425332	70648	0	
4624.95303435706	70560	0	
4625.2810344608	70632	0	
4625.60903456454	70600	0	
4625.93703466828	70552	0	
4626.26503477202	70576	0	
4626.59303487576	70556	0	
4626.9210349795	70600	0	
4627.24903338363	70636	0	
4627.57703348737	70592	0	
4628.23303369485	70568	0	
4628.88903390233	70592	0	
4629.54503410981	70580	0	
4630.20103431729	70620	0	
4630.85703452477	70616	0	
4631.18503462851	70556	0	
4631.51303473225	70556	0	
4631.84103483599	70608	0	
4632.16903493973	70620	0	
4632.49703504347	70596	0	
4632.82503514721	70572	0	
4633.15303355134	70624	0	
4633.48103365508	70596	0	
4633.80903375882	70604	0	
4634.13703386256	70588	0	
4634.4650339663	70636	0	
4634.79303407004	70620	0	
4635.12103417378	70556	0	
4635.44903427752	70564	0	
4635.77703438126	70592	0	
4636.105034485	70596	0	
4636.43303458874	70612	0	
4636.76103469248	70612	0	
4637.08903479622	70596	0	
4637.41703489996	70580	0	
4637.7450350037	70612	0	
4638.07303510744	70612	0	
4638.40103521118	70604	0	
4638.72903531492	70600	0	
4639.05703371904	70616	0	
4639.38503382278	70604	0	
4639.71303392653	70588	0	
4640.04103403027	70620	0	
4640.36903413401	70584	0	
4640.69703423775	70572	0	
4641.02503434149	70648	0	
4641.35303444523	70616	0	
4641.68103454897	70564	0	
4642.00903465271	70612	0	
4642.33703475645	70548	0	
4642.66503486019	70568	0	
4642.99303496393	70612	0	
4643.32103506767	70584	0	
4643.64903517141	70596	0	
4643.97703527515	70580	0	
4644.30503537889	70576	0	
4644.63303548263	70572	0	
4644.96103388675	70592	0	
4645.28903399049	70620	0	
4645.61703409423	70592	0	
4645.94503419797	70572	0	
4646.27303430171	70620	0	
4646.60103440545	70596	0	
4646.92903450919	70600	0	
4647.25703461293	70604	0	
4647.58503471667	70628	0	
4647.9130331208	70588	0	
4648.24103322454	70608	0	
4648.56903332828	70640	0	
4648.89703343202	70628	0	
4649.22503353576	70644	0	
4649.5530336395	70588	0	
4649.88103374324	70604	0	
4650.20903384698	70596	0	
4650.53703395072	70584	0	
4650.86503235485	70636	0	
4651.19303245859	70616	0	
4651.52103256233	70636	0	
4651.84903266607	70584	0	
4652.17703276981	70584	0	
4652.50503287355	70620	0	
4652.83303297729	70604	0	
4653.16103308103	70600	0	
4653.48903318477	70636	0	
4653.81703328851	70608	0	
4654.14503339225	70632	0	
4654.47303349599	70624	0	
4654.80103359973	70596	0	
4655.12903370347	70600	0	
4655.45703380721	70592	0	
4655.78503391095	70588	0	
4656.11303401469	70588	0	
4656.44103411843	70548	0	
4656.76903252255	70600	0	
4657.0970326263	70620	0	
4657.42503273004	70604	0	
4657.75303283378	70612	0	
4658.08103293752	70608	0	
4658.40903304126	70576	0	
4658.737033145	70580	0	
4659.06503324874	70620	0	
4659.39303335248	70612	0	
4659.72103345622	70588	0	
4660.04903355996	70604	0	
4660.3770336637	70600	0	
4660.70503376744	70576	0	
4661.03303387118	70592	0	
4661.36103397492	70620	0	
4661.68903407866	70600	0	
4662.0170341824	70608	0	
4662.34503428614	70564	0	
4662.67303269026	70628	0	
4663.001032794	70628	0	
4663.32903289774	70564	0	
4663.65703300148	70612	0	
4663.98503310522	70612	0	
4664.31303320896	70580	0	
4664.6410333127	70600	0	
4664.96903341644	70588	0	
4665.29703352018	70600	0	
4665.62503362392	70612	0	
4665.95303372766	70596	0	
4666.2810338314	70628	0	
4666.60903393514	70584	0	
4666.93703403889	70616	0	
4667.26503414263	70596	0	
4667.59303424637	70588	0	
4667.92103435011	70608	0	
4668.24903445385	70608	0	
4668.57703285797	70592	0	
4668.90503296171	70564	0	
4669.23303306545	70612	0	
4669.56103316919	70600	0	
4669.88903327293	70612	0	
4670.21703337667	70600	0	
4670.54503348041	70620	0	
4670.87303358415	70608	0	
4671.20103368789	70588	0	
4671.52903379163	70588	0	
4671.85703389537	70604	0	
4672.18503399911	70648	0	
4672.51303410285	70572	0	
4672.84103420659	70584	0	
4673.16903431033	70572	0	
4673.49703441407	70616	0	
4673.82503451781	70608	0	
4674.15303462155	70556	0	
4674.48103302568	70604	0	
4674.80903312942	70632	0	
4675.13703323316	70584	0	
4675.4650333369	70592	0	
4675.79303344064	70584	0	
4676.12103354438	70580	0	
4676.44903194851	70624	0	
4676.77703205225	70600	0	
4677.10503215599	70608	0	
4677.43303225973	70612	0	
4677.76103236347	70596	0	
4678.08903246721	70584	0	
4678.41703257095	70564	0	
4678.74503267469	70616	0	
4679.07303277843	70616	0	
4679.40103288217	70592	0	
4679.72903298591	70576	0	
4680.05703308965	70580	0	
4680.38503149377	70596	0	
4680.71303159751	70556	0	
4681.04103170125	70548	0	
4681.36903180499	70620	0	
4681.69703190873	70604	0	
4682.02503201247	70588	0	
4682.35303211621	70592	0	
4682.68103221996	70584	0	
4683.0090323237	70584	0	
4683.33703242744	70588	0	
4683.66503253118	70584	0	
4683.99303263492	70596	0	
4684.32103273866	70588	0	
4684.6490328424	70612	0	
4684.97703294614	70608	0	
4685.30503304988	70592	0	
4685.63303315362	70572	0	
4685.96103155774	70584	0	
4686.28903166148	70628	0	
4686.61703176522	70616	0	
4686.94503186896	70556	0	
4687.2730319727	70540	0	
4687.60103207644	70580	0	
4687.92903218018	70556	0	
4688.25703228392	70592	0	
4688.58503238766	70596	0	
4688.9130324914	70584	0	
4689.24103259514	70624	0	
4689.56903269888	70572	0	
4689.89703280262	70584	0	
4690.22503290636	70568	0	
4690.5530330101	70588	0	
4690.88103311384	70608	0	
4691.20903321758	70580	0	
4691.53703332133	70596	0	
4691.86503172545	70592	0	
4692.19303182919	70584	0	
4692.52103193293	70580	0	
4692.84903203667	70620	0	
4693.17703214041	70588	0	
4693.50503224415	70600	0	
4693.83303234789	70604	0	
4694.16103245163	70560	0	
4694.48903255537	70588	0	
4694.81703265911	70608	0	
4695.14503276285	70620	0	
4695.47303286659	70616	0	
4695.80103297033	70560	0	
4696.12903307407	70644	0	
4696.45703317781	70604	0	
4696.78503328155	70596	0	
4697.11303338529	70608	0	
4697.44103348903	70568	0	
4697.76903189316	70584	0	
4698.0970319969	70560	0	
4698.42503210064	70584	0	
4698.75303220438	70596	0	
4699.08103230812	70604	0	
4699.40903241186	70600	0	
4699.7370325156	70568	0	
4700.06503261934	70568	0	
4700.39303272308	70580	0	
4700.72103282682	70592	0	
4701.04903293056	70568	0	
4701.3770330343	70600	0	
4701.70503313804	70600	0	
4702.03303324178	70600	0	
4702.36103334552	70616	0	
4702.68903344926	70592	0	
4703.017033553	70624	0	
4703.34503365674	70596	0	
4703.67303206087	70560	0	
4704.00103216461	70620	0	
4704.32903226835	70584	0	
4704.65703237209	70588	0	
4704.98503077621	70596	0	
4705.31303087995	70564	0	
4705.64103098369	70600	0	
4705.96903108743	70612	0	
4706.29703119117	70604	0	
4706.62503129491	70608	0	
4706.95303139865	70580	0	
4707.28103150239	70588	0	
4707.60903160613	70584	0	
4707.93703170987	70600	0	
4708.26503181361	70600	0	
4708.59303191735	70572	0	
4708.9210320211	70608	0	
4709.24903212484	70620	0	
4709.57703052896	70580	0	
4709.9050306327	70576	0	
4710.23303073644	70584	0	
4710.56103084018	70604	0	
4710.88903094392	70568	0	
4711.21703104766	70608	0	
4711.5450311514	70616	0	
4711.87303125514	70608	0	
4712.20103135888	70596	0	
4712.52903146262	70580	0	
4712.85703156636	70624	0	
4713.1850316701	70572	0	
4713.51303177384	70576	0	
4713.84103187758	70568	0	
4714.16903198132	70584	0	
4714.49703208506	70588	0	
4714.8250321888	70572	0	
4715.15303229254	70624	0	
4715.48103069667	70612	0	
4715.80903080041	70620	0	
4716.13703090415	70592	0	
4716.46503100789	70588	0	
4716.79303111163	70592	0	
4717.12103121537	70592	0	
4717.44903131911	70572	0	
4717.77703142285	70608	0	
4718.10503152659	70624	0	
4718.43303163033	70616	0	
4718.76103173407	70560	0	
4719.08903183781	70572	0	
4719.41703194155	70644	0	
4719.74503204529	70620	0	
4720.07303214903	70552	0	
4720.40103225277	70580	0	
4720.72903235651	70608	0	
4721.05703246025	70580	0	
4721.38503086438	70608	0	
4721.71303096812	70568	0	
4722.04103107186	70628	0	
4722.3690311756	70624	0	
4722.69703127934	70600	0	
4723.02503138308	70608	0	
4723.35303148682	70596	0	
4723.68103159056	70588	0	
4724.0090316943	70568	0	
4724.33703179804	70596	0	
4724.66503190178	70584	0	
4724.99303200552	70572	0	
4725.32103210926	70580	0	
4725.649032213	70600	0	
4725.97703231674	70596	0	
4726.30503242048	70592	0	
4726.63303252422	70568	0	
4726.96103262796	70596	0	
4727.28903103209	70576	0	
4727.61703113583	70584	0	
4727.94503123957	70544	0	
4728.27303134331	70592	0	
4728.60103144705	70576	0	
4728.92903155079	70600	0	
4729.25703165453	70596	0	
4729.58503175827	70572	0	
4729.91303186201	70604	0	
4730.24103196575	70564	0	
4730.56903206949	70604	0	
4730.89703217323	70608	0	
4731.22503227697	70624	0	
4731.55303238071	70628	0	
4731.88103248445	70620	0	
4732.20903258819	70592	0	
4732.53703269193	70600	0	
4732.86503279567	70612	0	
4733.19303119979	70608	0	
4733.52102960392	70596	0	
4733.84902970766	70564	0	
4734.1770298114	70560	0	
4734.50502991514	70616	0	
4734.83303001888	70560	0	
4735.16103012262	70604	0	
4735.48903022636	70612	0	
4735.8170303301	70592	0	
4736.14503043384	70604	0	
4736.47303053758	70600	0	
4736.80103064132	70640	0	
4737.12903074506	70564	0	
4737.4570308488	70604	0	
4737.78503095254	70596	0	
4738.11303105628	70604	0	
4738.44103116002	70576	0	
4738.76903126376	70588	0	
4739.09702966789	70588	0	
4739.42502977163	70608	0	
4739.75302987537	70584	0	
4740.08102997911	70600	0	
4740.40903008285	70608	0	
4740.73703018659	70604	0	
4741.06503029033	70600	0	
4741.39303039407	70592	0	
4741.72103049781	70592	0	
4742.04903060155	70592	0	
4742.37703070529	70556	0	
4742.70503080903	70608	0	
4743.03303091277	70616	0	
4743.36103101651	70572	0	
4743.68903112025	70624	0	
4744.01703122399	70604	0	
4744.34503132773	70608	0	
4744.67303143147	70592	0	
4745.0010298356	70580	0	
4745.32902993934	70612	0	
4745.65703004308	70592	0	
4745.98503014682	70628	0	
4746.31303025056	70624	0	
4746.6410303543	70580	0	
4746.96903045804	70604	0	
4747.29703056178	70564	0	
4747.62503066552	70592	0	
4747.95303076926	70564	0	
4748.281030873	70600	0	
4748.60903097674	70596	0	
4748.93703108048	70620	0	
4749.26503118422	70592	0	
4749.59303128796	70584	0	
4749.9210313917	70588	0	
4750.24903149544	70580	0	
4750.57703159918	70616	0	
4750.9050300033	70604	0	
4751.23303010704	70616	0	
4751.56103021078	70572	0	
4751.88903031452	70612	0	
4752.21703041827	70588	0	
4752.54503052201	70592	0	
4752.87303062575	70600	0	
4753.20103072949	70608	0	
4753.52903083323	70636	0	
4753.85703093697	70600	0	
4754.18503104071	70616	0	
4754.51303114445	70608	0	
4754.84103124819	70620	0	
4755.16903135193	70564	0	
4755.49703145567	70624	0	
4755.82503155941	70600	0	
4756.15303166315	70620	0	
4756.48103176689	70608	0	
4756.80903017101	70604	0	
4757.13703027475	70624	0	
4757.46503037849	70588	0	
4757.79303048223	70592	0	
4758.12103058597	70604	0	
4758.44903068971	70624	0	
4758.77703079345	70592	0	
4759.10503089719	70568	0	
4759.43303100093	70600	0	
4759.76103110467	70596	0	
4760.08903120841	70564	0	
4760.41703131215	70588	0	
4760.7450314159	70644	0	
4761.07303151964	70600	0	
4761.40103162338	70548	0	
4761.72903172712	70568	0	
4762.05703013124	70596	0	
4762.38503023498	70612	0	
4762.71302863911	70564	0	
4763.04102874285	70588	0	
4763.36902884659	70588	0	
4763.69702895033	70592	0	
4764.02502905407	70596	0	
4764.35302915781	70608	0	
4764.68102926155	70592	0	
4765.00902936529	70604	0	
4765.33702946903	70600	0	
4765.66502957277	70604	0	
4765.99302967651	70576	0	
4766.32102978025	70576	0	
4766.64902988399	70616	0	
4766.97702998773	70612	0	
4767.30503009147	70584	0	
4767.63303019521	70580	0	
4767.96103029895	70600	0	
4768.28903040269	70560	0	
4768.61702880682	70548	0	
4768.94502891056	70608	0	
4769.2730290143	70596	0	
4769.60102911804	70604	0	
4769.92902922178	70588	0	
4770.25702932552	70608	0	
4770.58502942926	70592	0	
4770.913029533	70568	0	
4771.24102963674	70584	0	
4771.56902974048	70572	0	
4771.89702984422	70608	0	
4772.22502994796	70596	0	
4772.5530300517	70572	0	
4772.88103015544	70592	0	
4773.20903025918	70596	0	
4773.53703036292	70592	0	
4773.86503046666	70608	0	
4774.1930305704	70596	0	
4774.52102897452	70588	0	
4774.84902907826	70580	0	
4775.177029182	70576	0	
4775.50502928574	70572	0	
4775.83302938948	70560	0	
4776.16102949322	70576	0	
4776.48902959696	70588	0	
4776.8170297007	70616	0	
4777.14502980444	70580	0	
4777.47302990818	70588	0	
4777.80103001192	70584	0	
4778.12903011567	70608	0	
4778.45703021941	70616	0	
4778.78503032315	70584	0	
4779.11303042689	70600	0	
4780.75302924597	70616	0	
4781.40902945345	70596	0	
4782.06502966093	70592	0	
4782.72102986841	70584	0	
4783.37703007589	70596	0	
4784.03303028337	70584	0	
4784.36103038711	70560	0	
4784.68903049085	70644	0	
4785.01703059459	70592	0	
4785.34503069833	70608	0	
4785.67303080207	70588	0	
4786.00103090581	70580	0	
4786.32902930994	70576	0	
4786.65702941368	70580	0	
4786.98502951742	70576	0	
4787.31302962116	70592	0	
4787.6410297249	70608	0	
4787.96902982864	70580	0	
4788.29702993238	70620	0	
4788.62503003612	70640	0	
4788.95303013986	70604	0	
4789.2810302436	70648	0	
4789.60903034734	70568	0	
4789.93703045108	70596	0	
4790.26503055482	70612	0	
4790.59302895895	70560	0	
4790.92102906269	70600	0	
4791.24902916643	70576	0	
4791.57702927017	70560	0	
4791.90502937391	70628	0	
4792.23302777803	70596	0	
4792.56102788177	70620	0	
4792.88902798551	70632	0	
4793.21702808925	70576	0	
4793.54502819299	70584	0	
4793.87302829673	70564	0	
4794.20102840047	70592	0	
4794.52902850421	70628	0	
4794.85702860795	70628	0	
4795.18502871169	70616	0	
4795.51302881544	70596	0	
4795.84102891918	70620	0	
4796.16902902292	70584	0	
4796.49702912666	70620	0	
4796.8250292304	70572	0	
4797.15302933414	70632	0	
4797.48102943788	70584	0	
4797.80902954162	70588	0	
4798.13702794574	70580	0	
4798.46502804948	70612	0	
4798.79302815322	70580	0	
4799.12102825696	70604	0	
4799.4490283607	70604	0	
4799.77702846444	70616	0	
4800.10502856818	70584	0	
4800.43302867192	70576	0	
4800.76102877566	70580	0	
4801.0890288794	70588	0	
4801.41702898314	70600	0	
4801.74502908688	70596	0	
4802.07302919062	70588	0	
4802.40102929436	70616	0	
4802.7290293981	70568	0	
4803.05702950184	70604	0	
4803.38502960558	70608	0	
4803.71302970932	70580	0	
4804.04102811345	70604	0	
4804.36902821719	70572	0	
4804.69702832093	70608	0	
4805.02502842467	70564	0	
4805.35302852841	70652	0	
4805.68102863215	70604	0	
4806.00902873589	70608	0	
4806.33702883963	70560	0	
4806.66502894337	70584	0	
4806.99302904711	70572	0	
4807.32102915085	70568	0	
4807.64902925459	70640	0	
4807.97702935833	70620	0	
4808.30502946207	70608	0	
4808.63302956581	70612	0	
4808.96102966955	70576	0	
4811.9130289036	70600	0	
4812.24102900734	70632	0	
4812.56902911108	70588	0	
4812.89702921482	70604	0	
4813.22502931856	70612	0	
4813.5530294223	70612	0	
4813.88102952604	70568	0	
4814.20902962978	70592	0	
4814.53702973352	70584	0	
4814.86502983726	70588	0	
4815.193029941	70600	0	
4815.52102834513	70612	0	
4815.84902844887	70592	0	
4816.17702855261	70628	0	
4816.50502865635	70596	0	
4816.83302876009	70592	0	
4817.16102886383	70572	0	
4817.48902896757	70584	0	
4817.81702907131	70624	0	
4818.14502917505	70624	0	
4818.47302927879	70616	0	
4818.80102938253	70556	0	
4819.12902778665	70596	0	
4819.45702789039	70600	0	
4819.78502799413	70556	0	
4820.11302809787	70612	0	
4820.44102820161	70612	0	
4820.76902830535	70616	0	
4821.09702840909	70576	0	
4821.42502681322	70600	0	
4821.75302691696	70588	0	
4822.0810270207	70628	0	
4822.40902712444	70612	0	
4822.73702722818	70620	0	
4823.39302743566	70568	0	
4824.04902764314	70560	0	
4824.70502785062	70584	0	
4825.3610280581	70624	0	
4826.01702826558	70592	0	
4826.67302847306	70576	0	
4827.32902698093	70592	0	
4827.98502718841	70588	0	
4828.64102739589	70596	0	
4829.29702760337	70600	0	
4829.95302781085	70584	0	
4830.60902801833	70576	0	
4831.26502822581	70596	0	
4831.92102843329	70624	0	
4832.57702864077	70600	0	
4833.23302714864	70580	0	
4833.88902735612	70608	0	
4834.5450275636	70592	0	
4835.20102777108	70556	0	
4835.85702797856	70648	0	
4836.51302818604	70588	0	
4837.16902839352	70576	0	
4837.825028601	70580	0	
4840.12102762757	70592	0	
4840.44902773131	70564	0	
4840.77702783505	70588	0	
4841.10502793879	70584	0	
4841.43302804253	70584	0	
4841.76102814627	70596	0	
4842.08902825001	70592	0	
4842.41702835375	70608	0	
4842.74502845749	70596	0	
4843.07302856123	70600	0	
4843.40102866497	70556	0	
4843.72902876871	70588	0	
4844.05702887245	70608	0	
4844.38502897619	70620	0	
4844.71302907993	70608	0	
4845.04102748405	70556	0	
4845.36902758779	70588	0	
4845.69702769153	70596	0	
4846.02502779527	70600	0	
4846.35302789901	70588	0	
4846.68102800275	70576	0	
4847.0090281065	70612	0	
4847.33702821024	70584	0	
4847.66502661436	70564	0	
4847.9930267181	70584	0	
4848.32102682184	70584	0	
4848.97702702932	70584	0	
4849.30502713306	70580	0	
4849.6330272368	70620	0	
4849.96102734054	70604	0	
4850.28902744428	70592	0	
4850.61702754802	70596	0	
4850.94502595215	70580	0	
4851.27302605589	70612	0	
4851.60102615963	70624	0	
4851.92902626337	70644	0	
4852.25702636711	70580	0	
4852.58502647085	70588	0	
4852.91302657459	70604	0	
4853.24102667833	70576	0	
4853.56902678207	70568	0	
4853.89702688581	70604	0	
4854.22502698955	70620	0	
4854.55302709329	70592	0	
4854.88102719703	70628	0	
4855.20902730077	70576	0	
4855.53702740451	70644	0	
4855.86502750825	70616	0	
4856.19302761199	70616	0	
4856.52102771573	70584	0	
4856.84902611986	70576	0	
4857.1770262236	70584	0	
4857.50502632734	70592	0	
4857.83302643108	70608	0	
4858.16102653482	70596	0	
4858.48902663856	70560	0	
4858.8170267423	70572	0	
4859.14502684604	70632	0	
4859.47302694978	70608	0	
4859.80102705352	70600	0	
4860.12902715726	70600	0	
4860.457027261	70608	0	
4860.78502736474	70556	0	
4861.11302746848	70616	0	
4861.44102757222	70556	0	
4861.76902767596	70592	0	
4862.0970277797	70580	0	
4862.42502788344	70596	0	
4862.75302628756	70596	0	
4863.0810263913	70604	0	
4863.40902649504	70584	0	
4863.73702659878	70608	0	
4864.06502670252	70604	0	
4864.39302680627	70616	0	
4864.72102691001	70604	0	
4865.04902701375	70604	0	
4865.37702711749	70588	0	
4865.70502722123	70576	0	
4866.03302732497	70596	0	
4866.36102742871	70588	0	
4866.68902753245	70616	0	
4867.01702763619	70600	0	
4867.34502773993	70600	0	
4867.67302784367	70616	0	
4868.00102794741	70640	0	
4868.32902805115	70572	0	
4868.65702645527	70604	0	
4868.98502655901	70584	0	
4869.31302666275	70596	0	
4869.64102676649	70632	0	
4869.96902687023	70580	0	
4870.29702697397	70604	0	
4870.62502707771	70560	0	
4870.95302718145	70600	0	
4871.28102728519	70568	0	
4871.60902738893	70616	0	
4871.93702749267	70592	0	
4872.26502759641	70596	0	
4872.59302770015	70600	0	
4872.92102780389	70604	0	
4873.24902790763	70560	0	
4873.57702801137	70604	0	
4873.90502811511	70568	0	
4874.23302821886	70588	0	
4874.56102662298	70604	0	
4874.88902672672	70584	0	
4875.21702683046	70596	0	
4875.5450269342	70584	0	
4875.87302703794	70588	0	
4876.20102544207	70568	0	
4876.52902554581	70608	0	
4876.85702564955	70596	0	
4877.18502575329	70584	0	
4877.51302585703	70616	0	
4877.84102596077	70604	0	
4878.16902606451	70596	0	
4878.49702616825	70588	0	
4878.82502627199	70608	0	
4879.15302637573	70596	0	
4879.48102647947	70576	0	
4879.80902658321	70612	0	
4880.13702668695	70592	0	
4880.46502509107	70596	0	
4880.79302519481	70604	0	
4881.12102529855	70584	0	
4881.44902540229	70584	0	
4881.77702550604	70600	0	
4882.10502560978	70576	0	
4882.43302571352	70580	0	
4882.76102581726	70572	0	
4883.089025921	70588	0	
4883.41702602474	70604	0	
4883.74502612848	70588	0	
4884.07302623222	70600	0	
4884.40102633596	70596	0	
4884.7290264397	70568	0	
4885.05702654344	70576	0	
4885.38502664718	70544	0	
4885.71302675092	70544	0	
4886.04102685466	70616	0	
4886.36902525878	70604	0	
4886.69702536252	70624	0	
4887.02502546626	70580	0	
4887.35302557	70592	0	
4887.68102567374	70588	0	
4888.00902577748	70560	0	
4888.33702588122	70604	0	
4888.66502598496	70604	0	
4888.9930260887	70604	0	
4889.32102619244	70592	0	
4889.64902629618	70584	0	
4889.97702639992	70596	0	
4890.30502650366	70612	0	
4890.6330266074	70580	0	
4890.96102671114	70600	0	
4891.28902681489	70616	0	
4891.61702691863	70600	0	
4891.94502702237	70596	0	
4892.27302542649	70596	0	
4892.60102553023	70572	0	
4892.92902563397	70564	0	
4893.25702573771	70596	0	
4893.58502584145	70576	0	
4893.91302594519	70632	0	
4894.24102604893	70580	0	
4894.56902615267	70624	0	
4894.89702625641	70608	0	
4895.22502636015	70572	0	
4895.55302646389	70548	0	
4895.88102656763	70608	0	
4896.20902667137	70580	0	
4896.53702677511	70580	0	
4896.86502687885	70588	0	
4897.19302698259	70572	0	
4897.52102708633	70560	0	
4897.84902719007	70564	0	
4898.1770255942	70616	0	
4898.50502569794	70588	0	
4898.83302580168	70624	0	
4899.16102590542	70580	0	
4899.48902600916	70600	0	
4899.8170261129	70576	0	
4900.14502621664	70548	0	
4900.47302632038	70592	0	
4900.80102642412	70584	0	
4901.12902652786	70604	0	
4901.4570266316	70592	0	
4901.78502673534	70600	0	
4902.11302683908	70560	0	
4902.44102694282	70580	0	
4902.76902704656	70600	0	
4903.0970271503	70632	0	
4903.42502725404	70544	0	
4903.75302735778	70628	0	
4904.08102576191	70612	0	
4904.40902586565	70600	0	
4904.73702426977	70564	0	
4905.06502437351	70552	0	
4905.39302447725	70592	0	
4905.72102458099	70572	0	
4906.04902468473	70608	0	
4906.37702478848	70592	0	
4906.70502489222	70568	0	
4907.03302499596	70616	0	
4907.3610250997	70600	0	
4907.68902520344	70596	0	
4908.01702530718	70600	0	
4908.34502541092	70580	0	
4908.67302551466	70596	0	
4909.0010256184	70596	0	
4909.32902572214	70564	0	
4909.65702582588	70616	0	
4909.98502423	70616	0	
4910.31302433374	70604	0	
4910.64102443748	70584	0	
4910.96902454122	70580	0	
4911.29702464496	70600	0	
4911.6250247487	70560	0	
4911.95302485244	70576	0	
4912.28102495618	70620	0	
4912.60902505992	70596	0	
4912.93702516366	70628	0	
4913.2650252674	70580	0	
4913.59302537114	70632	0	
4913.92102547488	70620	0	
4914.24902557862	70648	0	
4914.57702568236	70588	0	
4914.9050257861	70600	0	
4915.23302588984	70588	0	
4915.56102599358	70572	0	
4915.88902439771	70616	0	
4916.21702450145	70576	0	
4916.54502460519	70600	0	
4916.87302470893	70616	0	
4917.20102481267	70596	0	
4917.52902491641	70572	0	
4917.85702502015	70608	0	
4918.18502512389	70572	0	
4918.51302522763	70616	0	
4918.84102533137	70568	0	
4919.16902543511	70564	0	
4919.49702553885	70584	0	
4919.82502564259	70616	0	
4920.15302574633	70592	0	
4920.48102585007	70596	0	
4920.80902595381	70548	0	
4921.13702605755	70604	0	
4921.46502616129	70604	0	
4921.79302456542	70592	0	
4922.12102466916	70620	0	
4922.4490247729	70636	0	
4922.77702487664	70580	0	
4923.10502498038	70568	0	
4923.43302508412	70604	0	
4923.76102518786	70604	0	
4924.0890252916	70580	0	
4924.41702539534	70564	0	
4924.74502549908	70608	0	
4925.07302560282	70560	0	
4925.40102570656	70560	0	
4925.7290258103	70596	0	
4926.05702591404	70584	0	
4926.38502601778	70576	0	
4926.71302612152	70584	0	
4927.04102622526	70616	0	
4927.36902462939	70588	0	
4927.69702473313	70600	0	
4928.02502483687	70596	0	
4928.35302494061	70604	0	
4928.68102504435	70620	0	
4929.00902514809	70608	0	
4929.33702525183	70572	0	
4929.66502535557	70564	0	
4929.99302545931	70604	0	
4930.32102556305	70564	0	
4930.64902566679	70568	0	
4930.97702577053	70580	0	
4931.30502587427	70652	0	
4931.63302597801	70600	0	
4931.96102608175	70580	0	
4932.28902618549	70592	0	
4932.61702628923	70596	0	
4932.94502639297	70580	0	
4933.27302309748	70620	0	
4934.2570234087	70580	0	
4934.91302361618	70612	0	
4937.86502454984	70592	0	
4938.19302465358	70584	0	
4938.52102475732	70600	0	
4938.84902486106	70604	0	
4939.17702326519	70576	0	
4939.50502336893	70592	0	
4939.83302347267	70580	0	
4940.16102357641	70604	0	
4940.48902368015	70584	0	
4940.81702378389	70612	0	
4941.14502388763	70572	0	
4941.47302399137	70588	0	
4941.80102409511	70604	0	
4942.12902419885	70608	0	
4942.45702430259	70552	0	
4942.78502440633	70592	0	
4943.11302451007	70556	0	
4943.44102461381	70620	0	
4943.76902471755	70568	0	
4944.09702482129	70568	0	
4944.42502492503	70632	0	
4944.75302502877	70576	0	
4945.0810234329	70592	0	
4945.40902353664	70612	0	
4945.73702364038	70608	0	
4946.06502374412	70612	0	
4946.39302384786	70552	0	
4946.7210239516	70596	0	
4947.04902405534	70604	0	
4947.37702415908	70596	0	
4947.70502426282	70604	0	
4948.03302436656	70580	0	
4948.3610244703	70588	0	
4948.68902457404	70608	0	
4949.01702467778	70572	0	
4949.34502478152	70604	0	
4949.67302488526	70572	0	
4950.001024989	70628	0	
4950.32902509274	70604	0	
4950.65702519648	70576	0	
4950.98502360061	70588	0	
4951.31302370435	70588	0	
4951.64102380809	70620	0	
4951.96902391183	70620	0	
4952.29702401557	70612	0	
4952.62502411931	70624	0	
4952.95302422305	70612	0	
4953.28102432679	70608	0	
4953.60902443053	70548	0	
4953.93702453427	70596	0	
4954.26502463801	70600	0	
4954.59302474175	70604	0	
4954.92102484549	70580	0	
4955.24902494923	70620	0	
4955.57702505297	70584	0	
4955.90502515671	70572	0	
4956.23302526045	70588	0	
4956.56102536419	70564	0	
4956.88902376831	70576	0	
4957.21702387205	70616	0	
4957.54502397579	70604	0	
4957.87302407953	70588	0	
4958.20102418327	70624	0	
4958.52902428701	70576	0	
4958.85702439075	70596	0	
4959.18502449449	70604	0	
4959.51302459823	70564	0	
4959.84102470197	70600	0	
4960.16902480571	70592	0	
4960.49702490945	70604	0	
4960.8250250132	70600	0	
4961.15302511694	70596	0	
4961.48102522068	70616	0	
4961.8090236248	70572	0	
4962.13702372854	70572	0	
4962.46502383228	70576	0	
4962.79302223641	70556	0	
4963.12102234015	70560	0	
4963.44902244389	70604	0	
4963.77702254763	70592	0	
4964.10502265137	70584	0	
4964.43302275511	70608	0	
4964.76102285885	70576	0	
4965.08902296259	70584	0	
4965.41702306633	70588	0	
4965.74502317007	70604	0	
4966.07302327381	70616	0	
4966.40102337755	70592	0	
4966.72902348129	70600	0	
4967.05702358503	70580	0	
4967.38502368877	70596	0	
4967.71302379251	70592	0	
4968.04102389625	70584	0	
4968.36902399999	70608	0	
4968.69702240412	70588	0	
4969.02502250786	70572	0	
4969.3530226116	70596	0	
4969.68102271534	70604	0	
4970.00902281908	70600	0	
4970.33702292282	70584	0	
4970.66502302656	70584	0	
4970.9930231303	70632	0	
4971.32102323404	70608	0	
4971.64902333778	70620	0	
4971.97702344152	70588	0	
4972.30502354526	70616	0	
4972.633023649	70580	0	
4972.96102375274	70616	0	
4973.28902385648	70584	0	
4973.61702396022	70612	0	
4973.94502406396	70596	0	
4974.2730241677	70572	0	
4974.60102257182	70584	0	
4974.92902267556	70604	0	
4975.2570227793	70576	0	
4975.58502288305	70604	0	
4975.91302298679	70592	0	
4976.24102309053	70596	0	
4976.56902319427	70592	0	
4976.89702329801	70576	0	
4977.22502340175	70608	0	
4977.55302350549	70596	0	
4977.88102360923	70580	0	
4978.20902371297	70608	0	
4978.53702381671	70584	0	
4978.86502392045	70604	0	
4979.19302402419	70564	0	
4979.52102412793	70620	0	
4979.84902423167	70588	0	
4980.17702433541	70556	0	
4980.50502273953	70576	0	
4980.83302284327	70588	0	
4981.16102294701	70600	0	
4981.48902305075	70616	0	
4981.81702315449	70608	0	
4982.14502325823	70604	0	
4982.47302336197	70576	0	
4982.80102346571	70600	0	
4983.12902356945	70600	0	
4983.45702367319	70576	0	
4983.78502377693	70660	0	
4984.11302388067	70580	0	
4984.44102398441	70596	0	
4984.76902408815	70592	0	
4985.09702419189	70576	0	
4985.42502429564	70580	0	
4985.75302439938	70576	0	
4986.08102450312	70556	0	
4986.40902290724	70620	0	
4986.73702301098	70584	0	
4987.06502311472	70628	0	
4987.39302321846	70576	0	
4987.7210233222	70584	0	
4988.04902342594	70592	0	
4988.37702352968	70576	0	
4988.70502363342	70592	0	
4989.03302373716	70580	0	
4989.3610238409	70588	0	
4989.68902394464	70596	0	
4990.01702404838	70604	0	
4990.34502245251	70576	0	
4990.67302255625	70600	0	
4991.00102265999	70632	0	
4991.32902276373	70556	0	
4991.65702286747	70596	0	
4991.98502297121	70616	0	
4992.31302137533	70620	0	
4992.64102147907	70592	0	
4992.96902158282	70636	0	
4993.29702168656	70604	0	
4993.6250217903	70592	0	
4993.95302189404	70564	0	
4994.28102199778	70616	0	
4994.60902210152	70596	0	
4994.93702220526	70552	0	
4995.265022309	70588	0	
4995.59302241274	70628	0	
4995.92102251648	70588	0	
4996.24902262022	70604	0	
4996.57702272396	70652	0	
4996.9050228277	70600	0	
4997.23302293144	70576	0	
4997.56102303518	70580	0	
4997.88902313892	70560	0	
4998.21702154304	70644	0	
4998.54502164678	70636	0	
4998.87302175052	70592	0	
4999.20102185426	70608	0	
4999.529021958	70596	0	
4999.85702206174	70576	0	
5000.18502216548	70600	0	
5000.51302226922	70584	0	
5000.84102237296	70600	0	
5001.1690224767	70604	0	
5001.49702258044	70608	0	
5001.82502268418	70552	0	
5002.15302278792	70584	0	
5002.48102289166	70592	0	
5002.80902299541	70620	0	
5003.13702309915	70588	0	
5003.46502320289	70588	0	
5003.79302330663	70560	0	
5004.12102171075	70616	0	
5004.44902181449	70592	0	
5004.77702191823	70620	0	
5005.10502202197	70564	0	
5005.43302212571	70584	0	
5005.76102222945	70604	0	
5006.08902233319	70584	0	
5006.41702243693	70584	0	
5008.05702295563	70580	0	
5008.38502305937	70568	0	
5008.71302316311	70596	0	
5009.04102326685	70580	0	
5009.36902337059	70608	0	
5009.69702347433	70600	0	
5010.02502187846	70588	0	
5010.3530219822	70600	0	
5010.68102208594	70604	0	
5011.00902218968	70556	0	
5011.33702229342	70540	0	
5011.66502239716	70636	0	
5011.9930225009	70596	0	
5012.32102260464	70560	0	
5012.64902270838	70604	0	
5012.97702281212	70612	0	
5013.30502291586	70616	0	
5013.6330230196	70612	0	
5013.96102312334	70592	0	
5014.28902322708	70612	0	
5014.61702333082	70564	0	
5014.94502343456	70608	0	
5015.2730235383	70632	0	
5015.60102364204	70584	0	
5015.92902204617	70608	0	
5016.25702214991	70572	0	
5016.58502225365	70588	0	
5016.91302235739	70620	0	
5017.24102246113	70576	0	
5021.83302051426	70564	0	
5022.48902072174	70620	0	
5023.14502092922	70572	0	
5023.8010211367	70604	0	
5024.45702134418	70620	0	
5024.78502144792	70600	0	
5025.11302155166	70600	0	
5025.4410216554	70596	0	
5025.76902175914	70592	0	
5026.09702186288	70592	0	
5026.42502196662	70584	0	
5026.75302207036	70556	0	
5027.0810221741	70576	0	
5027.40902227784	70600	0	
5027.73702068197	70596	0	
5028.06502078571	70568	0	
5028.39302088945	70556	0	
5028.72102099319	70600	0	
5029.04902109693	70572	0	
5029.37702120067	70628	0	
5029.70502130441	70612	0	
5030.03302140815	70572	0	
5030.36102151189	70592	0	
5030.68902161563	70612	0	
5031.01702171937	70596	0	
5031.34502182311	70588	0	
5031.67302192685	70608	0	
5032.00102203059	70588	0	
5032.32902213433	70580	0	
5032.65702223807	70588	0	
5032.98502234181	70608	0	
5033.31302244555	70588	0	
5033.64102084968	70620	0	
5033.96902095342	70616	0	
5034.29702105716	70584	0	
5034.6250211609	70596	0	
5034.95302126464	70588	0	
5035.28102136838	70604	0	
5035.60902147212	70612	0	
5035.93702157586	70600	0	
5036.2650216796	70572	0	
5036.59302178334	70600	0	
5036.92102188708	70600	0	
5037.24902199082	70620	0	
5037.57702209456	70588	0	
5037.9050221983	70616	0	
5038.23302230204	70624	0	
5038.56102240578	70604	0	
5038.88902250952	70608	0	
5039.21702261326	70604	0	
5039.54502101739	70644	0	
5039.87302112113	70572	0	
5040.20102122487	70612	0	
5040.52902132861	70620	0	
5040.85702143235	70600	0	
5041.18502153609	70592	0	
5041.51302163983	70612	0	
5041.84102174357	70600	0	
5042.16902184731	70588	0	
5042.49702195105	70592	0	
5042.82502205479	70560	0	
5043.15302215853	70620	0	
5043.48102226227	70604	0	
5043.80902236601	70556	0	
5044.13702246975	70584	0	
5044.46502257349	70596	0	
5044.79302267723	70612	0	
5045.12102278097	70564	0	
5045.4490211851	70600	0	
5045.77702128884	70588	0	
5046.10502139258	70588	0	
5046.43302149632	70600	0	
5046.76102160006	70612	0	
5047.0890217038	70596	0	
5047.41702010792	70572	0	
5047.74502021166	70592	0	
5048.0730203154	70580	0	
5048.40102041914	70588	0	
5048.72902052288	70604	0	
5049.05702062662	70600	0	
5049.38502073036	70616	0	
5049.7130208341	70604	0	
5050.04102093784	70580	0	
5050.36902104158	70580	0	
5050.69702114532	70640	0	
5051.02501954945	70568	0	
5051.35301965319	70572	0	
5051.68101975693	70576	0	
5052.00901986067	70624	0	
5052.33701996441	70588	0	
5052.66502006815	70616	0	
5052.99302017189	70604	0	
5053.32102027563	70588	0	
5053.64902037937	70600	0	
5053.97702048311	70592	0	
5054.30502058685	70612	0	
5054.63302069059	70608	0	
5054.96102079433	70600	0	
5055.28902089807	70596	0	
5055.61702100181	70544	0	
5055.94502110555	70576	0	
5056.27302120929	70636	0	
5056.60102131303	70600	0	
5056.92901971716	70624	0	
5057.2570198209	70584	0	
5057.58501992464	70556	0	
5057.91302002838	70540	0	
5058.24102013212	70612	0	
5058.56902023586	70620	0	
5058.8970203396	70536	0	
5059.22502044334	70588	0	
5059.55302054708	70580	0	
5059.88102065082	70636	0	
5060.20902075456	70564	0	
5060.5370208583	70584	0	
5060.86502096204	70608	0	
5061.19302106578	70588	0	
5061.52102116952	70588	0	
5061.84902127326	70604	0	
5062.177021377	70564	0	
5062.50502148074	70584	0	
5062.83301988487	70612	0	
5063.16101998861	70572	0	
5063.48902009235	70592	0	
5063.81702019609	70620	0	
5064.14502029983	70612	0	
5064.47302040357	70564	0	
5064.80102050731	70600	0	
5065.12902061105	70600	0	
5065.45702071479	70576	0	
5065.78502081853	70576	0	
5066.11302092227	70576	0	
5066.44102102601	70600	0	
5066.76902112975	70600	0	
5067.09702123349	70604	0	
5067.42502133723	70580	0	
5067.75302144097	70588	0	
5068.08102154471	70604	0	
5068.40902164845	70652	0	
5068.73702005257	70596	0	
5069.06502015631	70556	0	
5069.39302026005	70580	0	
5069.72102036379	70604	0	
5070.04902046753	70612	0	
5070.37702057127	70604	0	
5070.70502067501	70564	0	
5071.03302077875	70580	0	
5071.36102088249	70568	0	
5071.68902098623	70620	0	
5072.01702108998	70596	0	
5072.34502119372	70588	0	
5072.67302129746	70576	0	
5073.0010214012	70588	0	
5073.32902150494	70596	0	
5073.65702160868	70572	0	
5073.98502171242	70608	0	
5074.31302181616	70596	0	
5074.64102022028	70612	0	
5074.96902032402	70608	0	
5075.29702042776	70596	0	
5075.6250205315	70548	0	
5075.95301893563	70608	0	
5076.28101903937	70600	0	
5076.60901914311	70576	0	
5076.93701924685	70564	0	
5077.26501935059	70572	0	
5077.59301945433	70608	0	
5077.92101955807	70624	0	
5078.24901966181	70612	0	
5078.57701976555	70596	0	
5078.90501986929	70600	0	
5079.23301997303	70612	0	
5079.56102007677	70612	0	
5079.88902018051	70596	0	
5080.21702028425	70612	0	
5080.54501868838	70576	0	
5080.87301879212	70648	0	
5081.20101889586	70600	0	
5081.5290189996	70608	0	
5081.85701910334	70632	0	
5082.18501920708	70600	0	
5082.51301931082	70568	0	
5082.84101941456	70596	0	
5083.1690195183	70588	0	
5083.49701962204	70600	0	
5083.82501972578	70608	0	
5084.15301982952	70576	0	
5084.48101993326	70604	0	
5084.809020037	70580	0	
5085.13702014074	70592	0	
5085.46502024448	70580	0	
5085.79302034822	70580	0	
5086.12102045196	70608	0	
5086.44901885608	70596	0	
5086.77701895982	70584	0	
5087.10501906356	70576	0	
5087.4330191673	70620	0	
5087.76101927104	70604	0	
5088.08901937478	70568	0	
5088.41701947852	70576	0	
5088.74501958226	70576	0	
5089.07301968601	70592	0	
5089.40101978975	70584	0	
5089.72901989349	70568	0	
5090.05701999723	70600	0	
5090.38502010097	70592	0	
5090.71302020471	70620	0	
5091.04102030845	70572	0	
5091.36902041219	70592	0	
5091.69702051593	70620	0	
5092.02502061967	70584	0	
5092.35301902379	70616	0	
5092.68101912753	70596	0	
5093.00901923127	70588	0	
5093.33701933501	70620	0	
5093.66501943875	70564	0	
5093.99301954249	70600	0	
5094.32101964623	70592	0	
5094.64901974997	70608	0	
5094.97701985371	70576	0	
5095.30501995745	70596	0	
5095.63302006119	70584	0	
5095.96102016493	70548	0	
5096.28902026867	70568	0	
5096.61702037241	70572	0	
5096.94502047615	70580	0	
5097.27302057989	70556	0	
5097.60102068363	70596	0	
5097.92902078737	70588	0	
5098.2570191915	70624	0	
5098.58501929524	70608	0	
5098.91301939898	70628	0	
5099.24101950272	70620	0	
5099.56901960646	70652	0	
5099.8970197102	70576	0	
5100.22501981394	70576	0	
5100.55301991768	70612	0	
5100.88102002142	70604	0	
5101.20902012516	70596	0	
5101.5370202289	70572	0	
5101.86502033264	70588	0	
5102.19302043638	70604	0	
5102.52102054012	70584	0	
5102.84902064386	70576	0	
5103.1770207476	70588	0	
5103.50502085134	70612	0	
5103.83302095508	70580	0	
5104.16101765959	70600	0	
5104.48901776333	70560	0	
5104.81701786707	70592	0	
5105.14501797081	70592	0	
5105.47301807455	70600	0	
5105.80101817829	70608	0	
5106.12901828203	70576	0	
5106.45701838578	70584	0	
5106.78501848952	70568	0	
5107.11301859326	70624	0	
5107.441018697	70568	0	
5107.76901880074	70560	0	
5108.09701890448	70608	0	
5108.42501900822	70568	0	
5108.75301911196	70564	0	
5109.0810192157	70580	0	
5109.40901931944	70584	0	
5109.73701942318	70548	0	
5110.0650178273	70592	0	
5110.39301793104	70616	0	
5110.72101803478	70648	0	
5111.04901813852	70648	0	
5111.37701824226	70624	0	
5111.705018346	70592	0	
5112.03301844974	70588	0	
5112.36101855348	70680	0	
5112.68901865722	70636	0	
5113.01701876096	70696	0	
5113.3450188647	70644	0	
5113.67301896844	70664	0	
5114.00101907218	70636	0	
5114.32901917592	70704	0	
5114.65701927967	70776	0	
5114.98501938341	70748	0	
5115.31301948715	70744	0	
5115.64101959089	70700	0	
5115.96901799501	70720	0	
5116.29701809875	70720	0	
5116.62501820249	70756	0	
5116.95301830623	70780	0	
5117.28101840997	70816	0	
5117.60901851371	70800	0	
5117.93701861745	70780	0	
5118.26501872119	70816	0	
5118.59301882493	70800	0	
5118.92101892867	70844	0	
5119.24901903241	70840	0	
5119.57701913615	70868	0	
5119.90501923989	70848	0	
5120.23301934363	70844	0	
5120.56101944737	70924	0	
5120.88901955111	70892	0	
5121.21701965485	70904	0	
5121.54501975859	70952	0	
5121.87301816272	70884	0	
5122.20101826646	70912	0	
5122.5290183702	70896	0	
5122.85701847394	70992	0	
5123.18501857768	70988	0	
5123.51301868142	71032	0	
5123.84101878516	70992	0	
5124.1690188889	70972	0	
5124.49701899264	70964	0	
5124.82501909638	71004	0	
5125.15301920012	71048	0	
5125.48101930386	71080	0	
5125.8090194076	71024	0	
5126.13701951134	71004	0	
5126.46501961508	71036	0	
5126.79301971882	71064	0	
5127.12101982256	71112	0	
5127.4490199263	71132	0	
5127.77701833043	71108	0	
5128.10501843417	71124	0	
5128.43301853791	71068	0	
5128.76101864165	71092	0	
5129.08901874539	71120	0	
5129.41701884913	71148	0	
5129.74501895287	71160	0	
5130.07301905661	71216	0	
5130.40101916035	71176	0	
5130.72901926409	71160	0	
5131.05701936783	71148	0	
5131.38501947157	71204	0	
5131.71301957531	71216	0	
5132.04101967905	71196	0	
5132.36901978279	71240	0	
5132.69701818692	71232	0	
5133.02501829066	71212	0	
5133.3530183944	71280	0	
5133.68101679852	71256	0	
5134.00901690226	71292	0	
5134.337017006	71292	0	
5134.66501710974	71256	0	
5134.99301721348	71296	0	
5135.32101731722	71332	0	
5135.64901742096	71356	0	
5135.9770175247	71388	0	
5136.30501762844	71400	0	
5136.63301773218	71364	0	
5136.96101783592	71336	0	
5137.28901793966	71372	0	
5137.6170180434	71452	0	
5137.94501814714	71448	0	
5138.27301825088	71448	0	
5138.60101835462	71400	0	
5138.92901845836	71388	0	
5139.2570185621	71408	0	
5139.58501696623	71468	0	
5139.91301706997	71576	0	
5140.24101717371	71520	0	
5140.56901727745	71472	0	
5140.89701738119	71484	0	
5141.22501748493	71440	0	
5141.55301758867	71476	0	
5141.88101769241	71572	0	
5142.20901779615	71628	0	
5142.53701789989	71624	0	
5142.86501800363	71576	0	
5143.19301810737	71556	0	
5143.52101821111	71492	0	
5143.84901831485	71572	0	
5144.17701841859	71664	0	
5144.50501852233	71760	0	
5144.83301862607	71636	0	
5145.16101872981	71568	0	
5145.48901713394	71560	0	
5145.81701723768	71648	0	
5146.14501734142	71676	0	
5146.47301744516	71788	0	
5146.8010175489	71784	0	
5147.12901765264	71744	0	
5147.45701775638	71672	0	
5147.78501786012	71608	0	
5148.11301796386	71692	0	
5148.4410180676	71796	0	
5148.76901817134	71832	0	
5149.09701827508	71808	0	
5149.42501837882	71732	0	
5149.75301848256	71740	0	
5150.0810185863	71784	0	
5150.40901869004	71820	0	
5150.73701879378	71836	0	
5151.06501889752	71912	0	
5151.39301730165	71844	0	
5151.72101740539	71816	0	
5152.04901750913	71812	0	
5152.37701761287	71828	0	
5152.70501771661	71908	0	
5153.03301782035	71952	0	
5153.36101792409	71948	0	
5153.68901802783	71892	0	
5154.01701813157	71888	0	
5154.34501823531	71920	0	
5154.67301833905	71940	0	
5155.00101844279	72040	0	
5155.32901854653	72028	0	
5155.65701865027	71956	0	
5155.98501875401	71928	0	
5156.31301885775	72012	0	
5156.64101896149	72028	0	
5156.96901906523	72076	0	
5157.29701746935	72080	0	
5157.62501757309	72044	0	
5157.95301767683	72020	0	
5158.28101778058	72016	0	
5158.60901788432	72088	0	
5158.93701798806	72164	0	
5159.2650180918	72128	0	
5159.59301819554	72112	0	
5159.92101829928	72080	0	
5160.24901840302	72060	0	
5160.57701850676	72104	0	
5160.9050186105	72140	0	
5161.23301701462	72184	0	
5161.56101711836	72208	0	
5161.8890172221	72184	0	
5162.21701732584	72144	0	
5162.54501742958	72172	0	
5162.87301753332	72208	0	
5163.20101593745	72264	0	
5163.52901604119	72260	0	
5163.85701614493	72276	0	
5164.18501624867	72256	0	
5164.51301635241	72216	0	
5164.84101645615	72224	0	
5165.16901655989	72252	0	
5165.49701666363	72296	0	
5165.82501676737	72336	0	
5166.15301687111	72344	0	
5166.48101697485	72312	0	
5166.80901707859	72296	0	
5167.13701718233	72364	0	
5167.46501728607	72380	0	
5167.79301738981	72372	0	
5168.12101749355	72412	0	
5168.44901759729	72372	0	
5168.77701600142	72336	0	
5169.10501610516	72352	0	
5169.4330162089	72408	0	
5169.76101631264	72456	0	
5170.08901641638	72432	0	
5170.41701652012	72452	0	
5170.74501662386	72432	0	
5171.0730167276	72420	0	
5171.40101683134	72512	0	
5171.72901693508	72544	0	
5172.05701703882	72520	0	
5172.38501714256	72528	0	
5172.7130172463	72516	0	
5173.04101735004	72500	0	
5173.36901745378	72476	0	
5173.69701755752	72576	0	
5174.02501766126	72596	0	
5174.353017765	72572	0	
5174.68101616912	72524	0	
5175.00901627286	72580	0	
5175.3370163766	72612	0	
5175.66501648035	72620	0	
5175.99301658409	72644	0	
5176.32101668783	72688	0	
5176.64901679157	72656	0	
5176.97701689531	72656	0	
5177.30501699905	72640	0	
5177.63301710279	72692	0	
5177.96101720653	72664	0	
5178.28901731027	72716	0	
5178.61701741401	72700	0	
5178.94501751775	72740	0	
5179.27301762149	72756	0	
5179.60101772523	72740	0	
5179.92901782897	72752	0	
5180.25701793271	72736	0	
5180.58501633683	72804	0	
5180.91301644057	72804	0	
5181.24101654431	72824	0	
5180.91301644057	72796	0	
5180.58501633683	72836	0	
5180.25701793271	72820	0	
5179.92901782897	72868	0	
5179.60101772523	72828	0	
5179.27301762149	72752	0	
5178.94501751775	72804	0	
5178.61701741401	72760	0	
5178.28901731027	72732	0	
5177.96101720653	72736	0	
5177.63301710279	72752	0	
5177.30501699905	72768	0	
5176.97701689531	72752	0	
5176.64901679157	72732	0	
5176.32101668783	72692	0	
5175.99301658409	72724	0	
5175.66501648035	72700	0	
5175.3370163766	72712	0	
5175.00901627286	72708	0	
5174.68101616912	72712	0	
5174.353017765	72680	0	
5174.02501766126	72636	0	
5173.69701755752	72612	0	
5173.36901745378	72556	0	
5173.04101735004	72636	0	
5172.7130172463	72608	0	
5172.38501714256	72644	0	
5172.05701703882	72596	0	
5171.72901693508	72524	0	
5171.40101683134	72592	0	
5171.0730167276	72540	0	
5170.74501662386	72600	0	
5170.41701652012	72584	0	
5170.08901641638	72604	0	
5169.76101631264	72544	0	
5169.4330162089	72484	0	
5169.10501610516	72420	0	
5168.77701600142	72484	0	
5168.44901759729	72512	0	
5168.12101749355	72520	0	
5167.79301738981	72532	0	
5167.46501728607	72472	0	
5167.13701718233	72464	0	
5166.80901707859	72456	0	
5166.48101697485	72440	0	
5166.15301687111	72416	0	
5165.82501676737	72440	0	
5165.49701666363	72408	0	
5165.16901655989	72380	0	
5164.84101645615	72408	0	
5164.51301635241	72388	0	
5164.18501624867	72348	0	
5163.85701614493	72348	0	
5163.52901604119	72352	0	
5163.20101593745	72344	0	
5162.87301753332	72308	0	
5162.54501742958	72364	0	
5162.21701732584	72284	0	
5161.8890172221	72260	0	
5161.56101711836	72248	0	
5161.23301701462	72256	0	
5160.9050186105	72272	0	
5160.57701850676	72244	0	
5160.24901840302	72240	0	
5159.92101829928	72248	0	
5159.59301819554	72184	0	
5159.2650180918	72196	0	
5158.93701798806	72136	0	
5158.60901788432	72172	0	
5158.28101778058	72176	0	
5157.95301767683	72164	0	
5157.62501757309	72184	0	
5157.29701746935	72152	0	
5156.96901906523	72112	0	
5156.64101896149	72104	0	
5156.31301885775	72100	0	
5155.98501875401	72092	0	
5155.65701865027	72048	0	
5155.32901854653	72032	0	
5155.00101844279	72060	0	
5154.67301833905	72048	0	
5154.34501823531	72032	0	
5154.01701813157	71988	0	
5153.68901802783	72008	0	
5153.36101792409	71980	0	
5153.03301782035	71996	0	
5152.70501771661	72048	0	
5152.37701761287	71988	0	
5152.04901750913	71996	0	
5151.72101740539	71924	0	
5151.39301730165	71928	0	
5151.06501889752	71932	0	
5150.73701879378	71928	0	
5150.40901869004	71936	0	
5150.0810185863	71952	0	
5149.75301848256	71876	0	
5149.42501837882	71860	0	
5149.09701827508	71868	0	
5148.76901817134	71816	0	
5148.4410180676	71864	0	
5148.11301796386	71856	0	
5147.78501786012	71816	0	
5147.45701775638	71812	0	
5147.12901765264	71756	0	
5146.8010175489	71740	0	
5146.47301744516	71796	0	
5146.14501734142	71820	0	
5145.81701723768	71796	0	
5145.48901713394	71756	0	
5145.16101872981	71720	0	
5144.83301862607	71664	0	
5144.50501852233	71672	0	
5144.17701841859	71708	0	
5143.84901831485	71696	0	
5143.52101821111	71696	0	
5143.19301810737	71692	0	
5142.86501800363	71668	0	
5142.53701789989	71668	0	
5142.20901779615	71596	0	
5141.88101769241	71620	0	
5141.55301758867	71628	0	
5141.22501748493	71624	0	
5140.89701738119	71596	0	
5140.56901727745	71520	0	
5140.24101717371	71552	0	
5139.91301706997	71544	0	
5139.58501696623	71548	0	
5139.2570185621	71536	0	
5138.92901845836	71540	0	
5138.60101835462	71492	0	
5138.27301825088	71488	0	
5137.94501814714	71480	0	
5137.6170180434	71516	0	
5137.28901793966	71500	0	
5136.96101783592	71448	0	
5136.63301773218	71440	0	
5136.30501762844	71400	0	
5135.9770175247	71396	0	
5135.64901742096	71432	0	
5135.32101731722	71416	0	
5134.99301721348	71396	0	
5134.66501710974	71396	0	
5134.337017006	71364	0	
5134.00901690226	71320	0	
5133.68101679852	71324	0	
5133.3530183944	71392	0	
5133.02501829066	71360	0	
5132.69701818692	71304	0	
5132.36901978279	71296	0	
5132.04101967905	71276	0	
5131.71301957531	71256	0	
5131.38501947157	71236	0	
5131.05701936783	71272	0	
5130.72901926409	71296	0	
5130.40101916035	71252	0	
5130.07301905661	71176	0	
5129.74501895287	71164	0	
5129.41701884913	71152	0	
5129.08901874539	71196	0	
5128.76101864165	71144	0	
5128.43301853791	71232	0	
5128.10501843417	71156	0	
5127.77701833043	71156	0	
5127.4490199263	71108	0	
5127.12101982256	71080	0	
5126.79301971882	71148	0	
5126.46501961508	71148	0	
5126.13701951134	71148	0	
5125.8090194076	71128	0	
5125.48101930386	71076	0	
5125.15301920012	71008	0	
5124.82501909638	71020	0	
5124.49701899264	71056	0	
5124.1690188889	71080	0	
5123.84101878516	71056	0	
5123.51301868142	71028	0	
5123.18501857768	70968	0	
5122.85701847394	70948	0	
5122.5290183702	70972	0	
5122.20101826646	71012	0	
5121.87301816272	71000	0	
5121.54501975859	70940	0	
5121.21701965485	70896	0	
5120.88901955111	70892	0	
5120.56101944737	70868	0	
5120.23301934363	70900	0	
5119.90501923989	70944	0	
5119.57701913615	70908	0	
5119.24901903241	70852	0	
5118.92101892867	70816	0	
5118.59301882493	70824	0	
5118.26501872119	70888	0	
5117.93701861745	70888	0	
5117.60901851371	70852	0	
5117.28101840997	70816	0	
5116.95301830623	70748	0	
5116.62501820249	70748	0	
5116.29701809875	70784	0	
5115.96901799501	70816	0	
5115.64101959089	70788	0	
5115.31301948715	70800	0	
5114.98501938341	70684	0	
5114.65701927967	70684	0	
5114.32901917592	70712	0	
5114.00101907218	70724	0	
5113.67301896844	70772	0	
5113.3450188647	70736	0	
5113.01701876096	70712	0	
5112.68901865722	70652	0	
5112.36101855348	70644	0	
5112.03301844974	70628	0	
5111.705018346	70696	0	
5111.37701824226	70676	0	
5111.04901813852	70656	0	
5110.72101803478	70612	0	
5110.39301793104	70580	0	
5110.0650178273	70572	0	
5109.73701942318	70568	0	
5109.40901931944	70588	0	
5109.0810192157	70612	0	
5108.75301911196	70576	0	
5108.42501900822	70584	0	
5108.09701890448	70592	0	
5107.76901880074	70608	0	
5107.441018697	70556	0	
5107.11301859326	70572	0	
5106.78501848952	70568	0	
5106.45701838578	70580	0	
5106.12901828203	70564	0	
5105.80101817829	70576	0	
5105.47301807455	70596	0	
5105.14501797081	70576	0	
5104.81701786707	70588	0	
5104.48901776333	70608	0	
5104.16101765959	70604	0	
5103.83302095508	70572	0	
5103.50502085134	70564	0	
5103.1770207476	70620	0	
5102.84902064386	70612	0	
5102.52102054012	70600	0	
5102.19302043638	70608	0	
5101.86502033264	70596	0	
5101.5370202289	70556	0	
5101.20902012516	70576	0	
5100.88102002142	70604	0	
5100.55301991768	70588	0	
5100.22501981394	70600	0	
5099.8970197102	70548	0	
5099.56901960646	70612	0	
5099.24101950272	70612	0	
5098.91301939898	70604	0	
5098.58501929524	70576	0	
5098.2570191915	70552	0	
5097.92902078737	70580	0	
5097.60102068363	70572	0	
5097.27302057989	70596	0	
5096.94502047615	70584	0	
5096.61702037241	70592	0	
5096.28902026867	70608	0	
5095.96102016493	70600	0	
5095.63302006119	70600	0	
5095.30501995745	70584	0	
5094.97701985371	70564	0	
5094.64901974997	70584	0	
5094.32101964623	70560	0	
5093.99301954249	70580	0	
5093.66501943875	70600	0	
5093.33701933501	70596	0	
5093.00901923127	70632	0	
5092.68101912753	70640	0	
5092.35301902379	70588	0	
5092.02502061967	70612	0	
5091.69702051593	70624	0	
5091.36902041219	70584	0	
5091.04102030845	70580	0	
5090.71302020471	70592	0	
5090.38502010097	70600	0	
5090.05701999723	70584	0	
5089.72901989349	70560	0	
5089.40101978975	70580	0	
5089.07301968601	70572	0	
5088.74501958226	70576	0	
5088.41701947852	70596	0	
5088.08901937478	70620	0	
5087.76101927104	70600	0	
5087.4330191673	70564	0	
5087.10501906356	70588	0	
5086.77701895982	70572	0	
5086.44901885608	70624	0	
5086.12102045196	70632	0	
5085.79302034822	70588	0	
5085.46502024448	70584	0	
5085.13702014074	70572	0	
5084.809020037	70624	0	
5084.48101993326	70596	0	
5084.15301982952	70612	0	
5083.82501972578	70584	0	
5083.49701962204	70576	0	
5083.1690195183	70572	0	
5082.84101941456	70596	0	
5082.51301931082	70592	0	
5082.18501920708	70572	0	
5081.85701910334	70588	0	
5081.5290189996	70616	0	
5081.20101889586	70584	0	
5080.87301879212	70612	0	
5080.54501868838	70588	0	
5080.21702028425	70604	0	
5079.88902018051	70588	0	
5079.56102007677	70612	0	
5079.23301997303	70584	0	
5078.90501986929	70588	0	
5078.57701976555	70584	0	
5078.24901966181	70568	0	
5077.92101955807	70588	0	
5077.59301945433	70592	0	
5077.26501935059	70580	0	
5076.93701924685	70604	0	
5076.60901914311	70596	0	
5076.28101903937	70632	0	
5075.95301893563	70552	0	
5075.6250205315	70620	0	
5075.29702042776	70556	0	
5074.96902032402	70620	0	
5074.64102022028	70572	0	
5074.31302181616	70608	0	
5073.98502171242	70580	0	
5073.65702160868	70576	0	
5073.32902150494	70612	0	
5073.0010214012	70604	0	
5072.67302129746	70572	0	
5072.34502119372	70592	0	
5072.01702108998	70556	0	
5071.68902098623	70620	0	
5071.36102088249	70632	0	
5071.03302077875	70568	0	
5070.70502067501	70612	0	
5070.37702057127	70596	0	
5070.04902046753	70608	0	
5069.72102036379	70612	0	
5069.39302026005	70576	0	
5069.06502015631	70588	0	
5068.73702005257	70588	0	
5068.40902164845	70576	0	
5068.08102154471	70548	0	
5067.75302144097	70584	0	
5067.42502133723	70572	0	
5067.09702123349	70620	0	
5066.76902112975	70612	0	
5066.44102102601	70604	0	
5066.11302092227	70588	0	
5065.78502081853	70636	0	
5065.45702071479	70608	0	
5065.12902061105	70580	0	
5064.80102050731	70580	0	
5064.47302040357	70596	0	
5064.14502029983	70568	0	
5063.81702019609	70576	0	
5063.48902009235	70572	0	
5063.16101998861	70596	0	
5062.83301988487	70596	0	
5062.50502148074	70568	0	
5062.177021377	70596	0	
5061.84902127326	70608	0	
5061.52102116952	70620	0	
5061.19302106578	70568	0	
5060.86502096204	70608	0	
5060.5370208583	70596	0	
5060.20902075456	70572	0	
5059.88102065082	70604	0	
5059.55302054708	70580	0	
5059.22502044334	70600	0	
5058.8970203396	70584	0	
5058.56902023586	70592	0	
5058.24102013212	70572	0	
5057.91302002838	70608	0	
5057.58501992464	70564	0	
5057.2570198209	70592	0	
5056.92901971716	70572	0	
5056.60102131303	70616	0	
5056.27302120929	70584	0	
5055.94502110555	70632	0	
5055.61702100181	70584	0	
5055.28902089807	70548	0	
5054.96102079433	70560	0	
5054.63302069059	70600	0	
5054.30502058685	70600	0	
5053.97702048311	70588	0	
5053.64902037937	70596	0	
5053.32102027563	70588	0	
5052.99302017189	70584	0	
5052.66502006815	70584	0	
5052.33701996441	70572	0	
5052.00901986067	70612	0	
5051.68101975693	70596	0	
5051.35301965319	70612	0	
5051.02501954945	70592	0	
5050.69702114532	70552	0	
5050.36902104158	70588	0	
5050.04102093784	70604	0	
5049.7130208341	70584	0	
5049.38502073036	70592	0	
5049.05702062662	70608	0	
5048.72902052288	70568	0	
5048.40102041914	70628	0	
5048.0730203154	70576	0	
5047.74502021166	70560	0	
5047.41702010792	70588	0	
5047.0890217038	70620	0	
5046.76102160006	70588	0	
5046.43302149632	70608	0	
5046.10502139258	70616	0	
5045.77702128884	70556	0	
5045.4490211851	70628	0	
5045.12102278097	70564	0	
5044.79302267723	70628	0	
5044.46502257349	70612	0	
5044.13702246975	70608	0	
5043.80902236601	70568	0	
5043.48102226227	70596	0	
5043.15302215853	70600	0	
5042.82502205479	70556	0	
5042.49702195105	70620	0	
5042.16902184731	70604	0	
5041.84102174357	70592	0	
5041.51302163983	70620	0	
5041.18502153609	70600	0	
5040.85702143235	70564	0	
5040.52902132861	70640	0	
5040.20102122487	70620	0	
5039.87302112113	70592	0	
5039.54502101739	70588	0	
5039.21702261326	70604	0	
5038.88902250952	70604	0	
5038.56102240578	70580	0	
5038.23302230204	70604	0	
5037.9050221983	70616	0	
5037.57702209456	70592	0	
5037.24902199082	70588	0	
5036.92102188708	70576	0	
5036.59302178334	70608	0	
5036.2650216796	70596	0	
5035.93702157586	70588	0	
5035.60902147212	70588	0	
5035.28102136838	70588	0	
5034.95302126464	70604	0	
5034.6250211609	70580	0	
5034.29702105716	70604	0	
5033.96902095342	70592	0	
5033.64102084968	70616	0	
5033.31302244555	70604	0	
5032.98502234181	70592	0	
5032.65702223807	70584	0	
5032.32902213433	70612	0	
5032.00102203059	70580	0	
5031.67302192685	70588	0	
5031.34502182311	70596	0	
5031.01702171937	70592	0	
5030.68902161563	70604	0	
5030.36102151189	70584	0	
5030.03302140815	70596	0	
5029.70502130441	70596	0	
5029.37702120067	70584	0	
5029.04902109693	70588	0	
5028.72102099319	70576	0	
5028.39302088945	70596	0	
5028.06502078571	70628	0	
5027.73702068197	70620	0	
5027.40902227784	70644	0	
5027.0810221741	70596	0	
5026.75302207036	70572	0	
5026.42502196662	70652	0	
5026.09702186288	70580	0	
5025.76902175914	70588	0	
5025.4410216554	70608	0	
5025.11302155166	70588	0	
5024.78502144792	70588	0	
5024.45702134418	70604	0	
5024.12902124044	70584	0	
5023.8010211367	70568	0	
5023.47302103296	70584	0	
5023.14502092922	70580	0	
5022.81702082548	70588	0	
5022.48902072174	70564	0	
5022.161020618	70604	0	
5021.83302051426	70580	0	
5021.50502211014	70588	0	
5021.1770220064	70552	0	
5020.84902190266	70636	0	
5020.52102179892	70620	0	
5020.19302169518	70588	0	
5019.86502159143	70572	0	
5019.53702148769	70596	0	
5019.20902138395	70608	0	
5018.88102128021	70572	0	
5018.55302287609	70596	0	
5018.22502277235	70568	0	
5017.89702266861	70580	0	
5017.56902256487	70580	0	
5017.24102246113	70596	0	
5016.91302235739	70544	0	
5016.58502225365	70576	0	
5016.25702214991	70564	0	
5015.92902204617	70620	0	
5015.60102364204	70604	0	
5015.2730235383	70608	0	
5014.94502343456	70596	0	
5014.61702333082	70612	0	
5014.28902322708	70636	0	
5013.96102312334	70608	0	
5013.6330230196	70624	0	
5013.30502291586	70608	0	
5012.97702281212	70600	0	
5012.64902270838	70596	0	
5012.32102260464	70600	0	
5011.9930225009	70608	0	
5011.66502239716	70596	0	
5011.33702229342	70604	0	
5011.00902218968	70584	0	
5010.68102208594	70600	0	
5010.3530219822	70564	0	
5010.02502187846	70604	0	
5009.69702347433	70568	0	
5009.36902337059	70616	0	
5009.04102326685	70564	0	
5008.71302316311	70616	0	
5008.38502305937	70608	0	
5008.05702295563	70604	0	
5007.72902285189	70596	0	
5007.40102274815	70616	0	
5007.07302264441	70640	0	
5006.74502254067	70588	0	
5006.41702243693	70592	0	
5006.08902233319	70612	0	
5005.76102222945	70584	0	
5005.43302212571	70596	0	
5005.10502202197	70620	0	
5004.77702191823	70608	0	
5004.44902181449	70592	0	
5004.12102171075	70592	0	
5003.79302330663	70612	0	
5003.46502320289	70620	0	
5003.13702309915	70584	0	
5002.80902299541	70628	0	
5002.48102289166	70624	0	
5002.15302278792	70620	0	
5001.82502268418	70568	0	
5001.49702258044	70604	0	
5001.1690224767	70600	0	
5000.84102237296	70580	0	
5000.51302226922	70616	0	
5000.18502216548	70572	0	
4999.85702206174	70572	0	
4999.529021958	70592	0	
4999.20102185426	70572	0	
4998.87302175052	70640	0	
4998.54502164678	70624	0	
4998.21702154304	70604	0	
4997.88902313892	70616	0	
4997.56102303518	70632	0	
4997.23302293144	70604	0	
4996.9050228277	70604	0	
4996.57702272396	70588	0	
4996.24902262022	70608	0	
4995.92102251648	70608	0	
4995.59302241274	70588	0	
4995.265022309	70596	0	
4994.93702220526	70608	0	
4994.60902210152	70572	0	
4994.28102199778	70584	0	
4993.95302189404	70600	0	
4993.6250217903	70608	0	
4993.29702168656	70608	0	
4992.96902158282	70596	0	
4992.64102147907	70584	0	
4992.31302137533	70636	0	
4991.98502297121	70596	0	
4991.65702286747	70628	0	
4991.32902276373	70644	0	
4991.00102265999	70584	0	
4990.67302255625	70596	0	
4990.34502245251	70592	0	
4990.01702404838	70596	0	
4989.68902394464	70572	0	
4989.3610238409	70600	0	
4989.03302373716	70560	0	
4988.70502363342	70604	0	
4988.37702352968	70608	0	
4988.04902342594	70652	0	
4987.7210233222	70584	0	
4987.39302321846	70604	0	
4987.06502311472	70596	0	
4986.73702301098	70592	0	
4986.40902290724	70604	0	
4986.08102450312	70596	0	
4985.75302439938	70572	0	
4985.42502429564	70612	0	
4985.09702419189	70584	0	
4984.76902408815	70564	0	
4984.44102398441	70584	0	
4984.11302388067	70560	0	
4983.78502377693	70612	0	
4983.45702367319	70588	0	
4983.12902356945	70584	0	
4982.80102346571	70600	0	
4982.47302336197	70564	0	
4982.14502325823	70604	0	
4981.81702315449	70616	0	
4981.48902305075	70636	0	
4981.16102294701	70564	0	
4980.83302284327	70568	0	
4980.50502273953	70616	0	
4980.17702433541	70576	0	
4979.84902423167	70564	0	
4979.52102412793	70600	0	
4979.19302402419	70584	0	
4978.86502392045	70584	0	
4978.53702381671	70624	0	
4978.20902371297	70584	0	
4977.88102360923	70628	0	
4977.55302350549	70576	0	
4977.22502340175	70596	0	
4976.89702329801	70592	0	
4976.56902319427	70596	0	
4976.24102309053	70596	0	
4975.91302298679	70592	0	
4975.58502288305	70564	0	
4975.2570227793	70612	0	
4974.92902267556	70616	0	
4974.60102257182	70608	0	
4974.2730241677	70568	0	
4973.94502406396	70572	0	
4973.61702396022	70596	0	
4973.28902385648	70584	0	
4972.96102375274	70604	0	
4972.633023649	70596	0	
4972.30502354526	70592	0	
4971.97702344152	70572	0	
4971.64902333778	70592	0	
4971.32102323404	70600	0	
4970.9930231303	70592	0	
4970.66502302656	70560	0	
4970.33702292282	70628	0	
4970.00902281908	70604	0	
4969.68102271534	70580	0	
4969.3530226116	70596	0	
4969.02502250786	70628	0	
4968.69702240412	70596	0	
4968.36902399999	70608	0	
4968.04102389625	70588	0	
4967.71302379251	70580	0	
4967.38502368877	70600	0	
4967.05702358503	70604	0	
4966.72902348129	70596	0	
4966.40102337755	70572	0	
4966.07302327381	70584	0	
4965.74502317007	70620	0	
4965.41702306633	70568	0	
4965.08902296259	70588	0	
4964.76102285885	70564	0	
4964.43302275511	70584	0	
4964.10502265137	70580	0	
4963.77702254763	70584	0	
4963.44902244389	70600	0	
4963.12102234015	70616	0	
4962.79302223641	70584	0	
4962.46502383228	70564	0	
4962.13702372854	70588	0	
4961.8090236248	70580	0	
4961.48102522068	70580	0	
4961.15302511694	70568	0	
4960.8250250132	70568	0	
4960.49702490945	70612	0	
4960.16902480571	70612	0	
4959.84102470197	70556	0	
4959.51302459823	70576	0	
4959.18502449449	70596	0	
4958.85702439075	70568	0	
4958.52902428701	70592	0	
4958.20102418327	70640	0	
4957.87302407953	70616	0	
4957.54502397579	70580	0	
4957.21702387205	70568	0	
4956.88902376831	70596	0	
4956.56102536419	70604	0	
4956.23302526045	70576	0	
4955.90502515671	70576	0	
4955.57702505297	70604	0	
4955.24902494923	70576	0	
4954.92102484549	70592	0	
4954.59302474175	70596	0	
4954.26502463801	70612	0	
4953.93702453427	70596	0	
4953.60902443053	70640	0	
4953.28102432679	70528	0	
4952.95302422305	70636	0	
4952.62502411931	70604	0	
4952.29702401557	70572	0	
4951.96902391183	70596	0	
4951.64102380809	70584	0	
4951.31302370435	70600	0	
4950.98502360061	70556	0	
4950.65702519648	70588	0	
4950.32902509274	70532	0	
4950.001024989	70592	0	
4949.67302488526	70568	0	
4949.34502478152	70588	0	
4949.01702467778	70564	0	
4948.68902457404	70600	0	
4948.3610244703	70584	0	
4948.03302436656	70604	0	
4947.70502426282	70600	0	
4947.37702415908	70600	0	
4947.04902405534	70616	0	
4946.7210239516	70588	0	
4946.39302384786	70604	0	
4946.06502374412	70600	0	
4945.73702364038	70600	0	
4945.40902353664	70592	0	
4945.0810234329	70600	0	
4944.75302502877	70600	0	
4944.42502492503	70600	0	
4944.09702482129	70596	0	
4943.76902471755	70588	0	
4943.44102461381	70612	0	
4943.11302451007	70640	0	
4942.78502440633	70576	0	
4942.45702430259	70620	0	
4942.12902419885	70612	0	
4941.80102409511	70568	0	
4941.47302399137	70552	0	
4941.14502388763	70560	0	
4940.81702378389	70664	0	
4940.48902368015	70564	0	
4940.16102357641	70616	0	
4939.83302347267	70560	0	
4939.50502336893	70616	0	
4939.17702326519	70596	0	
4938.84902486106	70604	0	
4938.52102475732	70620	0	
4938.19302465358	70600	0	
4937.86502454984	70632	0	
4937.5370244461	70600	0	
4937.20902434236	70576	0	
4936.88102423862	70604	0	
4936.55302413488	70608	0	
4936.22502403114	70620	0	
4935.8970239274	70628	0	
4935.56902382366	70636	0	
4935.24102371992	70592	0	
4934.91302361618	70544	0	
4934.58502351244	70624	0	
4934.2570234087	70612	0	
4933.92902330496	70580	0	
4933.60102320122	70572	0	
4933.27302309748	70572	0	
4932.94502639297	70584	0	
4932.61702628923	70620	0	
4932.28902618549	70604	0	
4931.96102608175	70624	0	
4931.63302597801	70604	0	
4931.30502587427	70560	0	
4930.97702577053	70596	0	
4930.64902566679	70596	0	
4930.32102556305	70608	0	
4929.99302545931	70588	0	
4929.66502535557	70588	0	
4929.33702525183	70608	0	
4929.00902514809	70588	0	
4928.68102504435	70584	0	
4928.35302494061	70600	0	
4928.02502483687	70600	0	
4927.69702473313	70620	0	
4927.36902462939	70580	0	
4927.04102622526	70548	0	
4926.71302612152	70608	0	
4926.38502601778	70584	0	
4926.05702591404	70556	0	
4925.7290258103	70564	0	
4925.40102570656	70628	0	
4925.07302560282	70564	0	
4924.74502549908	70576	0	
4924.41702539534	70568	0	
4924.0890252916	70592	0	
4923.76102518786	70588	0	
4923.43302508412	70596	0	
4923.10502498038	70556	0	
4922.77702487664	70604	0	
4922.4490247729	70568	0	
4922.12102466916	70580	0	
4921.79302456542	70580	0	
4921.46502616129	70612	0	
4921.13702605755	70584	0	
4920.80902595381	70636	0	
4920.48102585007	70616	0	
4920.15302574633	70592	0	
4919.82502564259	70608	0	
4919.49702553885	70624	0	
4919.16902543511	70600	0	
4918.84102533137	70608	0	
4918.51302522763	70580	0	
4918.18502512389	70584	0	
4917.85702502015	70564	0	
4917.52902491641	70576	0	
4917.20102481267	70596	0	
4916.87302470893	70584	0	
4916.54502460519	70564	0	
4916.21702450145	70600	0	
4915.88902439771	70612	0	
4915.56102599358	70584	0	
4915.23302588984	70564	0	
4914.9050257861	70568	0	
4914.57702568236	70644	0	
4914.24902557862	70556	0	
4913.92102547488	70568	0	
4913.59302537114	70584	0	
4913.2650252674	70624	0	
4912.93702516366	70612	0	
4912.60902505992	70628	0	
4912.28102495618	70588	0	
4911.95302485244	70604	0	
4911.6250247487	70596	0	
4911.29702464496	70564	0	
4910.96902454122	70604	0	
4910.64102443748	70576	0	
4910.31302433374	70616	0	
4909.98502423	70584	0	
4909.65702582588	70596	0	
4909.32902572214	70572	0	
4909.0010256184	70568	0	
4908.67302551466	70600	0	
4908.34502541092	70572	0	
4908.01702530718	70536	0	
4907.68902520344	70560	0	
4907.3610250997	70548	0	
4907.03302499596	70612	0	
4906.70502489222	70624	0	
4906.37702478848	70596	0	
4906.04902468473	70576	0	
4905.72102458099	70588	0	
4905.39302447725	70576	0	
4905.06502437351	70576	0	
4904.73702426977	70608	0	
4904.40902586565	70636	0	
4904.08102576191	70640	0	
4903.75302735778	70568	0	
4903.42502725404	70608	0	
4903.0970271503	70620	0	
4902.76902704656	70612	0	
4902.44102694282	70608	0	
4902.11302683908	70616	0	
4901.78502673534	70576	0	
4901.4570266316	70608	0	
4901.12902652786	70576	0	
4900.80102642412	70584	0	
4900.47302632038	70616	0	
4900.14502621664	70628	0	
4899.8170261129	70564	0	
4899.48902600916	70616	0	
4899.16102590542	70616	0	
4898.83302580168	70620	0	
4898.50502569794	70588	0	
4898.1770255942	70604	0	
4897.84902719007	70580	0	
4897.52102708633	70584	0	
4897.19302698259	70588	0	
4896.86502687885	70616	0	
4896.53702677511	70588	0	
4896.20902667137	70580	0	
4895.88102656763	70592	0	
4895.22502636015	70584	0	
4894.56902615267	70576	0	
4893.91302594519	70596	0	
4893.25702573771	70548	0	
4892.60102553023	70592	0	
4891.94502702237	70612	0	
4891.28902681489	70624	0	
4890.6330266074	70572	0	
4889.97702639992	70588	0	
4889.32102619244	70612	0	
4888.66502598496	70576	0	
4888.00902577748	70596	0	
4887.35302557	70560	0	
4886.69702536252	70580	0	
4886.04102685466	70604	0	
4885.71302675092	70592	0	
4885.38502664718	70584	0	
4885.05702654344	70596	0	
4884.7290264397	70608	0	
4884.40102633596	70604	0	
4884.07302623222	70596	0	
4883.74502612848	70616	0	
4883.41702602474	70556	0	
4883.089025921	70624	0	
4881.77702550604	70568	0	
4881.12102529855	70588	0	
4880.46502509107	70620	0	
4879.80902658321	70612	0	
4878.16902606451	70620	0	
4877.51302585703	70592	0	
4876.85702564955	70608	0	
4876.20102544207	70584	0	
4875.5450269342	70616	0	
4874.88902672672	70580	0	
4874.23302821886	70636	0	
4873.57702801137	70584	0	
4872.92102780389	70608	0	
4872.26502759641	70608	0	
4871.60902738893	70600	0	
4870.95302718145	70576	0	
4870.29702697397	70572	0	
4869.64102676649	70580	0	
4868.98502655901	70588	0	
4868.32902805115	70560	0	
4867.67302784367	70604	0	
4867.01702763619	70580	0	
4866.36102742871	70596	0	
4865.70502722123	70584	0	
4864.39302680627	70600	0	
4864.06502670252	70588	0	
4863.73702659878	70592	0	
4863.40902649504	70596	0	
4863.0810263913	70604	0	
4862.75302628756	70612	0	
4862.42502788344	70620	0	
4862.0970277797	70580	0	
4861.76902767596	70624	0	
4861.44102757222	70588	0	
4861.11302746848	70604	0	
4860.78502736474	70620	0	
4860.457027261	70552	0	
4860.12902715726	70608	0	
4859.80102705352	70612	0	
4859.47302694978	70576	0	
4859.14502684604	70612	0	
4858.8170267423	70592	0	
4858.48902663856	70568	0	
4858.16102653482	70616	0	
4857.83302643108	70576	0	
4857.50502632734	70616	0	
4857.1770262236	70628	0	
4856.84902611986	70596	0	
4856.52102771573	70596	0	
4856.19302761199	70588	0	
4855.86502750825	70596	0	
4855.53702740451	70620	0	
4855.20902730077	70608	0	
4854.88102719703	70572	0	
4853.89702688581	70604	0	
4853.24102667833	70624	0	
4852.58502647085	70588	0	
4851.60102615963	70588	0	
4850.94502595215	70620	0	
4850.28902744428	70600	0	
4849.6330272368	70644	0	
4848.97702702932	70584	0	
4848.32102682184	70576	0	
4847.66502661436	70568	0	
4847.0090281065	70616	0	
4846.35302789901	70628	0	
4845.69702769153	70548	0	
4845.04102748405	70568	0	
4844.38502897619	70604	0	
4843.72902876871	70608	0	
4843.07302856123	70600	0	
4842.41702835375	70552	0	
4841.76102814627	70596	0	
4841.10502793879	70572	0	
4840.44902773131	70596	0	
4839.79302752383	70584	0	
4839.13702731635	70588	0	
4838.48102880848	70580	0	
4837.825028601	70576	0	
4837.16902839352	70592	0	
4836.51302818604	70616	0	
4835.85702797856	70576	0	
4835.20102777108	70568	0	
4834.5450275636	70580	0	
4833.88902735612	70644	0	
4833.23302714864	70568	0	
4832.57702864077	70604	0	
4831.92102843329	70604	0	
4831.26502822581	70608	0	
4830.60902801833	70576	0	
4829.95302781085	70616	0	
4829.29702760337	70580	0	
4828.64102739589	70588	0	
4827.98502718841	70572	0	
4827.32902698093	70604	0	
4826.67302847306	70596	0	
4826.01702826558	70580	0	
4825.3610280581	70612	0	
4824.70502785062	70608	0	
4824.04902764314	70584	0	
4823.39302743566	70624	0	
4822.73702722818	70616	0	
4822.0810270207	70616	0	
4821.42502681322	70612	0	
4820.76902830535	70600	0	
4820.11302809787	70588	0	
4819.45702789039	70592	0	
4818.80102938253	70588	0	
4818.14502917505	70608	0	
4817.48902896757	70632	0	
4816.83302876009	70588	0	
4816.17702855261	70628	0	
4815.52102834513	70564	0	
4814.86502983726	70568	0	
4814.20902962978	70616	0	
4813.5530294223	70628	0	
4812.89702921482	70620	0	
4812.24102900734	70616	0	
4811.25702869612	70596	0	
4810.60102848864	70604	0	
4809.61702817742	70596	0	
4808.96102966955	70572	0	
4808.30502946207	70576	0	
4807.97702935833	70604	0	
4807.64902925459	70588	0	
4807.32102915085	70620	0	
4806.99302904711	70604	0	
4806.66502894337	70616	0	
4806.33702883963	70600	0	
4806.00902873589	70564	0	
4805.68102863215	70580	0	
4805.35302852841	70600	0	
4805.02502842467	70588	0	
4804.69702832093	70568	0	
4804.36902821719	70584	0	
4804.04102811345	70568	0	
4803.71302970932	70552	0	
4803.38502960558	70612	0	
4803.05702950184	70632	0	
4802.7290293981	70596	0	
4802.40102929436	70604	0	
4802.07302919062	70568	0	
4801.74502908688	70596	0	
4801.41702898314	70628	0	
4801.0890288794	70576	0	
4800.76102877566	70576	0	
4800.43302867192	70604	0	
4800.10502856818	70600	0	
4799.77702846444	70628	0	
4799.4490283607	70596	0	
4799.12102825696	70576	0	
4798.79302815322	70580	0	
4798.46502804948	70632	0	
4798.13702794574	70584	0	
4797.80902954162	70612	0	
4797.48102943788	70532	0	
4797.15302933414	70604	0	
4796.8250292304	70532	0	
4796.49702912666	70572	0	
4796.16902902292	70568	0	
4795.84102891918	70600	0	
4795.51302881544	70580	0	
4795.18502871169	70648	0	
4794.85702860795	70592	0	
4794.52902850421	70636	0	
4794.20102840047	70612	0	
4793.87302829673	70612	0	
4793.54502819299	70588	0	
4793.21702808925	70600	0	
4792.88902798551	70600	0	
4792.56102788177	70592	0	
4792.23302777803	70584	0	
4791.90502937391	70572	0	
4791.57702927017	70576	0	
4791.24902916643	70628	0	
4790.92102906269	70576	0	
4790.59302895895	70580	0	
4790.26503055482	70600	0	
4789.93703045108	70612	0	
4789.60903034734	70584	0	
4789.2810302436	70588	0	
4788.95303013986	70576	0	
4788.62503003612	70596	0	
4788.29702993238	70564	0	
4787.96902982864	70576	0	
4787.6410297249	70608	0	
4787.31302962116	70580	0	
4786.98502951742	70600	0	
4786.65702941368	70596	0	
4786.32902930994	70588	0	
4786.00103090581	70608	0	
4785.67303080207	70596	0	
4785.34503069833	70616	0	
4785.01703059459	70612	0	
4784.68903049085	70616	0	
4784.36103038711	70600	0	
4784.03303028337	70600	0	
4783.70503017963	70616	0	
4783.37703007589	70604	0	
4783.04902997215	70608	0	
4782.72102986841	70576	0	
4782.39302976467	70560	0	
4782.06502966093	70588	0	
4781.73702955719	70584	0	
4781.40902945345	70612	0	
4781.08102934971	70608	0	
4780.75302924597	70588	0	
4780.42502914223	70588	0	
4780.09703073811	70604	0	
4779.76903063437	70588	0	
4779.44103053063	70592	0	
4779.11303042689	70604	0	
4778.78503032315	70584	0	
4778.45703021941	70632	0	
4778.12903011567	70608	0	
4777.80103001192	70596	0	
4777.47302990818	70604	0	
4777.14502980444	70588	0	
4776.8170297007	70600	0	
4776.48902959696	70604	0	
4776.16102949322	70584	0	
4775.83302938948	70612	0	
4775.50502928574	70564	0	
4775.177029182	70608	0	
4774.84902907826	70620	0	
4774.52102897452	70576	0	
4774.1930305704	70600	0	
4773.86503046666	70588	0	
4773.53703036292	70616	0	
4773.20903025918	70616	0	
4772.88103015544	70616	0	
4772.5530300517	70568	0	
4772.22502994796	70588	0	
4771.89702984422	70600	0	
4771.56902974048	70604	0	
4771.24102963674	70588	0	
4770.913029533	70588	0	
4770.58502942926	70620	0	
4770.25702932552	70580	0	
4769.92902922178	70592	0	
4769.60102911804	70612	0	
4769.2730290143	70592	0	
4768.94502891056	70604	0	
4768.61702880682	70596	0	
4768.28903040269	70596	0	
4767.96103029895	70620	0	
4767.63303019521	70648	0	
4767.30503009147	70576	0	
4766.97702998773	70620	0	
4766.64902988399	70604	0	
4766.32102978025	70588	0	
4765.99302967651	70576	0	
4765.66502957277	70596	0	
4765.33702946903	70576	0	
4765.00902936529	70580	0	
4764.68102926155	70596	0	
4764.35302915781	70580	0	
4764.02502905407	70604	0	
4763.69702895033	70608	0	
4763.36902884659	70572	0	
4763.04102874285	70552	0	
4762.71302863911	70568	0	
4762.38503023498	70556	0	
4762.05703013124	70592	0	
4761.72903172712	70568	0	
4761.40103162338	70596	0	
4761.07303151964	70556	0	
4760.7450314159	70576	0	
4760.41703131215	70628	0	
4760.08903120841	70588	0	
4759.76103110467	70608	0	
4759.43303100093	70592	0	
4759.10503089719	70572	0	
4758.77703079345	70592	0	
4758.44903068971	70588	0	
4758.12103058597	70548	0	
4757.79303048223	70604	0	
4757.46503037849	70584	0	
4757.13703027475	70588	0	
4756.80903017101	70564	0	
4756.48103176689	70580	0	
4756.15303166315	70592	0	
4755.82503155941	70612	0	
4755.49703145567	70592	0	
4755.16903135193	70592	0	
4754.84103124819	70632	0	
4754.51303114445	70572	0	
4754.18503104071	70580	0	
4753.85703093697	70584	0	
4753.52903083323	70560	0	
4753.20103072949	70624	0	
4752.87303062575	70604	0	
4752.54503052201	70576	0	
4752.21703041827	70596	0	
4751.88903031452	70604	0	
4751.56103021078	70604	0	
4751.23303010704	70612	0	
4750.9050300033	70596	0	
4750.57703159918	70596	0	
4750.24903149544	70584	0	
4749.9210313917	70620	0	
4749.59303128796	70580	0	
4749.26503118422	70612	0	
4748.93703108048	70596	0	
4748.60903097674	70644	0	
4748.281030873	70592	0	
4747.95303076926	70600	0	
4747.62503066552	70600	0	
4747.29703056178	70572	0	
4746.96903045804	70584	0	
4746.6410303543	70616	0	
4746.31303025056	70592	0	
4745.98503014682	70600	0	
4745.65703004308	70608	0	
4745.32902993934	70588	0	
4745.0010298356	70576	0	
4744.67303143147	70552	0	
4744.34503132773	70576	0	
4744.01703122399	70620	0	
4743.68903112025	70608	0	
4743.36103101651	70584	0	
4743.03303091277	70608	0	
4742.70503080903	70604	0	
4742.37703070529	70576	0	
4742.04903060155	70596	0	
4741.72103049781	70588	0	
4741.39303039407	70584	0	
4741.06503029033	70580	0	
4740.73703018659	70580	0	
4740.40903008285	70584	0	
4740.08102997911	70588	0	
4739.75302987537	70600	0	
4739.42502977163	70564	0	
4739.09702966789	70616	0	
4738.76903126376	70600	0	
4738.44103116002	70596	0	
4738.11303105628	70596	0	
4737.78503095254	70620	0	
4737.4570308488	70604	0	
4737.12903074506	70604	0	
4736.80103064132	70600	0	
4736.47303053758	70584	0	
4736.14503043384	70584	0	
4735.8170303301	70584	0	
4735.48903022636	70596	0	
4735.16103012262	70608	0	
4734.83303001888	70584	0	
4734.50502991514	70564	0	
4734.1770298114	70588	0	
4733.84902970766	70584	0	
4733.52102960392	70600	0	
4733.19303119979	70580	0	
4732.86503279567	70612	0	
4732.53703269193	70576	0	
4732.20903258819	70624	0	
4731.88103248445	70636	0	
4731.55303238071	70592	0	
4731.22503227697	70596	0	
4730.89703217323	70624	0	
4730.56903206949	70600	0	
4730.24103196575	70604	0	
4729.91303186201	70616	0	
4729.58503175827	70560	0	
4729.25703165453	70616	0	
4728.92903155079	70604	0	
4728.60103144705	70576	0	
4728.27303134331	70596	0	
4727.94503123957	70608	0	
4727.61703113583	70568	0	
4727.28903103209	70568	0	
4726.96103262796	70632	0	
4726.63303252422	70580	0	
4726.30503242048	70564	0	
4725.97703231674	70604	0	
4725.649032213	70600	0	
4725.32103210926	70608	0	
4724.99303200552	70608	0	
4724.66503190178	70572	0	
4724.33703179804	70584	0	
4724.0090316943	70596	0	
4723.68103159056	70608	0	
4723.35303148682	70604	0	
4723.02503138308	70616	0	
4722.69703127934	70580	0	
4722.3690311756	70592	0	
4722.04103107186	70572	0	
4721.71303096812	70580	0	
4721.38503086438	70568	0	
4721.05703246025	70612	0	
4720.72903235651	70588	0	
4720.40103225277	70604	0	
4720.07303214903	70596	0	
4719.74503204529	70564	0	
4719.41703194155	70620	0	
4719.08903183781	70616	0	
4718.76103173407	70616	0	
4718.43303163033	70576	0	
4718.10503152659	70596	0	
4717.77703142285	70584	0	
4717.44903131911	70596	0	
4717.12103121537	70576	0	
4716.79303111163	70600	0	
4716.46503100789	70624	0	
4716.13703090415	70576	0	
4715.80903080041	70616	0	
4715.48103069667	70612	0	
4715.15303229254	70592	0	
4714.8250321888	70576	0	
4714.49703208506	70608	0	
4714.16903198132	70620	0	
4713.84103187758	70648	0	
4713.51303177384	70572	0	
4713.1850316701	70568	0	
4712.85703156636	70624	0	
4712.52903146262	70616	0	
4712.20103135888	70592	0	
4711.87303125514	70572	0	
4711.5450311514	70556	0	
4711.21703104766	70608	0	
4710.88903094392	70576	0	
4710.56103084018	70608	0	
4710.23303073644	70596	0	
4709.9050306327	70592	0	
4709.57703052896	70584	0	
4709.24903212484	70584	0	
4708.9210320211	70604	0	
4708.59303191735	70596	0	
4708.26503181361	70600	0	
4707.93703170987	70620	0	
4707.60903160613	70636	0	
4707.28103150239	70588	0	
4706.95303139865	70616	0	
4706.62503129491	70608	0	
4706.29703119117	70588	0	
4705.96903108743	70640	0	
4705.64103098369	70588	0	
4705.31303087995	70628	0	
4704.98503077621	70592	0	
4704.65703237209	70588	0	
4704.32903226835	70564	0	
4704.00103216461	70612	0	
4703.67303206087	70556	0	
4703.34503365674	70612	0	
4703.017033553	70600	0	
4702.68903344926	70544	0	
4702.36103334552	70604	0	
4702.03303324178	70632	0	
4701.70503313804	70624	0	
4701.3770330343	70604	0	
4701.04903293056	70588	0	
4700.72103282682	70612	0	
4700.39303272308	70584	0	
4700.06503261934	70580	0	
4699.7370325156	70604	0	
4699.40903241186	70568	0	
4699.08103230812	70572	0	
4698.75303220438	70628	0	
4698.42503210064	70584	0	
4698.0970319969	70576	0	
4697.76903189316	70608	0	
4697.44103348903	70612	0	
4697.11303338529	70572	0	
4696.78503328155	70616	0	
4696.45703317781	70580	0	
4696.12903307407	70580	0	
4695.80103297033	70604	0	
4695.47303286659	70584	0	
4695.14503276285	70548	0	
4694.81703265911	70612	0	
4694.48903255537	70612	0	
4694.16103245163	70596	0	
4693.83303234789	70588	0	
4693.50503224415	70592	0	
4693.17703214041	70608	0	
4692.84903203667	70580	0	
4692.52103193293	70612	0	
4692.19303182919	70616	0	
4691.86503172545	70616	0	
4691.53703332133	70588	0	
4691.20903321758	70584	0	
4690.88103311384	70572	0	
4690.5530330101	70580	0	
4690.22503290636	70604	0	
4689.89703280262	70596	0	
4689.56903269888	70564	0	
4689.24103259514	70600	0	
4688.9130324914	70592	0	
4688.58503238766	70580	0	
4688.25703228392	70600	0	
4687.92903218018	70592	0	
4687.60103207644	70612	0	
4687.2730319727	70616	0	
4686.94503186896	70580	0	
4686.61703176522	70584	0	
4686.28903166148	70580	0	
4685.96103155774	70612	0	
4685.63303315362	70592	0	
4685.30503304988	70596	0	
4684.97703294614	70600	0	
4684.6490328424	70596	0	
4684.32103273866	70620	0	
4683.99303263492	70588	0	
4683.66503253118	70632	0	
4683.33703242744	70620	0	
4683.0090323237	70600	0	
4682.68103221996	70604	0	
4682.35303211621	70632	0	
4682.02503201247	70588	0	
4681.69703190873	70580	0	
4681.36903180499	70616	0	
4681.04103170125	70612	0	
4680.71303159751	70572	0	
4680.38503149377	70604	0	
4680.05703308965	70576	0	
4679.72903298591	70588	0	
4679.40103288217	70568	0	
4679.07303277843	70556	0	
4678.74503267469	70588	0	
4678.41703257095	70540	0	
4678.08903246721	70596	0	
4677.76103236347	70628	0	
4677.43303225973	70588	0	
4677.10503215599	70588	0	
4676.77703205225	70584	0	
4676.44903194851	70596	0	
4676.12103354438	70568	0	
4675.79303344064	70596	0	
4675.4650333369	70600	0	
4675.13703323316	70616	0	
4674.80903312942	70560	0	
4674.48103302568	70608	0	
4674.15303462155	70572	0	
4673.82503451781	70576	0	
4673.49703441407	70592	0	
4673.16903431033	70580	0	
4672.84103420659	70576	0	
4672.51303410285	70540	0	
4672.18503399911	70644	0	
4671.85703389537	70604	0	
4671.52903379163	70572	0	
4671.20103368789	70568	0	
4670.87303358415	70588	0	
4670.54503348041	70592	0	
4670.21703337667	70592	0	
4669.88903327293	70600	0	
4669.56103316919	70624	0	
4669.23303306545	70616	0	
4668.90503296171	70608	0	
4668.57703285797	70644	0	
4668.24903445385	70568	0	
4667.92103435011	70596	0	
4667.59303424637	70608	0	
4667.26503414263	70584	0	
4666.93703403889	70580	0	
4666.60903393514	70560	0	
4666.2810338314	70580	0	
4665.95303372766	70624	0	
4665.62503362392	70568	0	
4665.29703352018	70596	0	
4664.96903341644	70596	0	
4664.6410333127	70612	0	
4664.31303320896	70572	0	
4663.98503310522	70608	0	
4663.65703300148	70620	0	
4663.32903289774	70620	0	
4663.001032794	70580	0	
4662.34503428614	70608	0	
4662.0170341824	70592	0	
4661.68903407866	70596	0	
4661.36103397492	70576	0	
4661.03303387118	70612	0	
4660.70503376744	70580	0	
4660.3770336637	70588	0	
4660.04903355996	70628	0	
4659.72103345622	70580	0	
4659.39303335248	70616	0	
4659.06503324874	70580	0	
4658.737033145	70612	0	
4658.08103293752	70620	0	
4654.14503339225	70596	0	
4653.81703328851	70604	0	
4653.48903318477	70616	0	
4653.16103308103	70612	0	
4652.83303297729	70596	0	
4652.50503287355	70576	0	
4652.17703276981	70588	0	
4651.84903266607	70616	0	
4651.52103256233	70572	0	
4651.19303245859	70584	0	
4650.86503235485	70612	0	
4650.53703395072	70576	0	
4650.20903384698	70604	0	
4649.88103374324	70596	0	
4649.5530336395	70596	0	
4649.22503353576	70624	0	
4648.89703343202	70596	0	
4648.56903332828	70612	0	
4648.24103322454	70612	0	
4647.9130331208	70604	0	
4647.58503471667	70604	0	
4647.25703461293	70584	0	
4646.92903450919	70588	0	
4646.60103440545	70608	0	
4646.27303430171	70600	0	
4645.94503419797	70648	0	
4645.61703409423	70560	0	
4645.28903399049	70564	0	
4644.96103388675	70612	0	
4644.63303548263	70584	0	
4644.30503537889	70640	0	
4643.97703527515	70588	0	
4643.64903517141	70588	0	
4643.32103506767	70600	0	
4642.99303496393	70640	0	
4642.66503486019	70592	0	
4642.33703475645	70616	0	
4642.00903465271	70592	0	
4641.68103454897	70592	0	
4641.35303444523	70588	0	
4641.02503434149	70564	0	
4640.69703423775	70556	0	
4640.36903413401	70600	0	
4640.04103403027	70564	0	
4639.71303392653	70568	0	
4639.38503382278	70644	0	
4639.05703371904	70584	0	
4638.72903531492	70596	0	
4638.40103521118	70624	0	
4638.07303510744	70584	0	
4637.7450350037	70560	0	
4637.41703489996	70560	0	
4637.08903479622	70612	0	
4636.76103469248	70612	0	
4636.43303458874	70604	0	
4636.105034485	70608	0	
4635.77703438126	70596	0	
4635.44903427752	70580	0	
4635.12103417378	70580	0	
4634.79303407004	70588	0	
4634.4650339663	70596	0	
4634.13703386256	70604	0	
4633.80903375882	70540	0	
4633.48103365508	70612	0	
4633.15303355134	70600	0	
4632.82503514721	70608	0	
4632.49703504347	70568	0	
4632.16903493973	70608	0	
4631.84103483599	70604	0	
4631.51303473225	70560	0	
4631.18503462851	70536	0	
4630.85703452477	70592	0	
4630.52903442103	70564	0	
4630.20103431729	70580	0	
4629.87303421355	70608	0	
4629.54503410981	70624	0	
4629.21703400607	70604	0	
4628.88903390233	70624	0	
4628.56103379859	70628	0	
4628.23303369485	70580	0	
4627.90503359111	70600	0	
4627.57703348737	70580	0	
4627.24903338363	70584	0	
4626.9210349795	70576	0	
4626.59303487576	70588	0	
4626.26503477202	70552	0	
4625.93703466828	70604	0	
4625.60903456454	70564	0	
4625.2810344608	70632	0	
4624.95303435706	70600	0	
4624.62503425332	70608	0	
4624.29703414958	70556	0	
4623.96903404584	70604	0	
4623.6410339421	70600	0	
4623.31303383836	70580	0	
4622.98503373462	70576	0	
4622.65703363088	70592	0	
4622.32903352714	70596	0	
4622.0010334234	70580	0	
4621.67303331966	70576	0	
4621.34503321592	70608	0	
4621.01703481179	70596	0	
4620.68903470805	70640	0	
4620.36103460431	70576	0	
4620.03303450057	70584	0	
4619.70503439683	70556	0	
4619.37703599271	70584	0	
4619.04903588897	70568	0	
4618.72103578523	70616	0	
4618.39303568149	70568	0	
4618.06503557775	70616	0	
4617.73703547401	70584	0	
4617.40903537027	70592	0	
4617.08103526653	70652	0	
4616.75303516279	70592	0	
4616.42503505905	70632	0	
4616.09703495531	70576	0	
4615.76903485157	70600	0	
4615.44103474783	70588	0	
4615.1130363437	70596	0	
4614.78503623996	70580	0	
4614.45703613622	70588	0	
4614.12903603248	70616	0	
4613.80103592874	70608	0	
4613.473035825	70620	0	
4613.14503572126	70576	0	
4612.81703561752	70576	0	
4612.48903551378	70576	0	
4612.16103541004	70596	0	
4611.8330353063	70612	0	
4611.50503520256	70576	0	
4611.17703509882	70596	0	
4610.84903499508	70628	0	
4610.52103489134	70600	0	
4610.1930347876	70612	0	
4609.86503468386	70612	0	
4609.53703458012	70608	0	
4609.20903617599	70636	0	
4608.88103607225	70620	0	
4608.55303596851	70544	0	
4608.22503586477	70568	0	
4607.89703576103	70544	0	
4607.56903565729	70552	0	
4607.24103555355	70584	0	
4606.91303544981	70568	0	
4606.58503534607	70608	0	
4606.25703524233	70596	0	
4605.92903513859	70580	0	
4605.60103503485	70588	0	
4605.27303493111	70588	0	
4604.94503482737	70584	0	
4604.61703472363	70572	0	
4604.28903461989	70596	0	
4603.96103451615	70576	0	
4603.63303441241	70548	0	
4603.30503600828	70580	0	
4602.97703590454	70560	0	
4602.6490358008	70584	0	
4602.32103569706	70580	0	
4601.99303559332	70572	0	
4601.66503548958	70624	0	
4601.33703538584	70592	0	
4601.0090352821	70576	0	
4600.68103517836	70580	0	
4598.38503445218	70564	0	
4597.7290342447	70540	0	
4597.07303573683	70604	0	
4596.41703552935	70628	0	
4595.76103532187	70596	0	
4595.10503511439	70576	0	
4594.44903490691	70644	0	
4594.12103480317	70628	0	
4593.79303469943	70620	0	
4593.13703449195	70576	0	
4592.80903438821	70608	0	
4592.48103428447	70624	0	
4592.15303418073	70572	0	
4591.82503407699	70580	0	
4591.49703567287	70596	0	
4591.16903556913	70536	0	
4590.841037165	70624	0	
4590.51303706126	70580	0	
4590.18503695752	70580	0	
4589.85703685378	70628	0	
4589.52903675004	70604	0	
4589.2010366463	70608	0	
4588.87303654256	70592	0	
4588.54503643882	70624	0	
4588.21703633508	70616	0	
4587.88903623134	70616	0	
4587.5610361276	70596	0	
4587.23303602386	70560	0	
4586.90503592012	70588	0	
4586.57703581638	70588	0	
4586.24903571264	70604	0	
4585.9210356089	70616	0	
4585.59303720477	70604	0	
4585.26503710103	70580	0	
4584.93703699729	70600	0	
4584.60903689355	70628	0	
4584.28103678981	70612	0	
4583.95303668607	70620	0	
4583.62503658233	70616	0	
4583.29703647859	70616	0	
4582.96903637485	70600	0	
4582.64103627111	70560	0	
4582.31303616737	70592	0	
4581.98503606363	70580	0	
4581.65703595989	70560	0	
4581.32903585615	70564	0	
4581.00103575241	70624	0	
4580.67303564867	70612	0	
4580.34503554493	70588	0	
4580.01703544119	70568	0	
4579.68903703706	70592	0	
4579.36103693332	70580	0	
4579.03303682958	70604	0	
4578.70503672584	70592	0	
4578.3770366221	70596	0	
4578.04903651836	70620	0	
4577.72103641462	70572	0	
4577.39303631088	70608	0	
4577.06503620714	70580	0	
4576.7370361034	70588	0	
4576.40903599966	70600	0	
4576.08103589592	70584	0	
4575.75303579218	70564	0	
4575.42503568844	70560	0	
4575.0970355847	70580	0	
4574.76903548096	70580	0	
4574.44103537722	70604	0	
4574.11303527348	70628	0	
4573.78503686936	70580	0	
4573.45703676562	70604	0	
4573.12903666188	70620	0	
4572.80103655814	70600	0	
4572.4730364544	70604	0	
4572.14503635066	70576	0	
4571.81703624692	70584	0	
4571.48903614318	70568	0	
4571.16103603944	70596	0	
4570.8330359357	70608	0	
4570.50503583196	70584	0	
4570.17703572821	70584	0	
4569.84903562447	70568	0	
4569.52103552073	70604	0	
4569.19303541699	70604	0	
4568.86503531325	70580	0	
4568.53703520951	70580	0	
4568.20903510577	70588	0	
4567.88103670165	70572	0	
4567.55303659791	70596	0	
4567.22503649417	70632	0	
4566.89703639043	70636	0	
4566.56903628669	70576	0	
4566.24103618295	70548	0	
4565.91303607921	70588	0	
4565.58503597547	70604	0	
4565.25703587173	70588	0	
4564.92903576799	70596	0	
4564.60103566425	70600	0	
4564.27303556051	70600	0	
4563.94503545677	70592	0	
4563.61703535303	70628	0	
4563.28903524929	70588	0	
4562.96103514555	70588	0	
4562.63303504181	70584	0	
4562.30503833729	70580	0	
4561.97703823355	70568	0	
4561.64903812981	70576	0	
4561.32103802607	70604	0	
4560.99303792233	70612	0	
4560.66503781859	70592	0	
4560.33703771485	70592	0	
4560.00903761111	70576	0	
4559.68103750737	70584	0	
4559.35303740363	70588	0	
4559.02503729989	70608	0	
4558.69703719615	70576	0	
4558.36903709241	70592	0	
4558.04103698867	70568	0	
4557.71303688493	70560	0	
4557.38503678119	70604	0	
4557.05703667745	70604	0	
4556.72903657371	70632	0	
4556.40103816959	70616	0	
4556.07303806585	70616	0	
4555.74503796211	70556	0	
4555.41703785837	70576	0	
4555.08903775463	70612	0	
4554.76103765089	70568	0	
4554.43303754715	70604	0	
4554.10503744341	70580	0	
4553.77703733967	70608	0	
4553.44903723593	70592	0	
4553.12103713218	70588	0	
4552.79303702844	70600	0	
4552.4650369247	70596	0	
4552.13703682096	70632	0	
4551.80903671722	70600	0	
4551.48103661348	70616	0	
4551.15303650974	70584	0	
4550.825036406	70632	0	
4550.49703800188	70600	0	
4550.16903789814	70604	0	
4549.8410377944	70604	0	
4549.51303769066	70600	0	
4549.18503758692	70596	0	
4548.85703748318	70632	0	
4548.52903737944	70624	0	
4548.2010372757	70620	0	
4547.87303717196	70604	0	
4547.54503706822	70584	0	
4547.21703696448	70620	0	
4546.88903686074	70592	0	
4546.561036757	70564	0	
4546.23303665326	70628	0	
4545.90503654952	70588	0	
4545.57703644578	70596	0	
4545.24903634204	70600	0	
4544.9210362383	70564	0	
4544.59303783417	70608	0	
4544.26503773043	70548	0	
4543.93703762669	70588	0	
4543.60903752295	70556	0	
4543.28103741921	70596	0	
4542.95303731547	70568	0	
4542.62503721173	70632	0	
4542.29703710799	70588	0	
4541.96903700425	70648	0	
4541.64103690051	70644	0	
4541.31303679677	70608	0	
4540.98503669303	70628	0	
4540.65703658929	70612	0	
4540.32903648555	70588	0	
4540.00103638181	70616	0	
4539.67303627807	70580	0	
4539.34503617433	70612	0	
4539.01703607059	70604	0	
4538.68903766646	70576	0	
4538.36103756272	70580	0	
4538.03303745898	70616	0	
4537.70503735524	70620	0	
4537.3770372515	70596	0	
4537.04903714776	70576	0	
4536.72103704402	70576	0	
4536.39303694028	70568	0	
4536.06503683654	70604	0	
4535.7370367328	70612	0	
4535.40903662906	70584	0	
4535.08103652532	70632	0	
4534.75303642158	70620	0	
4534.42503631784	70616	0	
4534.0970362141	70608	0	
4533.76903780997	70600	0	
4533.44103770623	70560	0	
4533.11303760249	70572	0	
4532.78503919837	70568	0	
4532.45703909463	70604	0	
4532.12903899089	70644	0	
4531.80103888715	70592	0	
4531.47303878341	70608	0	
4531.14503867967	70604	0	
4530.81703857593	70600	0	
4530.48903847219	70604	0	
4530.16103836845	70640	0	
4529.83303826471	70588	0	
4529.50503816097	70608	0	
4529.17703805723	70584	0	
4528.84903795349	70596	0	
4528.52103784975	70616	0	
4528.193037746	70572	0	
4527.86503764226	70572	0	
4527.53703753852	70596	0	
4527.20903743478	70592	0	
4526.88103903066	70592	0	
4526.55303892692	70608	0	
4526.22503882318	70604	0	
4525.89703871944	70600	0	
4525.5690386157	70588	0	
4525.24103851196	70608	0	
4524.91303840822	70600	0	
4524.58503830448	70580	0	
4524.25703820074	70580	0	
4523.929038097	70572	0	
4523.60103799326	70612	0	
4523.27303788952	70592	0	
4522.94503778578	70604	0	
4522.61703768204	70592	0	
4522.2890375783	70576	0	
4521.96103747456	70576	0	
4521.63303737082	70628	0	
4521.30503726708	70584	0	
4520.97703886295	70612	0	
4520.64903875921	70600	0	
4520.32103865547	70612	0	
4519.99303855173	70584	0	
4519.66503844799	70564	0	
4519.33703834425	70592	0	
4519.00903824051	70592	0	
4518.68103813677	70612	0	
4517.69703782555	70608	0	
4517.04103761807	70604	0	
4516.05703730685	70600	0	
4514.08903838402	70620	0	
4513.76103828028	70608	0	
4513.43303817654	70580	0	
4513.1050380728	70632	0	
4512.77703796906	70592	0	
4512.44903786532	70608	0	
4512.12103776158	70576	0	
4511.79303765784	70612	0	
4511.4650375541	70604	0	
4511.13703745036	70596	0	
4510.80903734662	70572	0	
4510.48103724288	70576	0	
4510.15303713914	70604	0	
