SiN%SampleName
Probe2%ProbeName
5000%MaxDepth
0.25%step_size_nm
40%StiffnessPRC_nN_per_nm
32%PRC_ADCValue_per_nm
2000%TriggerForce_nN
104%LoopDelay_uS
4096%NumberOfSamplingPoints
%
%
%
%
%
%
%
%
%
%
%
5000%XL
5000%YL

606.724118874009	78028	0	
606.80201390603	78000	0	
606.879914036894	78012	0	
606.957819266602	78032	0	
607.035727895538	78028	0	
607.113643322933	78016	0	
607.191563849171	78000	0	
607.269487774638	78048	0	
607.347418498564	77984	0	
607.425352621718	78036	0	
607.50329354333	78080	0	
607.581237864171	78060	0	
607.65918898347	78064	0	
607.737143501998	78072	0	
607.81510311937	78044	0	
607.893067835585	78056	0	
607.971037650643	78028	0	
608.04901426416	78048	0	
608.126994276906	78024	0	
608.20497768888	78036	0	
608.282967899313	78000	0	
608.360963208589	78048	0	
608.438963616708	78028	0	
608.516969123671	78028	0	
608.594978029863	78048	0	
608.672993734513	78044	0	
608.751012838392	78008	0	
608.829038740729	78052	0	
608.907068042295	78056	0	
608.985104142319	78020	0	
609.063143641572	77976	0	
609.141188239669	78024	0	
609.219237936609	78004	0	
609.297292732392	78076	0	
609.375352627019	78012	0	
609.453417620489	78052	0	
609.531487712803	78012	0	
609.609562903961	78032	0	
609.687643193962	78032	0	
609.765728582806	78008	0	
609.843819070494	78060	0	
609.921912957411	78040	0	
610.000013642786	78032	0	
610.078117727389	78008	0	
610.156228610451	78028	0	
610.234342892742	78044	0	
610.312463973491	78012	0	
610.390588453469	78012	0	
610.46871803229	78040	0	
610.546852709955	78020	0	
610.624994186078	78032	0	
610.703139061429	78040	0	
610.781289035625	78036	0	
610.859444108664	78012	0	
610.937604280546	78000	0	
611.015767851657	78092	0	
611.093938221226	78028	0	
611.172113689639	78072	0	
611.250294256895	78020	0	
611.32847822338	78052	0	
611.406668988324	78044	0	
611.484863152496	78024	0	
611.563064115126	78008	0	
611.641268476985	78024	0	
611.719477937688	78020	0	
611.797694196849	78036	0	
611.875913855238	77992	0	
611.954138612471	78028	0	
612.032368468548	78052	0	
612.110603423468	78056	0	
612.188843477232	78036	0	
612.267088629839	77996	0	
612.34533888129	78036	0	
612.423594231584	78028	0	
612.501852981107	78048	0	
612.580118529088	78032	0	
612.658389175912	78036	0	
612.736663221966	78040	0	
612.814944066478	78032	0	
612.893228310218	78024	0	
612.971517652802	78064	0	
613.049813793844	78068	0	
613.128113334115	78064	0	
613.20641797323	78068	0	
613.284727711188	78056	0	
613.363044247604	78032	0	
613.441364183249	78052	0	
613.519689217737	78052	0	
613.598017651455	78020	0	
613.67635288363	78016	0	
613.754693214649	78032	0	
613.833038644512	78008	0	
613.911389173218	78028	0	
613.989743101153	78016	0	
614.068103827546	78060	0	
614.146467953167	78060	0	
614.224838877247	78032	0	
614.303213200556	78016	0	
614.381592622709	78044	0	
614.459978843319	78020	0	
614.538368463158	78064	0	
614.616763181841	78012	0	
614.695162999368	77972	0	
614.773567915738	78040	0	
614.851977930951	78052	0	
614.930393045008	78016	0	
615.008813257908	78016	0	
615.087238569652	78060	0	
615.165668980239	78008	0	
615.244102790056	78004	0	
615.32254339833	78032	0	
615.400989105448	78036	0	
615.479438211794	78024	0	
615.557894116599	78024	0	
615.636353420633	78028	0	
615.71481782351	77996	0	
615.793289024845	78024	0	
615.87176362541	78036	0	
615.950243324817	78024	0	
616.028728123069	78068	0	
616.107218020163	78040	0	
616.185713016102	77988	0	
616.264213110883	78016	0	
616.342718304508	78036	0	
616.421228596977	78056	0	
616.499743988289	78040	0	
616.578262778831	78048	0	
616.65678836783	78060	0	
616.735319055672	78044	0	
616.813853142744	78052	0	
616.892394028274	78020	0	
616.970938313032	78032	0	
617.049487696634	78048	0	
617.128043878694	78048	0	
617.206603459984	78040	0	
617.285168140116	78000	0	
617.363737919092	78032	0	
617.442312796912	78024	0	
617.520892773575	78048	0	
617.599477849082	78056	0	
617.678068023431	78036	0	
617.756663296625	78032	0	
617.835263668662	78036	0	
617.913869139543	78044	0	
617.992478009652	78032	0	
618.07109367822	78072	0	
618.149712746016	78028	0	
618.228338612271	78036	0	
618.306967877754	78040	0	
618.385603941696	78048	0	
618.464243404866	78024	0	
618.54288796688	78028	0	
618.621537627737	78020	0	
618.700194087053	78036	0	
618.778853945597	78032	0	
618.857518902985	78032	0	
618.936188959217	78000	0	
619.014864114292	78040	0	
619.093542668596	78020	0	
619.172228021357	78012	0	
619.250918472963	78040	0	
619.329614023412	78048	0	
619.40831297309	78028	0	
619.487018721225	78020	0	
619.56572786859	78044	0	
619.644443814413	78048	0	
619.723163159465	78024	0	
619.801889302975	78048	0	
619.880618845714	78040	0	
619.959353487296	78060	0	
620.038093227722	78032	0	
620.116838066991	78000	0	
620.195588005104	78056	0	
620.27434304206	78060	0	
620.35310317786	78048	0	
620.431868412503	78044	0	
620.51063874599	78016	0	
620.58941417832	78012	0	
620.668193009879	78072	0	
620.746978639897	77996	0	
620.825767669143	78024	0	
620.904563496847	78076	0	
620.98336272378	78036	0	
621.062168749171	78024	0	
621.140978173792	78036	0	
621.219792697255	78032	0	
621.298614019177	78044	0	
621.377438740328	78072	0	
621.456268560322	78024	0	
621.535103479159	78024	0	
621.613943496841	78040	0	
621.692788613365	78036	0	
621.771638828733	78044	0	
621.850494142945	78060	0	
621.929352856386	78036	0	
622.008218368284	78012	0	
622.087088979026	78032	0	
622.165962988997	78000	0	
622.244843797426	78016	0	
622.323728005084	78012	0	
622.402619011201	78044	0	
622.481513416546	78052	0	
622.560412920734	78012	0	
622.639319223381	78028	0	
622.718228925256	78024	0	
622.797143725975	78024	0	
622.876063625538	78044	0	
622.954988623944	78044	0	
623.033918721193	78044	0	
623.112853917286	78052	0	
623.191794212223	78028	0	
623.270737906388	78016	0	
623.349688399012	78040	0	
623.428643990478	78028	0	
623.507602981174	78028	0	
623.586568770328	78032	0	
623.665537958711	78056	0	
623.744513945552	78048	0	
623.823493331622	78064	0	
623.902477816536	78056	0	
623.981469099907	78024	0	
624.060463782507	78056	0	
624.139463563951	78048	0	
624.218468444239	78040	0	
624.297478423369	78008	0	
624.376493501344	78000	0	
624.455513678162	78036	0	
624.534538953823	78028	0	
624.613567628713	78032	0	
624.692603102062	78012	0	
624.771643674253	78000	0	
624.850687645674	77984	0	
624.929738415553	78012	0	
625.008794284275	78000	0	
625.087853552227	78016	0	
625.166917919021	78048	0	
625.245989084274	78040	0	
625.325063648756	78052	0	
625.404143312081	78024	0	
625.48322807425	78068	0	
625.562317935262	77984	0	
625.641412895118	78020	0	
625.720512953817	78004	0	
625.79961811136	78036	0	
625.878728367746	78036	0	
625.957843722975	78012	0	
626.036964177049	78036	0	
626.116088030351	78028	0	
626.195218682111	78040	0	
626.2743527331	78020	0	
626.353493582547	78020	0	
626.432637831223	78016	0	
626.511788878358	78028	0	
626.590943324721	78060	0	
626.670102869927	78008	0	
626.749269213592	78008	0	
626.828438956485	78084	0	
626.907613798223	78044	0	
626.986793738803	78028	0	
627.065978778227	78044	0	
627.145168916495	78012	0	
627.224364153606	78016	0	
627.303562789946	78020	0	
627.382766525129	78020	0	
627.461977058771	78048	0	
627.541190991641	78040	0	
627.62041172297	78004	0	
627.699637553142	78032	0	
627.778866782543	78040	0	
627.858101110787	78060	0	
627.93734223749	78048	0	
628.016586763421	78008	0	
628.095836388196	78044	0	
628.175091111815	78044	0	
628.254350934277	78020	0	
628.333617555197	78028	0	
628.412887575346	78040	0	
628.492160994724	78008	0	
628.571441212559	78028	0	
628.650726529239	78016	0	
628.730016944762	77988	0	
628.809312459128	78028	0	
628.888611372724	78024	0	
628.967917084777	78048	0	
629.047226196059	78044	0	
629.1265421058	78032	0	
629.205861414769	78028	0	
629.285187522196	78028	0	
629.364517028853	78060	0	
629.443851634352	78024	0	
629.523191338696	78032	0	
629.602536141883	78068	0	
629.681886043913	78044	0	
629.761241044787	78028	0	
629.840601144504	78032	0	
629.919966343065	78036	0	
629.999336640469	78048	0	
630.078712036717	78012	0	
630.158092531808	78060	0	
630.237476426128	78072	0	
630.316867118906	78036	0	
630.396261210914	78032	0	
630.475662101379	78052	0	
630.555066391073	78020	0	
630.634477479225	78036	0	
630.713891966606	78020	0	
630.793311552831	77996	0	
630.872736237899	78072	0	
630.952166021811	78044	0	
631.031602604181	78040	0	
631.111042585779	78064	0	
631.190485966607	78036	0	
631.269936145893	78000	0	
631.349391424022	78028	0	
631.428851800994	78024	0	
631.50831727681	78016	0	
631.587786151855	78044	0	
631.667261825359	78004	0	
631.746742597705	78064	0	
631.826226769281	78040	0	
631.9057160397	78056	0	
631.985212108577	78060	0	
632.064711576683	77996	0	
632.144216143632	78048	0	
632.22372750904	78068	0	
632.303242273676	78096	0	
632.382762137157	78028	0	
632.46228709948	78032	0	
632.541817160647	78012	0	
632.621352320657	78044	0	
632.700892579511	78044	0	
632.780436237594	78016	0	
632.859986694135	78024	0	
632.93954224952	78008	0	
633.019101204133	78008	0	
633.098666957205	78048	0	
633.178236109505	78020	0	
633.257812060264	78028	0	
633.337391410251	78024	0	
633.416977558696	78052	0	
633.496567106371	78036	0	
633.576161752889	78008	0	
633.65576149825	78020	0	
633.735366342455	78044	0	
633.814976285503	78000	0	
633.894591327395	78016	0	
633.974211468131	78024	0	
634.053836707709	78024	0	
634.133467046132	78020	0	
634.213102483398	78052	0	
634.292741319892	78064	0	
634.372386954845	78044	0	
634.452035989027	78000	0	
634.531691821667	78004	0	
634.611351053535	78044	0	
634.691017083862	78040	0	
634.770686513418	78040	0	
634.850361041817	78044	0	
634.930042368675	78024	0	
635.009727094761	78024	0	
635.089416919691	78012	0	
635.169111843464	78008	0	
635.24881186608	78044	0	
635.328516987541	78028	0	
635.408227207844	78004	0	
635.487942526992	78048	0	
635.567661245368	78036	0	
635.647386762202	78048	0	
635.72711737788	78024	0	
635.806851392786	77992	0	
635.886592206151	78024	0	
635.966336418745	78004	0	
636.046087429796	78056	0	
636.125841840077	78032	0	
636.205601349201	78020	0	
636.285365957169	78068	0	
636.365137363594	78036	0	
636.444912169249	78064	0	
636.524692073747	78016	0	
636.604477077088	78036	0	
636.684267179274	78056	0	
636.764062380302	78004	0	
636.84386098056	77984	0	
636.923666379275	78056	0	
637.003476876834	78064	0	
637.083292473237	78032	0	
637.163111468868	78028	0	
637.242937262958	78036	0	
637.322766456276	78044	0	
637.402602448053	78024	0	
637.482441839058	78040	0	
637.562286328907	78072	0	
637.6421359176	78048	0	
637.72199230475	78040	0	
637.80185209113	78016	0	
637.881716976353	78020	0	
637.961586960419	78028	0	
638.041462043329	78056	0	
638.121342225082	78064	0	
638.201227505679	78076	0	
638.281116185505	78056	0	
638.361011663789	78032	0	
638.440912240916	78048	0	
638.520816217273	78036	0	
638.600726992087	78048	0	
638.680641166131	78036	0	
638.760562138632	78048	0	
638.840486510362	78048	0	
638.920415980936	78048	0	
639.000352249968	78032	0	
639.080291918229	78076	0	
639.160236685333	78036	0	
639.240186551281	78056	0	
639.320141516072	78028	0	
639.400101579707	78056	0	
639.480066742185	78064	0	
639.560037003507	78056	0	
639.640012363672	78044	0	
639.719991123067	78036	0	
639.799976680919	78024	0	
639.879967337614	78024	0	
639.959961393539	78044	0	
640.039962247922	78024	0	
640.119966501534	78060	0	
640.199977553603	78044	0	
640.279992004902	77996	0	
640.360011555044	78032	0	
640.44003620403	78008	0	
640.520065951859	78020	0	
640.600102498146	78004	0	
640.680142443662	78016	0	
640.760187488022	78012	0	
640.840235931611	78056	0	
640.920291173657	78052	0	
641.000351514547	78028	0	
641.080416954281	78068	0	
641.160487492858	78020	0	
641.240561430664	78048	0	
641.320642166928	78024	0	
641.400726302421	78044	0	
641.480817236372	78060	0	
641.560911569553	78040	0	
641.641011001576	78072	0	
641.721117232058	78004	0	
641.801226861768	78068	0	
641.881341590322	78024	0	
641.96146141772	78020	0	
642.041586343961	78036	0	
642.121716369045	78004	0	
642.201851492973	78024	0	
642.281991715745	78020	0	
642.36213703736	78024	0	
642.442287457818	78024	0	
642.522441277506	78036	0	
642.602601895651	78056	0	
642.682765913026	78020	0	
642.762936728858	78024	0	
642.843110943919	78064	0	
642.923291957439	78020	0	
643.003476370187	78048	0	
643.083667581394	78036	0	
643.163862191829	78020	0	
643.244061901108	78028	0	
643.32426670923	78020	0	
643.404476616196	78044	0	
643.484691622006	78072	0	
643.564911726658	78060	0	
643.645136930155	78012	0	
643.725367232495	77968	0	
643.805600934063	77964	0	
643.88584143409	78024	0	
643.966087032961	78016	0	
644.04633603106	78020	0	
644.126591827617	78036	0	
644.206851023403	78020	0	
644.287117017648	78036	0	
644.367386411121	78076	0	
644.447662603052	78060	0	
644.527942194213	78020	0	
644.608226884216	78024	0	
644.688516673064	78004	0	
644.768811560754	78024	0	
644.849111547289	78024	0	
644.929416632666	78040	0	
645.009726816887	78036	0	
645.090042099952	78056	0	
645.17036248186	78040	0	
645.250686262998	78056	0	
645.331016842593	78048	0	
645.411352521031	78052	0	
645.491691598699	78016	0	
645.572037474825	78024	0	
645.652386750179	78020	0	
645.732741124377	78032	0	
645.813102297034	78040	0	
645.893466868919	78056	0	
645.973836539647	77984	0	
646.054211309219	77972	0	
646.134591177635	78004	0	
646.214976144894	78040	0	
646.295366210997	78040	0	
646.375761375943	78016	0	
646.456161639732	78044	0	
646.536567002365	78040	0	
646.616977463842	78052	0	
646.697391324547	78040	0	
646.777811983711	78036	0	
646.858236042104	78044	0	
646.938666898954	78040	0	
647.019101155033	78036	0	
647.099542209571	78044	0	
647.179986663337	78032	0	
647.260436215947	78044	0	
647.340892567015	78024	0	
647.421352317312	78064	0	
647.501817166453	78052	0	
647.582287114437	78032	0	
647.662762161264	78056	0	
647.743242306935	78064	0	
647.82372755145	78056	0	
647.904216195193	78056	0	
647.984711637394	78012	0	
648.065212178439	78036	0	
648.145716118713	78016	0	
648.226226857445	77980	0	
648.306740995406	78004	0	
648.387261931825	78036	0	
648.467786267473	78016	0	
648.548317401578	78044	0	
648.628851934913	77988	0	
648.709391567092	78028	0	
648.789936298113	78060	0	
648.870486127979	78028	0	
648.951041056688	78040	0	
649.03160108424	78076	0	
649.112166210636	78020	0	
649.192736435875	78012	0	
649.273311759958	78020	0	
649.353892182884	78044	0	
649.434476005039	78072	0	
649.515066625652	78064	0	
649.595662345109	78088	0	
649.676261463795	78028	0	
649.756867380939	78052	0	
649.837476697311	78048	0	
649.918091112528	78044	0	
649.998712326202	78032	0	
650.079336939105	78024	0	
650.159966650852	78020	0	
650.240601461442	78068	0	
650.321241370875	78060	0	
650.401886379153	77980	0	
650.482536486273	78028	0	
650.563191692237	78040	0	
650.643851997045	78032	0	
650.724517400696	78028	0	
650.805186203576	78016	0	
650.885861804914	78016	0	
650.966542505096	78028	0	
651.047226604506	78044	0	
651.127917502375	78032	0	
651.208611799473	78020	0	
651.289311195414	78024	0	
651.370017389813	78024	0	
651.450726983441	78076	0	
651.531441675912	78028	0	
651.612161467227	78032	0	
651.692886357386	78032	0	
651.773616346388	78020	0	
651.854351434233	78036	0	
651.935091620922	78048	0	
652.015836906455	78072	0	
652.096587290831	78060	0	
652.177341074436	78028	0	
652.258101656499	78016	0	
652.338867337405	78024	0	
652.419636417541	78056	0	
652.500412296134	78060	0	
652.581191573957	78052	0	
652.661975950623	78024	0	
652.742767125746	78044	0	
652.823561700099	78044	0	
652.904361373296	78012	0	
652.985166145336	78020	0	
653.065976016219	78024	0	
653.146790985946	78072	0	
653.227611054516	78044	0	
653.30843622193	78060	0	
653.389266488187	78060	0	
653.470101853288	78044	0	
653.550942317233	78044	0	
653.631786180406	78052	0	
653.712636842037	78016	0	
653.793492602512	78004	0	
653.874351762216	77992	0	
653.955216020763	78024	0	
654.036087077768	78028	0	
654.116961534003	78016	0	
654.197841089081	78036	0	
654.278727442616	78048	0	
654.359617195381	78060	0	
654.440512046989	78060	0	
654.521411997441	78036	0	
654.602317046736	78020	0	
654.683227194875	78048	0	
654.764142441857	78044	0	
654.845061088068	78032	0	
654.925986532738	78020	0	
655.00691707625	78040	0	
655.087851018992	78044	0	
655.168791760192	78008	0	
655.249737600235	78056	0	
655.330686839507	78040	0	
655.411641177623	78008	0	
655.492602314196	78040	0	
655.573566849999	78040	0	
655.654536484645	78036	0	
655.735511218135	78012	0	
655.816491050468	78024	0	
655.89747428203	78036	0	
655.97846431205	78044	0	
656.059459440913	78024	0	
656.14045966862	78052	0	
656.221464995171	78040	0	
656.302475420565	77992	0	
656.383489245188	78008	0	
656.464509868269	78020	0	
656.545535590194	78032	0	
656.626564711347	78024	0	
656.707600630959	78024	0	
656.788639949799	78024	0	
656.869684367483	78044	0	
656.950735583625	78032	0	
657.031790198996	78024	0	
657.112849913211	78044	0	
657.193914726269	78028	0	
657.27498463817	78064	0	
657.356059648915	78020	0	
657.437139758503	78028	0	
657.518224966935	78056	0	
657.599315274211	78016	0	
657.68041068033	78036	0	
657.761509485678	78064	0	
657.842615089484	78044	0	
657.923725792133	78028	0	
658.004839894011	78024	0	
658.085960794348	78028	0	
658.167085093913	78044	0	
658.248214492322	78032	0	
658.329350689189	77992	0	
658.410490285284	78020	0	
658.491634980224	78012	0	
658.572784774007	78036	0	
658.653939666633	78056	0	
658.735099658103	78036	0	
658.816264748416	77996	0	
658.897434937573	78048	0	
658.978610225573	78008	0	
659.059790612417	78032	0	
659.14097439849	78036	0	
659.22216498302	78020	0	
659.303360666395	78040	0	
659.384559748998	78064	0	
659.465765630059	78032	0	
659.546974910349	78056	0	
659.628189289483	78068	0	
659.709410467075	78028	0	
659.790635043895	78036	0	
659.87186471956	78048	0	
659.953099494067	78024	0	
660.034339367419	78020	0	
660.115584339613	78016	0	
660.196834410651	78020	0	
660.278089580533	78024	0	
660.359349849258	77996	0	
660.440615216827	78044	0	
660.521885683239	78048	0	
660.60315954888	77976	0	
660.684440212979	78000	0	
660.765724276307	77996	0	
660.847015138093	78060	0	
660.928309399108	78072	0	
661.009610458581	78044	0	
661.090914917283	78076	0	
661.172224474829	78004	0	
661.253540830833	78020	0	
661.334860586065	77992	0	
661.416185440141	78016	0	
661.497515393061	78056	0	
661.578850444824	78020	0	
661.66019059543	78044	0	
661.74153584488	78012	0	
661.822884493559	78044	0	
661.904239940696	78028	0	
661.985600486677	78028	0	
662.066964431886	78024	0	
662.148335175553	78052	0	
662.22970931845	78032	0	
662.311090259804	78076	0	
662.392474600388	78036	0	
662.473865739429	78040	0	
662.5552602777	78060	0	
662.636659914814	78020	0	
662.718064650771	77976	0	
662.799474485572	78008	0	
662.880889419216	78008	0	
662.962309451704	78032	0	
663.043734583035	78084	0	
663.12516481321	78040	0	
663.206600142229	78020	0	
663.288040570091	78040	0	
663.369484397181	78032	0	
663.45093502273	78016	0	
663.532390747122	78016	0	
663.613849870744	78044	0	
663.695315792823	78048	0	
663.776785114131	78040	0	
663.858259534283	78008	0	
663.939740752893	78056	0	
664.021225370732	78060	0	
664.102715087414	78024	0	
664.18420990294	78024	0	
664.265709817309	78024	0	
664.347214830522	78052	0	
664.428724942578	78052	0	
664.510240153478	78020	0	
664.591760463221	78020	0	
664.673285871807	78052	0	
664.754814679623	78076	0	
664.836350285897	78036	0	
664.9178892914	78016	0	
664.99943509536	78024	0	
665.08098429855	78036	0	
665.162540300198	78028	0	
665.244099701074	78032	0	
665.325665900409	78068	0	
665.407235498972	78060	0	
665.48881019638	78044	0	
665.57038999263	78024	0	
665.651974887724	78036	0	
665.733564881662	78032	0	
665.815159974443	78036	0	
665.896760166068	78044	0	
665.978365456536	78000	0	
666.059975845847	78040	0	
666.141589634388	78032	0	
666.223210221386	78036	0	
666.304835907228	78032	0	
666.386464992299	78052	0	
666.468100875828	78032	0	
666.549740158586	78012	0	
666.631384540188	78012	0	
666.713035720247	78024	0	
666.794690299536	78036	0	
666.876349977668	78056	0	
666.958014754643	78016	0	
667.039684630462	78044	0	
667.121359605125	78012	0	
667.203039678631	78040	0	
667.28472485098	78056	0	
667.366415122173	78028	0	
667.448110492209	78028	0	
667.529809261475	78044	0	
667.611514829198	78028	0	
667.693225495765	78040	0	
667.774939561561	78012	0	
667.856660425815	78036	0	
667.938384689298	78028	0	
668.020115751239	78020	0	
668.101850212408	78020	0	
668.183589772422	78028	0	
668.265334431279	78012	0	
668.347085888593	78024	0	
668.428840745137	77996	0	
668.510600700525	78012	0	
668.592365754755	78020	0	
668.67413590783	78032	0	
668.755909460133	78032	0	
668.837689810894	78040	0	
668.919475260499	78020	0	
669.001265808947	77992	0	
669.083059756624	78012	0	
669.16486050276	78008	0	
669.246664648124	78016	0	
669.328475591946	78024	0	
669.410289934997	78064	0	
669.492109376892	78008	0	
669.573935617245	78044	0	
669.655765256827	78008	0	
669.737599995252	78016	0	
669.81943983252	78012	0	
669.901284768633	78032	0	
669.983134803588	78024	0	
670.064989937387	78008	0	
670.14685017003	78000	0	
670.228715501516	78032	0	
670.310584232231	78020	0	
670.392459761404	78036	0	
670.474340389421	78040	0	
670.556224416667	78032	0	
670.63811524237	78036	0	
670.720009467303	78036	0	
670.801910490693	78032	0	
670.883814913313	78016	0	
670.965724434776	78012	0	
671.047640754697	78020	0	
671.129560473847	78060	0	
671.211485291841	78016	0	
671.293415208678	78044	0	
671.375350224358	78032	0	
671.457290338882	78024	0	
671.53923555225	78032	0	
671.621185864461	78044	0	
671.703139575901	78052	0	
671.785100085799	78024	0	
671.86706569454	78020	0	
671.949034702511	78012	0	
672.031010508939	78028	0	
672.112989714597	78008	0	
672.194975718712	78016	0	
672.276965122056	78028	0	
672.358959624244	78028	0	
672.440959225276	78056	0	
672.522965624765	78064	0	
672.604975423484	78008	0	
672.686990321045	78012	0	
672.769010317451	78016	0	
672.8510354127	78040	0	
672.933065606792	78028	0	
673.015100899728	78040	0	
673.097139591893	78068	0	
673.179185082516	78048	0	
673.261235671982	78004	0	
673.343289660677	78080	0	
673.425350447831	78056	0	
673.507414634213	78024	0	
673.589485619053	78028	0	
673.671560003123	78024	0	
673.753639486035	78048	0	
673.835725767406	78064	0	
673.917815448006	78036	0	
673.999910227449	78044	0	
674.082010105736	78036	0	
674.164115082866	78048	0	
674.24622515884	78056	0	
674.328340333657	78028	0	
674.410460607318	78000	0	
674.492584280207	78004	0	
674.574714751555	78044	0	
674.656850321746	78020	0	
674.738989291166	78016	0	
674.821135059045	78068	0	
674.903284226152	78040	0	
674.985440191717	78032	0	
675.067599556511	78032	0	
675.149765719763	77996	0	
675.231935282244	78056	0	
675.314109943569	78040	0	
675.396289703737	78036	0	
675.478474562749	78056	0	
675.560664520604	78056	0	
675.642859577302	78036	0	
675.725059732845	78040	0	
675.80726498723	78008	0	
675.889475340459	78036	0	
675.971690792532	78052	0	
676.053909643833	78020	0	
676.136135293593	78020	0	
676.218364342581	78032	0	
676.300600190028	78060	0	
676.382839436703	78064	0	
676.465085481837	78044	0	
676.547334926199	78060	0	
676.629589469405	78004	0	
676.711850811069	78020	0	
676.794115551962	78000	0	
676.876385391699	78016	0	
676.958660330279	78004	0	
677.040940367702	78028	0	
677.123225503969	78036	0	
677.20551573908	78020	0	
677.287809373419	78032	0	
677.370109806217	78024	0	
677.452415337857	78052	0	
677.534724268727	77972	0	
677.617039998055	78044	0	
677.699360826227	78020	0	
677.781685053627	78068	0	
677.864014379871	78052	0	
677.946350504573	78020	0	
678.028690028504	78028	0	
678.111034651278	78052	0	
678.193384372896	78040	0	
678.275740892972	78028	0	
678.358100812276	78052	0	
678.440465830425	78048	0	
678.522834247802	78064	0	
678.605209463637	78044	0	
678.687589778316	78020	0	
678.769975191838	78052	0	
678.852365704204	78020	0	
678.934759615799	78020	0	
679.017160325852	78008	0	
679.099564435133	78020	0	
679.181975342873	78016	0	
679.264389649842	78032	0	
679.346810755269	78044	0	
679.429235259924	78044	0	
679.511664863423	78024	0	
679.594099565766	78052	0	
679.676539366952	78096	0	
679.758984266982	78004	0	
679.841434265855	78020	0	
679.923889363572	78000	0	
680.006349560132	78020	0	
680.088814855536	78020	0	
680.171285249783	78028	0	
680.253760742873	78032	0	
680.336239635193	78032	0	
680.418725325971	78088	0	
680.501214415977	78012	0	
680.583710304442	78052	0	
680.666209592135	78028	0	
680.748715678287	78072	0	
680.831225163668	78008	0	
680.913739747892	78024	0	
680.996259430959	78004	0	
681.07878421287	78048	0	
681.161315793239	78020	0	
681.243850772837	78040	0	
681.326390851279	78036	0	
681.408934328949	78024	0	
681.491484605078	78020	0	
681.57403998005	78012	0	
681.656600453865	78028	0	
681.73916432691	78024	0	
681.821734998412	78040	0	
681.904310768758	78044	0	
681.986889938333	78020	0	
682.069475906366	77996	0	
682.152065273628	78008	0	
682.234659739734	78052	0	
682.317259304682	78016	0	
682.399865668089	78040	0	
682.482475430725	78076	0	
682.565090292205	78044	0	
682.647710252528	78036	0	
682.730335311694	78060	0	
682.812965469704	78000	0	
682.895600726557	77992	0	
682.97823938264	78016	0	
683.06088483718	78040	0	
683.143535390564	78068	0	
683.226189343177	78024	0	
683.308850094247	78028	0	
683.391514244547	78036	0	
683.474185193305	78048	0	
683.556859541292	78060	0	
683.639540687737	78032	0	
683.72222523341	78024	0	
683.804914877928	78024	0	
683.887609621288	78032	0	
683.970309463493	78036	0	
684.05301440454	78064	0	
684.135724444432	77992	0	
684.218439583166	78056	0	
684.301159820745	78012	0	
684.383883457552	78036	0	
684.466613892817	78040	0	
684.549347727311	78020	0	
684.632088360263	78040	0	
684.714834092059	78032	0	
684.797583223084	78008	0	
684.880339152566	78028	0	
684.963098481278	78052	0	
685.045862908833	78008	0	
685.128634134846	78040	0	
685.211408760088	78032	0	
685.294188484174	78036	0	
685.376973307103	78020	0	
685.459763228876	78012	0	
685.542558249492	78052	0	
685.625358368952	78048	0	
685.708163587255	78016	0	
685.790973904401	78068	0	
685.873787620777	78052	0	
685.95660813561	78064	0	
686.039433749287	78048	0	
686.122262762193	78040	0	
686.205098573558	78040	0	
686.28793778415	77996	0	
686.370783793202	78044	0	
686.453633201481	78052	0	
686.536487708605	78052	0	
686.619349014186	78028	0	
686.702213718997	78012	0	
686.785083522651	78020	0	
686.867958425148	78020	0	
686.950838426489	78032	0	
687.033723526674	78060	0	
687.116613725702	78032	0	
687.199509023573	78076	0	
687.282407720674	78080	0	
687.365313216232	78016	0	
687.448223810634	78036	0	
687.531137804265	78024	0	
687.614058596354	78032	0	
687.696982787672	78072	0	
687.779913777448	78072	0	
687.862848166452	78028	0	
687.945787654301	78020	0	
688.028733940607	78012	0	
688.111683626142	78020	0	
688.194638410521	78028	0	
688.277598293744	78000	0	
688.360563275809	78036	0	
688.443533356719	78044	0	
688.526508536472	78044	0	
688.609488815068	78040	0	
688.692474192508	78036	0	
688.775462969176	78024	0	
688.858458544303	78028	0	
688.941457518659	78064	0	
689.024463291473	78028	0	
689.10747416313	78060	0	
689.190488434016	78016	0	
689.273507803746	78048	0	
689.356533971934	78020	0	
689.43956353935	78040	0	
689.522598205611	78044	0	
689.605637970714	78052	0	
689.688682834661	78048	0	
689.771732797452	78032	0	
689.854787859086	78044	0	
689.937848019564	78024	0	
690.020913278885	78020	0	
690.10398363705	78036	0	
690.187059094058	78008	0	
690.270137950295	77984	0	
690.35322360499	78048	0	
690.436312658914	78056	0	
690.519408511296	78024	0	
690.602507762907	78040	0	
690.685613812977	78012	0	
690.768723262275	78056	0	
690.851837810416	78036	0	
690.934959157016	78048	0	
691.018083902844	78048	0	
691.101213747516	78064	0	
691.184348691032	78056	0	
691.267488733391	78028	0	
691.350633874593	78028	0	
691.433784114639	78044	0	
691.516937753914	78068	0	
691.600098191647	78036	0	
691.683263728224	78044	0	
691.766432664029	78020	0	
691.849608398293	78020	0	
691.932787531785	78076	0	
692.015973463736	78008	0	
692.099162794915	78012	0	
692.182358924553	78056	0	
692.265558453419	78008	0	
692.348763081129	78056	0	
692.431972807682	78032	0	
692.515187633079	78048	0	
692.59840755732	78048	0	
692.681632580404	78024	0	
692.764862702331	78028	0	
692.848097923102	78008	0	
692.931338242716	78036	0	
693.014583661174	78032	0	
693.097834178475	78016	0	
693.181088095006	78016	0	
693.264348809994	78048	0	
693.347612924211	78024	0	
693.430883836887	78016	0	
693.514158148791	78048	0	
693.597437559539	78044	0	
693.680723768745	78056	0	
693.764013377179	78020	0	
693.847308084458	78028	0	
693.930607890579	78048	0	
694.013912795545	78028	0	
694.097222799353	78020	0	
694.180537902006	78040	0	
694.263858103501	78044	0	
694.347183403841	78040	0	
694.430513803023	78008	0	
694.513847601435	78068	0	
694.597188198305	78044	0	
694.680533894018	77996	0	
694.76388298896	78024	0	
694.84723888236	78072	0	
694.930598174989	78036	0	
695.013962566462	78044	0	
695.097333756393	78044	0	
695.180708345552	78004	0	
695.264088033555	78016	0	
695.347472820402	78028	0	
695.430862706092	78032	0	
695.514257690626	78012	0	
695.597657774003	78032	0	
695.681062956224	78012	0	
695.764473237288	78028	0	
695.847888617195	78056	0	
695.931309095946	78024	0	
696.014732973926	78068	0	
696.098163650364	78056	0	
696.181597726031	78048	0	
696.265038600156	78044	0	
696.348482873511	78020	0	
696.431933945323	78028	0	
696.515388416364	78024	0	
696.598847986248	78020	0	
696.682312654976	78040	0	
696.765784122162	78032	0	
696.849258988577	78000	0	
696.932738953836	78048	0	
697.016224017937	78016	0	
697.099714180883	78044	0	
697.183207743057	78060	0	
697.26670810369	78020	0	
697.350213563166	78048	0	
697.433724121485	78048	0	
697.517238079034	78032	0	
697.60075883504	78056	0	
697.684282990275	78044	0	
697.767813943969	78036	0	
697.851348296891	78028	0	
697.934887748657	78028	0	
698.018433998881	78008	0	
698.101983648334	77992	0	
698.18553839663	78020	0	
698.26909824377	78076	0	
698.352663189753	78024	0	
698.43623323458	78016	0	
698.51980837825	77996	0	
698.603388620764	78004	0	
698.686973962121	78032	0	
698.770562702708	78028	0	
698.854158241752	77996	0	
698.93775887964	78056	0	
699.021362916756	78032	0	
699.104973752331	78004	0	
699.188587987135	78008	0	
699.272209020397	78040	0	
699.355833452887	78020	0	
699.439462984222	77996	0	
699.523097614399	78024	0	
699.606739043035	78032	0	
699.6903838709	78032	0	
699.774033797608	78012	0	
699.85768882316	78068	0	
699.941348947555	78024	0	
700.025014170793	78020	0	
700.108682793261	78036	0	
700.192358214187	78040	0	
700.276038733956	78020	0	
700.359722652954	78012	0	
700.44341337041	78040	0	
700.52710918671	78024	0	
700.610808402238	78032	0	
700.69451271661	78032	0	
700.77822382944	78020	0	
700.8619383415	78008	0	
700.945657952402	78008	0	
701.029382662148	78032	0	
701.113114170352	78044	0	
701.196849077785	78032	0	
701.280589084062	78052	0	
701.364334189182	78072	0	
701.448082693531	78048	0	
701.531837996338	78000	0	
701.615598397988	77980	0	
701.699363898482	78032	0	
701.783132798205	78044	0	
701.866908496386	78052	0	
701.950687593796	78044	0	
702.034473489664	78068	0	
702.118262784761	78052	0	
702.202058878316	78020	0	
702.2858583711	78032	0	
702.369662962728	78032	0	
702.453472653198	78048	0	
702.537289142127	77996	0	
702.621109030285	78012	0	
702.704934017287	78036	0	
702.788764103132	78048	0	
702.872597588206	78060	0	
702.956437871737	78016	0	
703.040283254113	78048	0	
703.124133735332	78056	0	
703.207987615779	78064	0	
703.291848294685	78068	0	
703.375714072435	78040	0	
703.459583249413	78012	0	
703.543457525235	78028	0	
703.627338599514	78068	0	
703.711223073023	78068	0	
703.795112645376	78028	0	
703.879009016186	78008	0	
703.962908786225	78040	0	
704.046813655108	78032	0	
704.130723622834	78032	0	
704.214638689404	78060	0	
704.298558854817	78032	0	
704.382484119074	78060	0	
704.46641278256	78072	0	
704.550348244503	78012	0	
704.634288805291	78024	0	
704.718232765307	78024	0	
704.802183523781	77972	0	
704.886137681484	77980	0	
704.970098637645	78028	0	
705.054062993035	78044	0	
705.138034146884	78012	0	
705.222008699961	78004	0	
705.305988351881	77984	0	
705.389973102646	78044	0	
705.473962952253	78028	0	
705.557957900704	78000	0	
705.641957947999	78032	0	
705.725963094137	78016	0	
705.809973339119	78004	0	
705.893988682944	78016	0	
705.978009125612	78020	0	
706.06203296751	78048	0	
706.146063607865	78036	0	
706.23009764745	78012	0	
706.314138485492	78060	0	
706.398182722764	78032	0	
706.482233758494	77988	0	
706.566288193452	78012	0	
706.650347727254	78008	0	
706.734414059514	78032	0	
706.818483791003	78052	0	
706.902558621336	78040	0	
706.986638550511	78040	0	
707.070723578531	78036	0	
707.154813705394	78012	0	
707.2389089311	78028	0	
707.323007556036	78000	0	
707.407112979429	78016	0	
707.491223501666	78020	0	
707.575339122747	78020	0	
707.659458143056	78028	0	
707.743583961823	78052	0	
707.82771317982	78048	0	
707.911849196274	78036	0	
707.995988611958	78024	0	
708.080133126484	78028	0	
708.164282739855	78040	0	
708.248439151683	78020	0	
708.33259896274	78056	0	
708.416763872641	78008	0	
708.500933881386	78060	0	
708.585108988973	78048	0	
708.669289195405	78016	0	
708.753472801065	78040	0	
708.837663205183	78020	0	
708.921858708145	77996	0	
709.006057610336	78040	0	
709.090263310985	78048	0	
709.174474110477	78036	0	
709.258688309198	78028	0	
709.342907606763	78056	0	
709.427133702786	78044	0	
709.511363198037	78028	0	
709.595597792133	78052	0	
709.679839184686	78008	0	
709.764083976468	78016	0	
709.848333867094	78060	0	
709.932588856563	78044	0	
710.016848944876	78036	0	
710.101114132032	78036	0	
710.185382718417	78052	0	
710.26965810326	78056	0	
710.353938586947	78052	0	
710.438224169477	78040	0	
710.522513151236	78044	0	
710.606808931453	78040	0	
710.691108110899	78040	0	
710.775414088803	77992	0	
710.859723465936	78004	0	
710.944037941913	78004	0	
711.028357516733	78028	0	
711.112683890011	78028	0	
711.197013662518	78036	0	
711.281348533869	77992	0	
711.365688504063	78044	0	
711.4500335731	78036	0	
711.534383740981	77996	0	
711.618739007706	78008	0	
711.703097673659	78000	0	
711.787463138071	78028	0	
711.871833701326	78008	0	
711.95620766381	78016	0	
712.040588424752	78052	0	
712.124972584923	78008	0	
712.209363543552	78016	0	
712.29375790141	78040	0	
712.378159057726	78060	0	
712.462563613271	78032	0	
712.546973267659	78020	0	
712.631388020891	78028	0	
712.715807872966	78052	0	
712.800232823885	78032	0	
712.884661174033	78060	0	
712.969096322639	78032	0	
713.053536570088	78008	0	
713.137981916381	78028	0	
713.222432361518	78048	0	
713.306886205883	78044	0	
713.391346848706	78040	0	
713.475810890759	78060	0	
713.560281731269	78012	0	
713.644755971008	78036	0	
713.729237009206	78044	0	
713.813721446632	78036	0	
713.898210982902	78008	0	
713.98270731763	78032	0	
714.067207051586	78092	0	
714.151711884387	78016	0	
714.23622181603	78020	0	
714.320736846518	78068	0	
714.405256975848	78040	0	
714.489782204023	78016	0	
714.574310831426	78032	0	
714.658846257287	78052	0	
714.743386781992	78064	0	
714.82793240554	78036	0	
714.912481428317	78012	0	
714.997037249552	78028	0	
715.081596470017	78004	0	
715.166162488939	78012	0	
715.25073190709	78028	0	
715.335306424085	78052	0	
715.419886039923	78032	0	
715.504472454219	78016	0	
715.589062267744	78040	0	
715.673657180113	78020	0	
715.758257191325	78028	0	
715.84286230138	78048	0	
715.927470810665	78016	0	
716.012086118408	78032	0	
716.096706524994	78012	0	
716.181332030423	78012	0	
716.265960935082	78032	0	
716.350596638198	78008	0	
716.435237440158	77976	0	
716.519881641347	77944	0	
716.60453094138	77920	0	
716.68918703987	77940	0	
716.77384653759	77956	0	
716.858511134153	77936	0	
716.943180829559	77896	0	
717.027857323424	77868	0	
717.112537216517	77900	0	
717.197222208454	77860	0	
717.281912299235	77856	0	
717.366607488859	77892	0	
717.451306077712	77912	0	
717.536011465023	77888	0	
717.620721951177	77880	0	
717.705435836561	77908	0	
717.790156520402	77936	0	
717.874882303087	77920	0	
717.959611485001	77924	0	
718.044347465373	77956	0	
718.129086844974	78008	0	
718.213831323418	77976	0	
718.298580900706	77964	0	
718.383337276452	78024	0	
718.468097051427	78036	0	
718.552861925245	78012	0	
718.637631897907	78060	0	
718.722406969412	78096	0	
718.807187139761	78068	0	
718.891972408953	78052	0	
718.976761077374	78076	0	
719.061556544254	78064	0	
719.146357109977	78064	0	
719.231161074928	78076	0	
719.315971838338	78020	0	
719.400786000977	78020	0	
719.485606962074	78036	0	
719.570431322399	77996	0	
719.655262481183	78000	0	
719.740097039196	77980	0	
719.824936696052	77940	0	
719.909781451752	77980	0	
719.994631306295	77988	0	
720.079486259682	77940	0	
720.164346311912	77948	0	
720.249211462986	77980	0	
720.334081712903	77944	0	
720.418957061663	78012	0	
720.503837509267	77952	0	
720.588721356101	77968	0	
720.673612001392	78044	0	
720.758506045912	77992	0	
720.84340688889	78052	0	
720.928311131097	78036	0	
721.013222171762	78092	0	
721.098136611656	78068	0	
721.183056150394	78072	0	
721.267982487589	78104	0	
721.352912224014	78140	0	
721.437847059282	78148	0	
721.522786993394	78128	0	
721.607732026349	78120	0	
721.692682158147	78128	0	
721.777637388789	78136	0	
721.86259601866	78108	0	
721.947561446989	78088	0	
722.032531974162	78092	0	
722.117505900563	78052	0	
722.202486625423	78048	0	
722.287472449126	78068	0	
722.372461672058	78040	0	
722.457455993833	78028	0	
722.542457114067	78004	0	
722.627461633529	78056	0	
722.712471251835	77988	0	
722.797485968984	77996	0	
722.882507484592	78004	0	
722.967532399428	78000	0	
723.052562413108	78052	0	
723.137595826017	78088	0	
723.222636037384	78032	0	
723.307681347594	78088	0	
723.392731756648	78132	0	
723.477787264546	78120	0	
723.562846171672	78164	0	
723.647911877256	78164	0	
723.73298098207	78196	0	
723.818056885341	78204	0	
723.903136187841	78220	0	
723.9882222888	78204	0	
724.073311788987	78244	0	
724.158406388018	78260	0	
724.243506085892	78228	0	
724.32861088261	78224	0	
724.413722477786	78216	0	
724.49883747219	78200	0	
724.583955865824	78184	0	
724.669081057916	78196	0	
724.754211348851	78132	0	
724.83934673863	78184	0	
724.924487227252	78152	0	
725.009631115103	78140	0	
725.094781801412	78160	0	
725.179935886951	78184	0	
725.265096770947	78128	0	
725.350261054172	78140	0	
725.435432135855	78156	0	
725.520606616767	78184	0	
725.605786196523	78180	0	
725.690970875122	78160	0	
725.776162352179	78136	0	
725.861357228465	78156	0	
725.946557203595	78156	0	
726.031762277568	78148	0	
726.116972450385	78184	0	
726.20218602243	78184	0	
726.287406392934	78204	0	
726.372631862281	78232	0	
726.457862430472	78248	0	
726.543096397891	78260	0	
726.628337163769	78272	0	
726.713581328875	78276	0	
726.79883229244	78276	0	
726.884086655233	78288	0	
726.96934611687	78232	0	
727.054612376965	78264	0	
727.139882036289	78244	0	
727.225156794457	78260	0	
727.310436651468	78268	0	
727.395721607322	78224	0	
727.48101166202	78232	0	
727.566306815562	78268	0	
727.651607067947	78228	0	
727.736912419175	78232	0	
727.822221169633	78212	0	
727.907536718548	78208	0	
727.992857366307	78200	0	
728.078181413295	78192	0	
728.163512258741	78240	0	
728.248846503416	78216	0	
728.334185846934	78244	0	
728.41953198891	78204	0	
728.504881530116	78232	0	
728.590236170165	78208	0	
728.675595909057	78260	0	
728.760962446407	78216	0	
728.846332382987	78252	0	
728.93170741841	78216	0	
729.017085853061	78236	0	
729.102471086171	78296	0	
729.187861418125	78296	0	
729.273256848921	78276	0	
729.358657378562	78316	0	
729.444061307431	78296	0	
729.529472034758	78316	0	
729.614886161314	78316	0	
729.700307086329	78380	0	
729.785731410572	78352	0	
729.871160833659	78400	0	
729.956597055203	78336	0	
730.042036675977	78356	0	
730.127481395594	78324	0	
730.212931214055	78320	0	
730.298386131359	78332	0	
730.383846147507	78320	0	
730.469311262498	78328	0	
730.554781476333	78304	0	
730.640256789011	78336	0	
730.725737200533	78320	0	
730.811221011283	78360	0	
730.896711620492	78388	0	
730.982207328544	78380	0	
731.067706435825	78344	0	
731.153212341564	78356	0	
731.238721646532	78344	0	
731.324236050344	78324	0	
731.409757252614	78372	0	
731.495281854112	78356	0	
731.580811554454	78364	0	
731.66634635364	78364	0	
731.751886251669	78360	0	
731.837431248542	78392	0	
731.922981344258	78376	0	
732.008536538817	78368	0	
732.09409683222	78388	0	
732.179662224467	78416	0	
732.265231015942	78396	0	
732.350806605876	78360	0	
732.436387294653	78380	0	
732.521971382659	78372	0	
732.607562269123	78396	0	
732.693156554816	78360	0	
732.778755939352	78368	0	
732.864362122347	78364	0	
732.94997170457	78376	0	
733.035586385637	78400	0	
733.121206165547	78360	0	
733.206831044301	78400	0	
733.292461021899	78436	0	
733.378096098339	78424	0	
733.463736273624	78448	0	
733.549381547752	78416	0	
733.635031920723	78464	0	
733.720687392538	78468	0	
733.806346263582	78456	0	
733.892011933084	78448	0	
733.977681001815	78460	0	
734.063356869003	78436	0	
734.149036135421	78456	0	
734.234722200297	78488	0	
734.320411664402	78436	0	
734.40610622735	78420	0	
734.491805889142	78420	0	
734.577512349392	78432	0	
734.663222208871	78392	0	
734.748937167193	78392	0	
734.834657224359	78412	0	
734.920382380368	78368	0	
735.006110935606	78404	0	
735.091846289302	78408	0	
735.177586741842	78412	0	
735.263332293225	78424	0	
735.349081243838	78440	0	
735.434836992908	78420	0	
735.520596141207	78456	0	
735.606362087964	78484	0	
735.69213143395	78444	0	
735.77790587878	78480	0	
735.863687122068	78488	0	
735.949471764584	78468	0	
736.035261505944	78464	0	
736.121056346148	78492	0	
736.206856285195	78488	0	
736.292661323086	78516	0	
736.37847145982	78508	0	
736.464286695398	78496	0	
736.550107029819	78528	0	
736.635932463083	78512	0	
736.721761295577	78520	0	
736.807596926528	78512	0	
736.893435956709	78508	0	
736.979281785348	78504	0	
737.065131013215	78508	0	
737.150987039541	78488	0	
737.236846465095	78540	0	
737.322710989493	78528	0	
737.408582312349	78496	0	
737.494457034434	78516	0	
737.580336855363	78536	0	
737.666221775135	78560	0	
737.75211179375	78552	0	
737.838006911209	78528	0	
737.923907127512	78520	0	
738.009812442658	78548	0	
738.095721157032	78508	0	
738.181636669865	78540	0	
738.267557281542	78556	0	
738.353481292447	78596	0	
738.439412101811	78572	0	
738.525346310403	78592	0	
738.611287317454	78588	0	
738.697231723733	78584	0	
738.783181228856	78580	0	
738.869135832822	78556	0	
738.955097235247	78564	0	
739.0410620369	78584	0	
739.127031937397	78576	0	
739.213006936737	78572	0	
739.298987034921	78604	0	
739.384972231948	78584	0	
739.470960828205	78580	0	
739.556956222919	78560	0	
739.642956716477	78552	0	
739.728962308878	78600	0	
739.814971300508	78624	0	
739.900987090596	78592	0	
739.987006279914	78596	0	
740.073032267689	78580	0	
740.159061654693	78588	0	
740.245096140541	78620	0	
740.331137424847	78576	0	
740.417182108381	78620	0	
740.50323189076	78600	0	
740.589286771981	78584	0	
740.675346752047	78644	0	
740.761411830955	78628	0	
740.847482008708	78620	0	
740.933557285303	78624	0	
741.019635961128	78648	0	
741.10572143541	78624	0	
741.191812008537	78652	0	
741.277905980892	78644	0	
741.364006751705	78632	0	
741.450109222133	78616	0	
741.536220190633	78620	0	
741.622334558362	78620	0	
741.708455724549	78628	0	
741.794580289965	78640	0	
741.880709954225	78644	0	
741.966844717328	78640	0	
742.052984579274	78660	0	
742.139129540064	78680	0	
742.225279599698	78684	0	
742.311434758175	78704	0	
742.397595015495	78632	0	
742.483760371659	78632	0	
742.569929127052	78688	0	
742.656104680903	78668	0	
742.742285333598	78708	0	
742.828469385521	78648	0	
742.914660235903	78696	0	
743.000854485513	78680	0	
743.087055533582	78696	0	
743.173259980879	78704	0	
743.25946952702	78724	0	
743.345684172005	78716	0	
743.431905615447	78704	0	
743.518130458119	78740	0	
743.604360399633	78724	0	
743.690595439992	78728	0	
743.776835579194	78756	0	
743.863079117625	78700	0	
743.949329454514	78668	0	
744.035584890246	78712	0	
744.121845424822	78692	0	
744.208109358627	78696	0	
744.29438009089	78704	0	
744.380654222381	78716	0	
744.466935152331	78712	0	
744.55321948151	78736	0	
744.639510609147	78692	0	
744.725805136013	78692	0	
744.812104761722	78752	0	
744.898409486275	78736	0	
744.984719309671	78724	0	
745.071034231911	78724	0	
745.157354252994	78728	0	
745.243679372921	78728	0	
745.330009591691	78740	0	
745.416344909305	78724	0	
745.502685325762	78780	0	
745.589029141448	78788	0	
745.675379755593	78820	0	
745.76173546858	78808	0	
745.848094580797	78808	0	
745.934460491472	78828	0	
746.020829801375	78844	0	
746.107204210123	78804	0	
746.193585417328	78808	0	
746.279970023762	78772	0	
746.36635972904	78788	0	
746.452754533161	78752	0	
746.539154436125	78816	0	
746.625559437933	78732	0	
746.711969538585	78760	0	
746.79838473808	78776	0	
746.884805036419	78772	0	
746.971230433601	78780	0	
747.057659230012	78772	0	
747.144094824881	78760	0	
747.230535518594	78740	0	
747.316979611535	78716	0	
747.403430502935	78740	0	
747.489884793563	78776	0	
747.576344183035	78780	0	
747.662810370965	78792	0	
747.749279958124	78780	0	
747.835754644127	78792	0	
747.922234428973	78772	0	
748.008719312662	78860	0	
748.095209295195	78864	0	
748.181704376572	78872	0	
748.268204556792	78860	0	
748.354709835855	78868	0	
748.441220213762	78904	0	
748.527735690513	78920	0	
748.614254566492	78900	0	
748.70078024093	78876	0	
748.787309314596	78872	0	
748.87384518672	78900	0	
748.960384458074	78856	0	
749.046930527885	78824	0	
749.133479996926	78872	0	
749.22003456481	78848	0	
749.306594231537	78868	0	
749.393160696722	78864	0	
749.479730561137	78872	0	
749.566305524395	78860	0	
749.652885586496	78844	0	
749.739470747441	78840	0	
749.826059307615	78824	0	
749.912654666246	78820	0	
749.999255123722	78816	0	
750.08586068004	78836	0	
750.172469635588	78812	0	
750.259085389594	78828	0	
750.345704542829	78860	0	
750.432330494522	78884	0	
750.518959845443	78908	0	
750.605594295209	78916	0	
750.692235543432	78916	0	
750.778880190884	78888	0	
750.86552993718	78900	0	
750.952184782319	78924	0	
751.038844726302	78924	0	
751.125509769128	78940	0	
751.212179910798	78944	0	
751.298855151311	78948	0	
751.385535490668	78916	0	
751.472219229253	78928	0	
751.558909766297	78900	0	
751.645605402184	78972	0	
751.7323044373	78976	0	
751.819010270874	78976	0	
751.905719503677	78992	0	
751.992435534938	78964	0	
752.079154965429	78976	0	
752.165879494762	78968	0	
752.252609122939	78944	0	
752.339345549574	78940	0	
752.426085375438	78940	0	
752.512830300146	78908	0	
752.599580323697	78896	0	
752.686335446092	78920	0	
752.77309566733	78916	0	
752.859859287797	78952	0	
752.946629706722	78960	0	
753.03340522449	78940	0	
753.120184141488	78972	0	
753.206969856943	78940	0	
753.293760671242	78948	0	
753.38055488477	78952	0	
753.467354197142	78920	0	
753.554160307971	78992	0	
753.64096981803	78972	0	
753.727784426932	78996	0	
753.814604134677	78992	0	
753.90143064088	79012	0	
753.988260546313	79032	0	
754.075095550589	79028	0	
754.161935653708	79040	0	
754.248779156057	79032	0	
754.335629456863	79064	0	
754.422484856513	79088	0	
754.509345355006	79096	0	
754.596209252729	79064	0	
754.683079948909	79060	0	
754.769955743933	79048	0	
754.856834938186	79044	0	
754.943719231282	79040	0	
755.030610322836	79004	0	
755.11750481362	78976	0	
755.204404403246	79008	0	
755.291310791331	79008	0	
755.378220578645	78988	0	
755.465135464802	79016	0	
755.552055449803	78984	0	
755.638980533647	79012	0	
755.725910716335	78984	0	
755.812844298252	78948	0	
755.899784678627	79036	0	
755.986730157845	78992	0	
756.073680735907	79000	0	
756.160634713197	79000	0	
756.247595488946	79024	0	
756.334559663924	79020	0	
756.42153063736	79028	0	
756.508505010024	79080	0	
756.595484481532	79056	0	
756.682470751499	79092	0	
756.769460420694	79100	0	
756.856455188732	79100	0	
756.943455055615	79136	0	
757.03046002134	79124	0	
757.117470085909	79120	0	
757.204485249322	79116	0	
757.291505511578	79160	0	
757.378529173063	79144	0	
757.465559633006	79100	0	
757.552595191793	79108	0	
757.639634149808	79120	0	
757.726679906282	79088	0	
757.813730761599	79084	0	
757.900785016145	79104	0	
757.987844369535	79096	0	
758.074910521382	79068	0	
758.161980072459	79052	0	
758.249054722379	79072	0	
758.336134471142	79040	0	
758.423219318749	79052	0	
758.5103092652	79036	0	
758.597404310494	79036	0	
758.684504454631	79024	0	
758.771609697612	79052	0	
758.858720039437	79088	0	
758.945835480105	79156	0	
759.032954320002	79148	0	
759.120079958357	79164	0	
759.207210695555	79180	0	
759.294344831982	79176	0	
759.381485766868	79216	0	
759.468630100982	79236	0	
759.55577953394	79216	0	
759.642935765356	79248	0	
759.730095396001	79236	0	
759.817260125489	79260	0	
759.904429953821	79244	0	
759.991604880996	79268	0	
760.078784907015	79260	0	
760.165970031878	79220	0	
760.253160255583	79232	0	
760.340355578133	79180	0	
760.427554299911	79172	0	
760.514759820147	79188	0	
760.601970439227	79152	0	
760.689184457536	79132	0	
760.776405274303	79112	0	
760.863629490299	79100	0	
760.950860504752	79108	0	
761.038094918435	79096	0	
761.125334430961	79120	0	
761.212580741946	79088	0	
761.299830452159	79140	0	
761.387085261216	79164	0	
761.474345169116	79128	0	
761.561610175859	79164	0	
761.648880281447	79180	0	
761.736155485877	79220	0	
761.823435789152	79256	0	
761.910719491655	79252	0	
761.998009992616	79244	0	
762.085305592421	79280	0	
762.172604591454	79280	0	
762.259910388946	79280	0	
762.347219585666	79292	0	
762.434535580845	79276	0	
762.521854975253	79308	0	
762.609179468504	79312	0	
762.696510760213	79304	0	
762.783845451151	79272	0	
762.871185240933	79280	0	
762.958530129558	79224	0	
763.045880117026	79256	0	
763.133235203338	79192	0	
763.220595388494	79200	0	
763.307960672493	79220	0	
763.395329355721	79224	0	
763.482704837407	79216	0	
763.570085417937	79136	0	
763.657469397695	79180	0	
763.744860175912	79208	0	
763.832254353357	79208	0	
763.91965532926	79192	0	
764.007059704393	79200	0	
764.094469178369	79220	0	
764.181885450803	79216	0	
764.269305122466	79244	0	
764.356729892972	79292	0	
764.444159762322	79320	0	
764.531594730516	79368	0	
764.619034797553	79316	0	
764.706479963433	79324	0	
764.793930228157	79340	0	
764.881385591724	79328	0	
764.968844354521	79388	0	
765.056309915775	79380	0	
765.143780575873	79388	0	
765.2312546352	79360	0	
765.318735492985	79360	0	
765.406219749998	79408	0	
765.49371080547	79380	0	
765.581205260171	79388	0	
765.668704813715	79352	0	
765.756209466103	79332	0	
765.843719217335	79328	0	
765.931235767024	79320	0	
766.018755715942	79316	0	
766.106280763704	79300	0	
766.193809210695	79292	0	
766.281344456143	79320	0	
766.368884800436	79300	0	
766.456430243571	79288	0	
766.543980785551	79296	0	
766.631534726759	79316	0	
766.719095466425	79332	0	
766.80665960532	79308	0	
766.894230542674	79308	0	
766.981804879256	79348	0	
767.069384314681	79340	0	
767.156970548565	79360	0	
767.244560181678	79372	0	
767.332154913634	79376	0	
767.419754744434	79404	0	
767.507359674077	79404	0	
767.594969702563	79420	0	
767.682584829893	79420	0	
767.770205056067	79420	0	
767.857830381084	79424	0	
767.945460804945	79472	0	
768.033094628034	79412	0	
768.120735249582	79396	0	
768.208379270359	79428	0	
768.296030089593	79436	0	
768.383684308057	79412	0	
768.471345324978	79400	0	
768.559009741129	79444	0	
768.646679256123	79428	0	
768.734355569575	79392	0	
768.822035282256	79412	0	
768.90972009378	79364	0	
768.997410004148	79380	0	
769.08510501336	79408	0	
769.172805121415	79360	0	
769.260510328313	79388	0	
769.348220634055	79372	0	
769.435934339026	79396	0	
769.523654842455	79364	0	
769.611380444728	79376	0	
769.699109446229	79384	0	
769.786845246189	79384	0	
769.874584445377	79408	0	
769.962328743409	79440	0	
770.050078140284	79448	0	
770.137832636003	79416	0	
770.22559393018	79452	0	
770.313358623586	79484	0	
770.401128415835	79384	0	
770.488903306928	79444	0	
770.576683296865	79488	0	
770.664468385644	79484	0	
770.752258573268	79492	0	
770.840053859735	79476	0	
770.92785254543	79484	0	
771.015658029584	79512	0	
771.103468612582	79508	0	
771.191282594808	79516	0	
771.279103375492	79484	0	
771.366927555405	79508	0	
771.454758533777	79520	0	
771.542592911377	79484	0	
771.630434087435	79440	0	
771.718278662723	79464	0	
771.806128336853	79480	0	
771.893983109828	79436	0	
771.981842981645	79468	0	
772.069707952306	79464	0	
772.157578021811	79492	0	
772.245453190159	79472	0	
772.333333457351	79476	0	
772.421218823386	79500	0	
772.50910758865	79500	0	
772.597003152373	79488	0	
772.684903814938	79488	0	
772.772807876733	79524	0	
772.860718736986	79516	0	
772.948632996467	79524	0	
773.036554054407	79536	0	
773.124478511575	79560	0	
773.212408067587	79532	0	
773.300342722443	79560	0	
773.388282476142	79560	0	
773.476229028299	79576	0	
773.564178979685	79556	0	
773.652134029915	79572	0	
773.740092479374	79616	0	
773.82805772729	79616	0	
773.91602807405	79616	0	
774.004003519654	79620	0	
774.091984064101	79576	0	
774.179968007777	79624	0	
774.267958749911	79644	0	
774.355952891274	79612	0	
774.443953831095	79592	0	
774.531958170145	79592	0	
774.619967608038	79580	0	
774.70798384439	79564	0	
774.79600347997	79512	0	
774.884028214394	79544	0	
774.972058047661	79552	0	
775.060092979772	79512	0	
775.148133010727	79524	0	
775.236178140525	79552	0	
775.324228369166	79504	0	
775.412283696651	79544	0	
775.500342423365	79532	0	
775.588407948537	79536	0	
775.676478572552	79512	0	
775.764552595797	79524	0	
775.852633417499	79536	0	
775.94071763843	79548	0	
776.02880865782	79564	0	
776.116903076438	79604	0	
776.2050025939	79640	0	
776.29310890982	79620	0	
776.381218624968	79652	0	
776.469333438961	79740	0	
776.21933374334	79688	0	
775.969334047719	79700	0	
775.719332652484	79700	0	
775.469332956864	79712	0	
775.219333261243	79676	0	
774.969333565622	79684	0	
774.719333870002	79752	0	
774.469332474767	79664	0	
774.219332779146	79660	0	
773.969333083526	79652	0	
773.719333387905	79636	0	
773.469333692284	79584	0	
773.219333996664	79560	0	
772.969332601428	79524	0	
772.719332905808	79484	0	
772.469333210187	79456	0	
772.219333514567	79452	0	
771.969333818946	79444	0	
771.719332423711	79424	0	
771.46933272809	79468	0	
771.21933303247	79440	0	
770.969333336849	79428	0	
770.719333641228	79456	0	
770.469333945608	79412	0	
770.219332550373	79408	0	
769.969332854752	79432	0	
769.719334858746	79472	0	
769.469335163125	79396	0	
769.219335467504	79408	0	
768.969335771884	79440	0	
768.719334376649	79416	0	
768.469334681028	79484	0	
768.219334985408	79496	0	
767.969335289787	79464	0	
767.719335594166	79508	0	
767.469334198931	79448	0	
767.219334503311	79496	0	
766.96933480769	79468	0	
766.719335112069	79456	0	
766.469335416449	79448	0	
766.219335720828	79404	0	
765.969334325593	79420	0	
765.719334629972	79360	0	
765.469334934352	79328	0	
765.219335238731	79332	0	
764.96933554311	79312	0	
764.719334147875	79304	0	
764.469334452255	79280	0	
764.219334756634	79252	0	
763.969335061013	79228	0	
763.719335365393	79188	0	
763.469335669772	79204	0	
763.219334274537	79192	0	
762.969334578916	79152	0	
762.719334883296	79124	0	
762.469335187675	79160	0	
762.219335492054	79156	0	
761.969335796434	79168	0	
761.719334401199	79148	0	
761.469334705578	79148	0	
761.219335009957	79184	0	
760.969335314337	79160	0	
760.719335618716	79172	0	
760.469334223481	79204	0	
760.21933452786	79216	0	
759.96933483224	79196	0	
759.719335136619	79184	0	
759.469335440999	79172	0	
759.219335745378	79152	0	
758.969334350143	79192	0	
758.719334654522	79164	0	
758.469334958902	79144	0	
758.219335263281	79104	0	
757.96933556766	79136	0	
757.719334172425	79072	0	
757.469334476805	79064	0	
757.219334781184	79080	0	
756.969335085563	79036	0	
756.719335389943	78984	0	
756.469335694322	78980	0	
756.219334299087	78988	0	
755.969334603466	78936	0	
755.719334907846	78960	0	
755.469335212225	78900	0	
755.219335516604	78872	0	
754.969334121369	78900	0	
754.719334425749	78884	0	
754.469334730128	78900	0	
754.219335034507	78896	0	
753.969335338887	78892	0	
753.719335643266	78900	0	
753.469334248031	78864	0	
753.21933455241	78924	0	
752.96933485679	78896	0	
752.719335161169	78916	0	
752.469335465548	78916	0	
752.219335769928	78900	0	
751.969334374693	78884	0	
751.719334679072	78852	0	
751.469334983451	78888	0	
751.219335287831	78880	0	
750.96933559221	78884	0	
750.719334196975	78888	0	
750.469334501354	78848	0	
750.219334805734	78844	0	
749.969335110113	78816	0	
749.719335414493	78828	0	
749.469335718872	78808	0	
749.219334323637	78768	0	
748.969334628016	78792	0	
748.719334932395	78768	0	
748.469335236775	78736	0	
748.219335541154	78696	0	
747.969334145919	78724	0	
747.719334450298	78668	0	
747.469334754678	78680	0	
747.219335059057	78644	0	
746.969335363437	78664	0	
746.719335667816	78652	0	
746.469334272581	78624	0	
746.21933457696	78620	0	
745.96933488134	78644	0	
745.719335185719	78656	0	
745.469335490098	78668	0	
745.219335794478	78640	0	
744.969334399243	78596	0	
744.719334703622	78640	0	
744.469335008001	78656	0	
744.219335312381	78664	0	
743.96933561676	78628	0	
743.719334221525	78636	0	
743.469334525904	78652	0	
743.219334830284	78676	0	
742.969335134663	78632	0	
742.719335439042	78604	0	
742.469335743422	78592	0	
742.219334348187	78596	0	
741.969334652566	78560	0	
741.719334956945	78556	0	
741.469335261325	78512	0	
741.219337265319	78452	0	
740.969335870084	78448	0	
740.719336174463	78448	0	
740.469336478842	78428	0	
740.219336783222	78356	0	
739.969337087601	78352	0	
739.71933739198	78384	0	
739.469335996745	78420	0	
739.219336301125	78376	0	
738.969336605504	78360	0	
738.719336909883	78360	0	
738.469337214263	78360	0	
738.219335819028	78392	0	
737.969336123407	78368	0	
737.719336427786	78368	0	
737.469336732166	78344	0	
737.219337036545	78364	0	
736.969337340924	78384	0	
736.719335945689	78352	0	
736.469336250069	78344	0	
736.219336554448	78396	0	
735.969336858827	78396	0	
735.719337163207	78356	0	
735.469337467586	78380	0	
735.219336072351	78368	0	
734.96933637673	78352	0	
734.71933668111	78368	0	
734.469336985489	78360	0	
734.219337289869	78296	0	
733.969335894633	78236	0	
733.719336199013	78224	0	
733.469336503392	78232	0	
733.219336807772	78180	0	
732.969337112151	78164	0	
732.71933741653	78152	0	
732.469336021295	78180	0	
732.219336325674	78120	0	
731.969336630054	78116	0	
731.719336934433	78120	0	
731.469337238813	78088	0	
731.219335843577	78068	0	
730.969336147957	78096	0	
730.719336452336	78084	0	
730.469336756716	78060	0	
730.219337061095	78060	0	
729.969337365474	78048	0	
729.719335970239	78088	0	
729.469336274619	78072	0	
729.219336578998	78132	0	
728.969336883377	78092	0	
728.719337187757	78120	0	
728.469337492136	78140	0	
728.219336096901	78176	0	
727.96933640128	78156	0	
727.71933670566	78108	0	
727.469337010039	78124	0	
727.219337314418	78136	0	
726.969335919183	78096	0	
726.719336223563	78076	0	
726.469336527942	78056	0	
726.219336832321	78012	0	
725.969337136701	78040	0	
725.71933744108	78004	0	
725.469336045845	77984	0	
725.219336350224	77964	0	
724.969336654604	77896	0	
724.719336958983	77912	0	
724.469337263362	77928	0	
724.219335868127	77924	0	
723.969336172507	77836	0	
723.719336476886	77864	0	
723.469336781266	77860	0	
723.219337085645	77848	0	
722.969337390024	77820	0	
722.719335994789	77808	0	
722.469336299169	77804	0	
722.219336603548	77784	0	
721.969336907927	77768	0	
721.719337212307	77804	0	
721.469335817072	77808	0	
721.219336121451	77804	0	
720.96933642583	77852	0	
720.71933673021	77880	0	
720.469337034589	77844	0	
720.219337338968	77844	0	
719.969335943733	77860	0	
719.719336248113	77796	0	
719.469336552492	77824	0	
719.219336856871	77820	0	
718.969337161251	77836	0	
718.71933746563	77828	0	
718.469336070395	77764	0	
718.219336374774	77776	0	
717.969336679154	77744	0	
717.719336983533	77708	0	
717.469337287912	77748	0	
717.219335892677	77680	0	
716.969336197057	77672	0	
716.719336501436	77664	0	
716.469336805815	77760	0	
716.219337110195	77928	0	
715.969337414574	78000	0	
715.719336019339	78036	0	
715.469336323718	78044	0	
715.219336628098	78060	0	
714.969336932477	78032	0	
714.719337236857	78028	0	
714.469335841621	78064	0	
714.219336146001	78040	0	
713.96933645038	78016	0	
713.71933675476	78036	0	
713.469337059139	78024	0	
713.219337363518	78020	0	
712.969335968283	78036	0	
712.719337972277	78016	0	
712.469338276656	78032	0	
712.219338581036	78040	0	
711.969338885415	78028	0	
711.719339189794	78008	0	
711.469337794559	78020	0	
711.219338098939	78000	0	
710.969338403318	78024	0	
710.719338707697	77992	0	
710.469339012077	78020	0	
710.219337616842	78044	0	
709.969337921221	78000	0	
709.719338225601	78044	0	
709.46933852998	78072	0	
709.219338834359	78020	0	
708.969339138739	78036	0	
708.719337743504	77996	0	
708.469338047883	78048	0	
708.219338352262	78036	0	
707.969338656642	78000	0	
707.719338961021	78040	0	
707.469337565786	77988	0	
707.219337870165	78036	0	
706.969338174545	78020	0	
706.719338478924	78032	0	
706.469338783303	78020	0	
706.219339087683	78000	0	
705.969337692448	77992	0	
705.719337996827	78012	0	
705.469338301206	78032	0	
705.219338605586	78028	0	
704.969338909965	78040	0	
704.71933751473	78008	0	
704.469337819109	78076	0	
704.219338123489	78004	0	
703.969338427868	78052	0	
703.719338732247	78024	0	
703.469339036627	78008	0	
703.219337641392	78024	0	
702.969337945771	78028	0	
702.71933825015	77996	0	
702.46933855453	78040	0	
702.219338858909	78048	0	
701.969339163289	78044	0	
701.719337768053	78040	0	
701.469338072433	78040	0	
701.219338376812	78052	0	
700.969338681192	78044	0	
700.719338985571	78012	0	
700.469337590336	78032	0	
700.219337894715	78048	0	
699.969338199095	78044	0	
699.719338503474	78016	0	
699.469338807853	78016	0	
699.219339112233	77996	0	
698.969337716997	78000	0	
698.719338021377	78048	0	
698.469338325756	78056	0	
698.219338630136	78048	0	
697.969338934515	78056	0	
697.71933753928	78048	0	
697.469337843659	78012	0	
697.219338148039	77988	0	
696.969338452418	77980	0	
696.719338756797	78060	0	
696.469339061177	78032	0	
696.219337665942	78032	0	
695.969337970321	78048	0	
695.7193382747	78012	0	
695.46933857908	78004	0	
695.219338883459	78024	0	
694.969339187838	78000	0	
694.719337792603	78028	0	
694.469338096983	78056	0	
694.219338401362	78032	0	
693.969338705741	78008	0	
693.719339010121	77996	0	
693.469337614886	77988	0	
693.219337919265	78004	0	
692.969338223644	78036	0	
692.719338528024	78024	0	
692.469338832403	78012	0	
692.219339136783	78060	0	
691.969337741547	78032	0	
691.719338045927	78016	0	
691.469338350306	78008	0	
691.219338654685	78032	0	
690.969338959065	78028	0	
690.71933756383	78008	0	
690.469337868209	77988	0	
690.219338172588	78016	0	
689.969338476968	77996	0	
689.719338781347	78068	0	
689.469339085727	78080	0	
689.219337690491	78056	0	
688.969337994871	78036	0	
688.71933829925	78020	0	
688.46933860363	78008	0	
688.219338908009	78052	0	
687.969337512774	78016	0	
687.719337817153	77992	0	
687.469338121533	78016	0	
687.219338425912	78020	0	
686.969338730291	78040	0	
686.719339034671	78044	0	
686.469337639436	78016	0	
686.219337943815	78044	0	
685.969338248194	78032	0	
685.719338552574	78040	0	
685.469338856953	78012	0	
685.219339161332	78032	0	
684.969337766097	78040	0	
684.719338070477	78064	0	
684.469338374856	78032	0	
684.21934037885	78048	0	
683.969340683229	78044	0	
683.719339287994	77992	0	
683.469339592373	78008	0	
683.219339896753	78020	0	
682.969340201132	78044	0	
682.719340505512	78004	0	
682.469340809891	78020	0	
682.219339414656	78016	0	
681.969339719035	77992	0	
681.719340023415	78012	0	
681.469340327794	78032	0	
681.219340632173	78036	0	
680.969339236938	77988	0	
680.719339541318	78012	0	
680.469339845697	78036	0	
680.219340150076	78016	0	
679.969340454456	78008	0	
679.719340758835	78028	0	
679.4693393636	78028	0	
679.219339667979	78016	0	
678.969339972359	78008	0	
678.719340276738	78004	0	
678.469340581117	78048	0	
678.219340885497	78040	0	
677.969339490262	78028	0	
677.719339794641	78004	0	
677.46934009902	78064	0	
677.2193404034	78028	0	
676.969340707779	78040	0	
676.719339312544	78040	0	
676.469339616923	78032	0	
676.219339921303	78036	0	
675.969340225682	78020	0	
675.719340530062	78020	0	
675.469340834441	78040	0	
675.219339439206	78000	0	
674.969339743585	77980	0	
674.719340047964	78024	0	
674.469340352344	78016	0	
674.219340656723	78008	0	
673.969339261488	78016	0	
673.719339565867	78000	0	
673.469339870247	78060	0	
673.219340174626	78004	0	
672.969340479006	77988	0	
672.719340783385	77980	0	
672.46933938815	78028	0	
672.219339692529	78036	0	
671.969339996909	78060	0	
671.719340301288	78040	0	
671.469340605667	77996	0	
671.219339210432	78000	0	
670.969339514812	78000	0	
670.719339819191	78000	0	
670.46934012357	77992	0	
670.21934042795	77988	0	
669.969340732329	78000	0	
669.719339337094	78020	0	
669.469339641473	78020	0	
669.219339945853	78044	0	
668.969340250232	78004	0	
668.719340554611	78008	0	
668.469340858991	78020	0	
668.219339463756	78064	0	
667.969339768135	78012	0	
667.719340072514	78012	0	
667.469340376894	78024	0	
667.219340681273	78008	0	
666.969339286038	78020	0	
666.719339590417	78076	0	
666.469339894797	78012	0	
666.219340199176	78048	0	
665.969340503555	78028	0	
665.719340807935	78020	0	
665.4693394127	78032	0	
665.219339717079	78016	0	
664.969340021458	78060	0	
664.719340325838	78040	0	
664.469340630217	78000	0	
664.219339234982	78016	0	
663.969339539362	78024	0	
663.719339843741	78028	0	
663.46934014812	78036	0	
663.2193404525	78036	0	
662.969340756879	77984	0	
662.719339361644	78000	0	
662.469339666023	78028	0	
662.219339970403	78016	0	
661.969340274782	78048	0	
661.719340579161	78028	0	
661.469340883541	78024	0	
661.219339488306	78064	0	
660.969339792685	78032	0	
660.719340097064	78016	0	
660.469340401444	78012	0	
660.219340705823	78008	0	
659.969339310588	78004	0	
659.719339614967	78028	0	
659.469339919347	78024	0	
659.219340223726	78008	0	
658.969340528105	78000	0	
658.719340832485	78000	0	
658.46933943725	78016	0	
658.219339741629	78028	0	
657.969340046008	78044	0	
657.719340350388	77996	0	
657.469340654767	77984	0	
657.219339259532	78060	0	
656.969339563911	78044	0	
656.719339868291	78032	0	
656.46934017267	78012	0	
656.21934047705	78040	0	
655.969340781429	78040	0	
655.719341085808	77980	0	
655.469341390188	78028	0	
655.219341694567	78036	0	
654.969341998946	78080	0	
654.719342303326	77992	0	
654.469342607705	78008	0	
654.21934121247	78032	0	
653.969341516849	78028	0	
653.719341821229	78024	0	
653.469342125608	78036	0	
653.219342429987	78052	0	
652.969341034752	78044	0	
652.719341339132	78000	0	
652.469341643511	78016	0	
652.21934194789	78012	0	
651.96934225227	78024	0	
651.719342556649	78004	0	
651.469341161414	78012	0	
651.219341465793	78036	0	
650.969341770173	78004	0	
650.719342074552	77980	0	
650.469342378932	78032	0	
650.219340983696	78044	0	
649.969341288076	78000	0	
649.719341592455	78036	0	
649.469341896835	78008	0	
649.219342201214	78004	0	
648.969342505593	78020	0	
648.719341110358	78028	0	
648.469341414738	78024	0	
648.219341719117	78048	0	
647.969342023496	78012	0	
647.719342327876	78028	0	
647.469340932641	78008	0	
647.21934123702	78000	0	
646.969341541399	78020	0	
646.719341845779	78024	0	
646.469342150158	78048	0	
646.219342454537	78048	0	
645.969341059302	78020	0	
645.719341363682	78004	0	
645.469341668061	77972	0	
645.21934197244	77984	0	
644.96934227682	78028	0	
644.719342581199	78008	0	
644.469341185964	78032	0	
644.219341490343	78040	0	
643.969341794723	78032	0	
643.719342099102	78032	0	
643.469342403482	78024	0	
643.219341008246	78056	0	
642.969341312626	78064	0	
642.719341617005	78036	0	
642.469341921384	78024	0	
642.219342225764	78024	0	
641.969342530143	77988	0	
641.719341134908	78028	0	
641.469341439287	78012	0	
641.219341743667	77988	0	
640.969342048046	77984	0	
640.719342352426	77992	0	
640.46934095719	78028	0	
640.21934126157	78020	0	
639.969341565949	78024	0	
639.719341870329	78004	0	
639.469342174708	77988	0	
639.219342479087	77996	0	
638.969341083852	78012	0	
638.719341388232	78008	0	
638.469341692611	78000	0	
638.21934199699	78004	0	
637.96934230137	78004	0	
637.719342605749	78036	0	
637.469341210514	78028	0	
637.219341514893	78028	0	
636.969341819273	78064	0	
636.719342123652	78016	0	
636.469342428031	78004	0	
636.219341032796	78008	0	
635.969341337176	78032	0	
635.719341641555	78048	0	
635.469341945934	78020	0	
635.219342250314	78016	0	
634.969342554693	78044	0	
634.719341159458	78056	0	
634.469341463837	78060	0	
634.219341768217	78028	0	
633.969342072596	78032	0	
633.719342376975	78048	0	
633.46934098174	78032	0	
633.21934128612	78056	0	
632.969341590499	78068	0	
632.719341894878	78076	0	
632.469342199258	78044	0	
632.219342503637	78032	0	
631.969341108402	78040	0	
631.719341412781	78012	0	
631.469341717161	78016	0	
631.21934202154	78032	0	
630.96934232592	78020	0	
630.719340930684	77988	0	
630.469341235064	78020	0	
630.219341539443	78036	0	
629.969341843823	77988	0	
629.719342148202	78004	0	
629.469342452581	78028	0	
629.219341057346	78036	0	
628.969341361725	78000	0	
628.719341666105	78040	0	
628.469341970484	78024	0	
628.219342274864	78048	0	
627.969342579243	78032	0	
627.719341184008	78024	0	
627.469341488387	78024	0	
627.219343492381	78032	0	
626.969343796761	78036	0	
626.71934410114	78008	0	
626.469342705905	78020	0	
626.219343010284	78044	0	
625.969343314663	78048	0	
625.719343619043	78036	0	
625.469343923422	78028	0	
625.219344227802	77996	0	
624.969342832566	78016	0	
624.719343136946	78020	0	
624.469343441325	78036	0	
624.219343745705	78044	0	
623.969344050084	78040	0	
623.719342654849	78052	0	
623.469342959228	78028	0	
623.219343263608	78052	0	
622.969343567987	78004	0	
622.719343872366	78000	0	
622.469344176746	77992	0	
622.219342781511	78020	0	
621.96934308589	78020	0	
621.719343390269	78012	0	
621.469343694649	78004	0	
621.219343999028	78060	0	
620.969344303407	78040	0	
620.719342908172	78020	0	
620.469343212552	78032	0	
620.219343516931	78028	0	
619.96934382131	78016	0	
619.71934412569	78036	0	
619.469342730455	78044	0	
619.219343034834	78028	0	
618.969343339213	78020	0	
618.719343643593	78008	0	
618.469343947972	78032	0	
618.219344252351	78008	0	
617.969342857116	78012	0	
617.719343161496	78008	0	
617.469343465875	78008	0	
617.219343770254	78024	0	
616.969344074634	78008	0	
616.719342679399	78020	0	
616.469342983778	78044	0	
616.219343288157	78048	0	
615.969343592537	78060	0	
615.719343896916	78016	0	
615.469344201296	78028	0	
615.21934280606	78036	0	
614.96934311044	78028	0	
614.719343414819	78024	0	
614.469343719199	78024	0	
614.219344023578	78012	0	
613.969342628343	78040	0	
613.719342932722	78028	0	
613.469343237102	78060	0	
613.219343541481	78044	0	
612.96934384586	77992	0	
612.71934415024	78036	0	
612.469342755005	78024	0	
612.219343059384	78000	0	
611.969343363763	78020	0	
611.719343668143	78020	0	
611.469343972522	78032	0	
611.219344276901	77996	0	
610.969342881666	78024	0	
610.719343186046	78004	0	
610.469343490425	78068	0	
610.219343794804	78048	0	
609.969344099184	78044	0	
609.719342703949	78016	0	
609.469343008328	78044	0	
609.219343312707	77992	0	
608.969343617087	78008	0	
608.719343921466	77992	0	
608.469344225845	78024	0	
608.21934283061	78052	0	
607.96934313499	78016	0	
607.719343439369	78032	0	
607.469343743748	78028	0	
607.219344048128	78024	0	
606.969342652893	78024	0	
606.719342957272	78056	0	
606.469343261651	78032	0	
606.219343566031	77976	0	
605.96934387041	78016	0	
605.71934417479	78040	0	
605.469342779554	78032	0	
605.219343083934	77996	0	
604.969343388313	78016	0	
604.719343692693	78084	0	
604.469343997072	78044	0	
604.219344301451	78060	0	
603.969342906216	78024	0	
603.719343210596	77972	0	
603.469343514975	77996	0	
603.219343819354	78012	0	
602.969344123734	78016	0	
602.719342728499	78048	0	
602.469343032878	78032	0	
602.219343337257	78012	0	
601.969343641637	78020	0	
601.719343946016	78004	0	
601.469344250395	78016	0	
601.21934285516	78036	0	
600.96934315954	78028	0	
600.719343463919	78064	0	
600.469343768298	78040	0	
600.219344072678	78004	0	
599.969342677443	78004	0	
599.719342981822	78028	0	
599.469343286201	78052	0	
599.219343590581	78032	0	
598.96934389496	78032	0	
598.719345898954	77980	0	
598.469344503719	78028	0	
598.219344808098	78024	0	
597.969345112478	78032	0	
597.719345416857	77996	0	
597.469345721236	78056	0	
597.219344326001	78056	0	
596.969344630381	77996	0	
596.71934493476	78016	0	
596.469345239139	78036	0	
596.219345543519	78044	0	
595.969345847898	78004	0	
595.719344452663	78008	0	
595.469344757042	77992	0	
595.219345061422	77988	0	
594.969345365801	78056	0	
594.71934567018	78040	0	
594.46934597456	78032	0	
594.219344579325	78020	0	
593.969344883704	78056	0	
593.719345188083	78024	0	
593.469345492463	78056	0	
593.219345796842	78048	0	
592.969344401607	78020	0	
592.719344705986	78036	0	
592.469345010366	78072	0	
592.219345314745	77992	0	
591.969345619125	78004	0	
591.719345923504	78016	0	
591.469344528269	78048	0	
591.219344832648	78028	0	
590.969345137028	78060	0	
590.719345441407	78036	0	
590.469345745786	78012	0	
590.219344350551	78044	0	
589.969344654931	78036	0	
589.71934495931	78028	0	
589.469345263689	78012	0	
589.219345568069	78000	0	
588.969345872448	78024	0	
588.719344477213	78052	0	
588.469344781592	78036	0	
588.219345085972	78032	0	
587.969345390351	78052	0	
587.71934569473	78040	0	
587.46934599911	78044	0	
587.219344603875	78016	0	
586.969344908254	78004	0	
586.719345212633	78036	0	
586.469345517013	78036	0	
586.219345821392	78012	0	
585.969344426157	78024	0	
585.719344730536	78016	0	
585.469345034916	78020	0	
585.219345339295	78032	0	
584.969345643674	78032	0	
584.719345948054	78020	0	
584.469344552819	78036	0	
584.219344857198	78008	0	
583.969345161577	78012	0	
583.719345465957	78012	0	
583.469345770336	78072	0	
583.219344375101	78040	0	
582.96934467948	78036	0	
582.71934498386	77996	0	
582.469345288239	78024	0	
582.219345592619	77996	0	
581.969345896998	77988	0	
581.719344501763	77984	0	
581.469344806142	77980	0	
581.219345110522	77996	0	
580.969345414901	78028	0	
580.71934571928	78044	0	
580.469344324045	78012	0	
580.219344628425	78000	0	
579.969344932804	78040	0	
579.719345237183	78016	0	
579.469345541563	78016	0	
579.219345845942	78056	0	
578.969344450707	78040	0	
578.719344755086	78060	0	
578.469345059466	78040	0	
578.219345363845	78016	0	
577.969345668224	78048	0	
577.719345972604	78020	0	
577.469344577369	78048	0	
577.219344881748	78056	0	
576.969345186127	78028	0	
576.719345490507	78036	0	
576.469345794886	78012	0	
576.219344399651	78012	0	
575.96934470403	78036	0	
573.71934574383	78040	0	
575.469345312789	78044	0	
575.219345617168	77980	0	
574.969345921548	78024	0	
574.719344526313	78012	0	
574.469344830692	78012	0	
574.219345135071	78020	0	
573.969345439451	78024	0	
573.71934574383	78040	0	
569.469347519051	77996	0	
569.219346123815	78052	0	
568.969346428195	78020	0	
568.719346732574	77996	0	
568.469347036953	78040	0	
568.219347341333	78016	0	
567.969347645712	78020	0	
567.719346250477	78012	0	
567.469346554856	78016	0	
567.219346859236	78016	0	
566.969347163615	78024	0	
566.719347467995	78016	0	
566.469346072759	78068	0	
566.219346377139	78032	0	
565.969346681518	78036	0	
565.719346985898	78008	0	
565.469347290277	78040	0	
561.219347365883	78008	0	
560.969347670262	78032	0	
560.724293852828	78036	0	
560.469346579406	78020	0	
560.219346883786	78020	0	
559.969347188165	78004	0	
559.719347492544	78036	0	
559.469346097309	78040	0	
559.219346401689	78024	0	
558.969346706068	78048	0	
558.719347010447	78036	0	
556.469346350633	78080	0	
556.219346655012	78048	0	
555.969346959392	78056	0	
555.719347263771	78052	0	
555.46934756815	77988	0	
553.219346908336	78000	0	
554.969346477294	78020	0	
554.719346781674	78008	0	
554.469347086053	78020	0	
554.219347390433	78020	0	
553.969347694812	78020	0	
553.719346299577	78008	0	
553.469346603956	78044	0	
553.219346908336	78000	0	
554.969346477294	78020	0	
554.719346781674	78008	0	
554.469347086053	78020	0	
554.219347390433	78020	0	
553.969347694812	78020	0	
549.719346070803	78024	0	
549.469346375183	78020	0	
549.219346679562	78020	0	
548.969346983941	78024	0	
548.719347288321	78040	0	
548.4693475927	77996	0	
548.219346197465	78012	0	
547.969346501844	78040	0	
547.719346806224	78036	0	
547.469347110603	78056	0	
547.219347414983	78020	0	
546.969346019747	78020	0	
546.719346324127	78048	0	
546.469346628506	78040	0	
546.219346932886	78008	0	
545.969347237265	77996	0	
545.719347541644	78024	0	
545.469346146409	78044	0	
545.219346450789	78036	0	
544.969346755168	78052	0	
544.719347059547	78040	0	
544.469347363927	78032	0	
544.219347668306	78040	0	
543.969346273071	78004	0	
543.71934657745	78016	0	
543.46934688183	78016	0	
543.219347186209	78028	0	
542.969347490588	78020	0	
542.719346095353	78024	0	
542.469346399733	78052	0	
542.219346704112	78040	0	
541.969347008491	78036	0	
541.719349012485	78040	0	
541.469349316865	78036	0	
541.219347921629	78032	0	
540.969348226009	78040	0	
540.719348530388	77996	0	
540.469348834768	78012	0	
540.219349139147	78004	0	
539.969347743912	77984	0	
539.719348048291	78028	0	
539.469348352671	78024	0	
539.21934865705	78012	0	
538.969348961429	78020	0	
538.719349265809	78032	0	
538.469347870574	78020	0	
538.219348174953	78020	0	
537.969348479332	77992	0	
537.719348783712	78032	0	
537.469349088091	78032	0	
537.21934939247	78044	0	
536.969347997235	78032	0	
536.719348301615	78060	0	
536.469348605994	78028	0	
536.219348910373	78004	0	
535.969349214753	78032	0	
535.719347819518	78044	0	
535.469348123897	78012	0	
535.219348428276	78024	0	
534.969348732656	78012	0	
534.719349037035	78016	0	
534.469349341415	78036	0	
534.219347946179	78044	0	
533.969348250559	78040	0	
533.719348554938	78012	0	
533.469348859318	78028	0	
533.219349163697	78016	0	
532.969347768462	78020	0	
532.719348072841	78024	0	
532.469348377221	78004	0	
532.2193486816	78004	0	
531.969348985979	78008	0	
531.719349290359	78024	0	
531.469347895124	78032	0	
531.219348199503	78044	0	
530.969348503882	78020	0	
530.719348808262	78016	0	
530.469349112641	78056	0	
530.219347717406	78028	0	
529.969348021785	78024	0	
529.719348326165	78056	0	
529.469348630544	78040	0	
529.219348934923	77996	0	
526.969348275109	78024	0	
526.719348579488	78036	0	
526.469348883867	78016	0	
526.219349188247	78020	0	
525.969347793012	77996	0	
525.724295675192	78040	0	
523.469349137191	78020	0	
523.219347741956	78004	0	
522.969348046335	78036	0	
522.719348350714	78008	0	
522.469348655094	78024	0	
524.219348224053	78040	0	
523.969348528432	78016	0	
523.719348832812	78040	0	
523.469349137191	78020	0	
523.219347741956	78004	0	
522.969348046335	78036	0	
516.219347766506	78012	0	
515.719348375264	78016	0	
517.219348248603	77988	0	
516.719348857361	78004	0	
516.219347766506	78012	0	
515.719348375264	78016	0	
507.219350226091	78036	0	
508.719350099429	78020	0	
508.219350708188	78012	0	
507.719349617332	77992	0	
507.219350226091	78036	0	
502.719350606076	78024	0	
502.21934951522	78088	0	
501.719350123979	78032	0	
501.219350732737	78060	0	
500.719349641882	78032	0	
500.21935025064	78024	0	
499.719350859399	78068	0	
497.219350503964	78028	0	
496.719349413108	78028	0	
496.219350021867	78024	0	
497.719349895205	78012	0	
497.219350503964	78028	0	
496.719349413108	78028	0	
496.219350021867	78024	0	
489.719349437658	78036	0	
489.219350046417	78028	0	
488.719350655176	78040	0	
488.21934956432	78048	0	
487.719350173079	78028	0	
489.219350046417	78028	0	
488.719350655176	78040	0	
488.21934956432	78048	0	
487.719350173079	78028	0	
481.219351288484	78016	0	
480.719351897243	78064	0	
476.219352277228	78016	0	
477.719352150566	78020	0	
477.219352759325	78008	0	
476.719351668469	78052	0	
476.219352277228	78016	0	
477.719352150566	78020	0	
477.219352759325	78008	0	
476.719351668469	78052	0	
468.219351819681	78048	0	
469.719351693019	78032	0	
469.219352301778	78024	0	
468.719351210922	78016	0	
468.219351819681	78048	0	
465.719351464246	78036	0	
465.219352073004	78040	0	
464.719352681763	78052	0	
464.219351590907	78044	0	
465.719351464246	78036	0	
465.219352073004	78040	0	
464.719352681763	78052	0	
464.219351590907	78044	0	
463.719352199666	78032	0	
461.219351844231	78008	0	
460.71935245299	78016	0	
460.219351362134	78008	0	
461.719351235472	78032	0	
461.219351844231	78008	0	
460.71935245299	78016	0	
460.219351362134	78008	0	
459.719351970893	78028	0	
459.219352579651	78080	0	
456.719352224216	78040	0	
458.219352097554	78028	0	
457.719352706313	78012	0	
457.219351615457	78020	0	
456.719352224216	78040	0	
456.219352832975	78028	0	
455.719353441734	78016	0	
455.219354050492	78028	0	
452.719353695057	77968	0	
452.219354303816	78028	0	
453.719354177154	78012	0	
453.219353086298	78068	0	
452.719353695057	77968	0	
452.219354303816	78028	0	
451.71935321296	78040	0	
451.219353821719	78008	0	
448.719353466284	78020	0	
448.219354075042	78012	0	
449.719353948381	78020	0	
449.219352857525	78024	0	
448.719353466284	78020	0	
441.719353490833	78008	0	
443.219353364172	78044	0	
442.71935397293	78004	0	
442.219352882075	78016	0	
441.719353490833	78008	0	
439.219353135398	78028	0	
438.719353744157	78016	0	
438.219354352916	78028	0	
439.719354226254	78048	0	
439.219353135398	78028	0	
438.719353744157	78016	0	
438.219354352916	78028	0	
429.719354504127	78044	0	
429.219353413272	78016	0	
428.71935402203	78012	0	
428.219352931174	78024	0	
427.719355239548	78020	0	
423.219355619533	78032	0	
422.719354528677	78048	0	
422.219355137436	78028	0	
421.719355746195	78032	0	
421.219354655339	78016	0	
420.719355264098	78004	0	
418.219354908662	78032	0	
419.719354782001	78024	0	
419.219355390759	78004	0	
418.719355999518	78040	0	
418.219354908662	78032	0	
413.719355288648	78020	0	
413.219355897406	78044	0	
412.71935480655	78020	0	
412.219355415309	78044	0	
411.719356024068	78052	0	
411.219354933212	78052	0	
410.719355541971	78008	0	
410.21935615073	77992	0	
409.719355059874	78016	0	
409.219355668633	78040	0	
408.719354577777	78052	0	
408.219355186536	78024	0	
407.719355795294	78032	0	
407.219354704439	78040	0	
406.719355313197	78028	0	
406.219355921956	78068	0	
405.7193548311	78016	0	
405.219355439859	78036	0	
404.719356048618	77992	0	
404.219354957762	78008	0	
403.719355566521	78032	0	
403.21935617528	78040	0	
402.719355084424	78040	0	
402.219355693183	78008	0	
401.719354602327	78012	0	
401.219355211086	78016	0	
400.719355819844	78020	0	
400.219354728989	78044	0	
399.719355337747	78000	0	
399.219355946506	78060	0	
398.719356555265	77996	0	
398.219357164024	78020	0	
397.719357772782	78000	0	
397.219356681927	78044	0	
396.719357290685	78024	0	
396.219357899444	78004	0	
395.719356808588	78016	0	
395.219357417347	78036	0	
394.719356326491	78044	0	
394.21935693525	78032	0	
393.719357544009	78008	0	
393.219356453153	78044	0	
392.719357061912	78040	0	
392.21935767067	78020	0	
391.719356579815	77996	0	
391.219357188574	78040	0	
390.719357797332	78020	0	
390.219356706476	78016	0	
389.719357315235	78020	0	
389.219356224379	78016	0	
388.719356833138	78020	0	
388.219357441897	78036	0	
387.719356351041	78044	0	
387.2193569598	78052	0	
386.719357568559	78036	0	
386.219356477703	78060	0	
385.719357086462	77996	0	
385.21935769522	78056	0	
384.719356604365	77988	0	
384.219357213123	78000	0	
383.719357821882	78048	0	
383.219356731026	77984	0	
382.719357339785	78048	0	
382.219356248929	78004	0	
381.719356857688	78004	0	
381.219357466447	78032	0	
380.719356375591	78048	0	
380.21935698435	78028	0	
379.719357593109	78052	0	
379.219356502253	78004	0	
378.719357111012	78032	0	
378.21935771977	78032	0	
377.719356628915	78024	0	
377.219357237673	78024	0	
376.719357846432	78076	0	
376.219356755576	78000	0	
375.719357364335	78040	0	
375.219356273479	78004	0	
374.719356882238	78040	0	
374.219357490997	78064	0	
373.719356400141	78020	0	
373.2193570089	78012	0	
372.719357617658	78036	0	
372.219356526803	78048	0	
371.719357135561	78032	0	
371.21935774432	78036	0	
370.719356653464	78056	0	
370.219358961838	78028	0	
369.719359570596	78000	0	
369.219358479741	78016	0	
368.719359088499	78044	0	
368.219357997644	78016	0	
367.719358606402	78000	0	
367.219359215161	78036	0	
366.719358124305	78004	0	
366.219358733064	78016	0	
365.719359341823	77996	0	
365.219358250967	78020	0	
364.719358859726	77988	0	
364.219359468485	78036	0	
363.719358377629	78008	0	
363.219358986388	78008	0	
362.719359595146	78064	0	
362.219358504291	78040	0	
361.719359113049	78020	0	
361.219358022194	78008	0	
360.719358630952	78040	0	
360.219359239711	78032	0	
357.719358884276	78056	0	
359.219358757614	78040	0	
356.719358402179	78008	0	
356.219359010938	78000	0	
357.719358884276	78056	0	
357.219359493035	78044	0	
356.719358402179	78008	0	
352.219358782164	78044	0	
351.719359390923	78020	0	
351.219358300067	78044	0	
346.719358680052	78060	0	
348.21935855339	78028	0	
347.719359162149	78040	0	
347.229253226896	78020	0	
344.719359415473	77996	0	
344.219358324617	78000	0	
343.719358933376	78004	0	
343.219359542134	78020	0	
344.719359415473	77996	0	
344.219358324617	78000	0	
343.719358933376	78004	0	
341.219360277555	78040	0	
342.719358451279	78016	0	
342.219359060037	78048	0	
341.719359668796	78096	0	
341.219360277555	78040	0	
342.719358451279	78016	0	
342.219359060037	78048	0	
337.719361139637	78016	0	
337.219360048781	78004	0	
338.71935992212	78072	0	
338.219360530878	78008	0	
335.719360175443	78028	0	
335.219360784202	78016	0	
336.71936065754	77980	0	
336.219361266299	77992	0	
335.719360175443	78028	0	
335.219360784202	78016	0	
336.71936065754	77980	0	
336.219361266299	77992	0	
333.719360910863	78012	0	
333.219359820008	78004	0	
334.719359693346	78056	0	
334.219360302105	78024	0	
333.719360910863	78012	0	
333.219359820008	78004	0	
332.719360428766	78036	0	
332.219361037525	78032	0	
331.719359946669	78020	0	
331.219360555428	78020	0	
330.719361164187	78032	0	
330.219360073331	77988	0	
329.71936068209	78044	0	
329.219361290849	78040	0	
328.719360199993	78012	0	
328.219360808752	78028	0	
327.719359717896	78012	0	
327.219360326655	78004	0	
326.719360935413	78032	0	
326.219359844558	78012	0	
325.719360453316	78048	0	
323.219360097881	78036	0	
322.71936070664	78048	0	
324.219360579978	78008	0	
323.719361188737	78008	0	
323.219360097881	78036	0	
322.71936070664	78048	0	
320.219360351205	78036	0	
321.719360224543	78016	0	
321.219360833302	78052	0	
320.719359742446	78004	0	
320.219360351205	78036	0	
319.719360959963	78020	0	
319.219359869108	78004	0	
318.719360477866	78016	0	
318.219361086625	78048	0	
317.719359995769	78036	0	
317.219360604528	78004	0	
316.719361213287	78012	0	
316.219360122431	78040	0	
315.71936073119	78032	0	
315.219359640334	78016	0	
314.719360249093	78044	0	
314.219360857851	78056	0	
313.719359766996	78020	0	
313.219362075369	77996	0	
312.719362684128	78012	0	
312.219361593272	78020	0	
311.719362202031	78040	0	
311.219362810789	78020	0	
310.719361719934	78024	0	
310.219362328692	78024	0	
309.719362937451	78040	0	
309.219361846595	78032	0	
308.719362455354	78044	0	
306.219362099919	78004	0	
305.719362708678	77992	0	
307.219362582016	78052	0	
306.71936149116	78028	0	
306.219362099919	78004	0	
305.719362708678	77992	0	
301.219361389048	78024	0	
300.719361997807	78024	0	
300.219362606566	78004	0	
299.71936151571	78016	0	
297.219362859889	78064	0	
298.719362733228	78004	0	
298.219361642372	78012	0	
297.71936225113	78032	0	
297.219362859889	78064	0	
294.719362504454	78032	0	
294.219361413598	78040	0	
293.719362022357	78008	0	
295.219361895695	78032	0	
294.719362504454	78032	0	
294.219361413598	78040	0	
293.719362022357	78008	0	
293.219362631116	78036	0	
292.71936154026	78004	0	
290.219362884439	78024	0	
289.719361793583	78032	0	
289.219362402342	78044	0	
290.71936227568	78024	0	
290.219362884439	78024	0	
289.719361793583	78032	0	
285.219362173569	78040	0	
284.719364481942	78024	0	
280.219363162313	78008	0	
281.719363035651	78080	0	
281.21936364441	78032	0	
280.719364253168	78028	0	
280.219363162313	78008	0	
281.719363035651	78080	0	
281.21936364441	78032	0	
280.719364253168	78028	0	
280.219363162313	78008	0	
273.719364277718	78044	0	
273.219363186862	78028	0	
272.719363795621	78040	0	
272.21936440438	78032	0	
271.719363313524	78016	0	
271.219363922283	78004	0	
270.719364531042	78004	0	
272.21936440438	78032	0	
271.719363313524	78016	0	
271.219363922283	78004	0	
270.719364531042	78004	0	
270.219363440186	78044	0	
269.719364048945	78044	0	
269.219364657703	78052	0	
268.719363566848	78012	0	
268.219364175606	77980	0	
267.719363084751	78040	0	
267.219363693509	78056	0	
266.719364302268	78004	0	
266.219363211412	78048	0	
265.719363820171	78020	0	
265.21936442893	78036	0	
