SiN%SampleName
Probe2%ProbeName
5000%MaxDepth
0.25%step_size_nm
40%StiffnessPRC_nN_per_nm
32%PRC_ADCValue_per_nm
2000%TriggerForce_nN
104%LoopDelay_uS
4096%NumberOfSamplingPoints
%
%
%
%
%
%
%
%
%
%
%
5000%XL
5000%YL

712.040588424752	78056	0	
712.124972584923	78060	0	
712.209363543552	78032	0	
712.29375790141	78036	0	
712.378159057726	78012	0	
712.462563613271	78028	0	
712.546973267659	78020	0	
712.631388020891	78012	0	
712.715807872966	78040	0	
712.800232823885	78040	0	
712.884661174033	78032	0	
712.969096322639	78028	0	
713.053536570088	78060	0	
713.137981916381	78004	0	
713.222432361518	78036	0	
713.306886205883	78016	0	
713.391346848706	78028	0	
713.475810890759	78036	0	
713.560281731269	78060	0	
713.644755971008	78048	0	
713.729237009206	78024	0	
713.813721446632	77980	0	
713.898210982902	78012	0	
713.98270731763	78012	0	
714.067207051586	78040	0	
714.151711884387	78040	0	
714.23622181603	78052	0	
714.320736846518	78060	0	
714.405256975848	78048	0	
714.489782204023	78072	0	
714.574310831426	78048	0	
714.658846257287	78040	0	
714.743386781992	78052	0	
714.82793240554	78036	0	
714.912481428317	78056	0	
714.997037249552	78020	0	
715.081596470017	78016	0	
715.166162488939	78032	0	
715.25073190709	78040	0	
715.335306424085	78036	0	
715.419886039923	78036	0	
715.504472454219	78020	0	
715.589062267744	77988	0	
715.673657180113	78012	0	
715.758257191325	78052	0	
715.84286230138	78048	0	
715.927470810665	78036	0	
716.012086118408	78052	0	
716.096706524994	78028	0	
716.181332030423	78028	0	
716.265960935082	78008	0	
716.350596638198	78060	0	
716.435237440158	78016	0	
716.519881641347	78004	0	
716.60453094138	78036	0	
716.68918703987	78048	0	
716.77384653759	78044	0	
716.858511134153	78064	0	
716.943180829559	78052	0	
717.027857323424	78020	0	
717.112537216517	78028	0	
717.197222208454	78060	0	
717.281912299235	78052	0	
717.366607488859	78068	0	
717.451306077712	78048	0	
717.536011465023	78024	0	
717.620721951177	78036	0	
717.705435836561	78048	0	
717.790156520402	78036	0	
717.874882303087	78008	0	
717.959611485001	78028	0	
718.044347465373	78052	0	
718.129086844974	78012	0	
718.213831323418	78000	0	
718.298580900706	78024	0	
718.383337276452	78016	0	
718.468097051427	78024	0	
718.552861925245	78020	0	
718.637631897907	78004	0	
718.722406969412	78000	0	
718.807187139761	78064	0	
718.891972408953	78028	0	
718.976761077374	78044	0	
719.061556544254	78068	0	
719.146357109977	78032	0	
719.231161074928	78044	0	
719.315971838338	78032	0	
719.400786000977	78016	0	
719.485606962074	78048	0	
719.570431322399	78084	0	
719.655262481183	78040	0	
719.740097039196	78004	0	
719.824936696052	78024	0	
719.909781451752	78024	0	
719.994631306295	78040	0	
720.079486259682	78048	0	
720.164346311912	78040	0	
720.249211462986	78036	0	
720.334081712903	78052	0	
720.418957061663	78072	0	
720.503837509267	78060	0	
720.588721356101	78024	0	
720.673612001392	78040	0	
720.758506045912	78036	0	
720.84340688889	78020	0	
720.928311131097	78008	0	
721.013222171762	78024	0	
721.098136611656	78052	0	
721.183056150394	78052	0	
721.267982487589	78048	0	
721.352912224014	78032	0	
721.437847059282	78044	0	
721.522786993394	78048	0	
721.607732026349	78032	0	
721.692682158147	78028	0	
721.777637388789	78020	0	
721.86259601866	78044	0	
721.947561446989	78080	0	
722.032531974162	78032	0	
722.117505900563	78024	0	
722.202486625423	78032	0	
722.287472449126	78024	0	
722.372461672058	78040	0	
722.457455993833	78044	0	
722.542457114067	78028	0	
722.627461633529	78012	0	
722.712471251835	78044	0	
722.797485968984	78040	0	
722.882507484592	78012	0	
722.967532399428	78004	0	
723.052562413108	78056	0	
723.137595826017	78048	0	
723.222636037384	78028	0	
723.307681347594	78048	0	
723.392731756648	78040	0	
723.477787264546	78016	0	
723.562846171672	78012	0	
723.647911877256	77976	0	
723.73298098207	77980	0	
723.818056885341	78032	0	
723.903136187841	78048	0	
723.9882222888	78040	0	
724.073311788987	78000	0	
724.158406388018	78052	0	
724.243506085892	78064	0	
724.32861088261	78056	0	
724.413722477786	78048	0	
724.49883747219	78036	0	
724.583955865824	78040	0	
724.669081057916	78068	0	
724.754211348851	78044	0	
724.83934673863	78056	0	
724.924487227252	78040	0	
725.009631115103	78024	0	
725.094781801412	78044	0	
725.179935886951	78052	0	
725.265096770947	78024	0	
725.350261054172	78064	0	
725.435432135855	78044	0	
725.520606616767	78036	0	
725.605786196523	77996	0	
725.690970875122	78004	0	
725.776162352179	78056	0	
725.861357228465	78032	0	
725.946557203595	78020	0	
726.031762277568	77992	0	
726.116972450385	78012	0	
726.20218602243	78016	0	
726.287406392934	78016	0	
726.372631862281	78040	0	
726.457862430472	78036	0	
726.543096397891	78044	0	
726.628337163769	78052	0	
726.713581328875	78044	0	
726.79883229244	78036	0	
726.884086655233	78032	0	
726.96934611687	78024	0	
727.054612376965	78020	0	
727.139882036289	78036	0	
727.225156794457	78052	0	
727.310436651468	78024	0	
727.395721607322	78008	0	
727.48101166202	78016	0	
727.566306815562	78012	0	
727.651607067947	78000	0	
727.736912419175	78028	0	
727.822221169633	78028	0	
727.907536718548	78020	0	
727.992857366307	78020	0	
728.078181413295	78056	0	
728.163512258741	78056	0	
728.248846503416	78076	0	
728.334185846934	78052	0	
728.41953198891	78060	0	
728.504881530116	78044	0	
728.590236170165	78028	0	
728.675595909057	78020	0	
728.760962446407	78044	0	
728.846332382987	78036	0	
728.93170741841	78004	0	
729.017085853061	78048	0	
729.102471086171	78032	0	
729.187861418125	78040	0	
729.273256848921	78032	0	
729.358657378562	78008	0	
729.444061307431	78020	0	
729.529472034758	78048	0	
729.614886161314	78028	0	
729.700307086329	78032	0	
729.785731410572	78016	0	
729.871160833659	78040	0	
729.956597055203	77980	0	
730.042036675977	78052	0	
730.127481395594	78020	0	
730.212931214055	78000	0	
730.298386131359	78072	0	
730.383846147507	78040	0	
730.469311262498	78012	0	
730.554781476333	78036	0	
730.640256789011	78004	0	
730.725737200533	78044	0	
730.811221011283	78040	0	
730.896711620492	78052	0	
730.982207328544	78080	0	
731.067706435825	78052	0	
731.153212341564	78036	0	
731.238721646532	78032	0	
731.324236050344	78044	0	
731.409757252614	78004	0	
731.495281854112	78012	0	
731.580811554454	78052	0	
731.66634635364	78044	0	
731.751886251669	78060	0	
731.837431248542	78036	0	
731.922981344258	78012	0	
732.008536538817	78044	0	
732.09409683222	78024	0	
732.179662224467	78060	0	
732.265231015942	78036	0	
732.350806605876	78080	0	
732.436387294653	78032	0	
732.521971382659	77988	0	
732.607562269123	78032	0	
732.693156554816	78036	0	
732.778755939352	78036	0	
732.864362122347	78056	0	
732.94997170457	78024	0	
733.035586385637	78028	0	
733.121206165547	78004	0	
733.206831044301	78028	0	
733.292461021899	78068	0	
733.378096098339	78040	0	
733.463736273624	77972	0	
733.549381547752	78012	0	
733.635031920723	78020	0	
733.720687392538	78040	0	
733.806346263582	78024	0	
733.892011933084	78080	0	
733.977681001815	78032	0	
734.063356869003	78016	0	
734.149036135421	78040	0	
734.234722200297	78016	0	
734.320411664402	78044	0	
734.40610622735	78052	0	
734.491805889142	78024	0	
734.577512349392	78000	0	
734.663222208871	77992	0	
734.748937167193	78012	0	
734.834657224359	78032	0	
734.920382380368	78028	0	
735.006110935606	78024	0	
735.091846289302	78040	0	
735.177586741842	78032	0	
735.263332293225	78012	0	
735.349081243838	78024	0	
735.434836992908	78064	0	
735.520596141207	78040	0	
735.606362087964	78020	0	
735.69213143395	78028	0	
735.77790587878	78012	0	
735.863687122068	78064	0	
735.949471764584	78032	0	
736.035261505944	78032	0	
736.121056346148	78032	0	
736.206856285195	78040	0	
736.292661323086	78084	0	
736.37847145982	78012	0	
736.464286695398	78020	0	
736.550107029819	78020	0	
736.635932463083	78008	0	
736.721761295577	78024	0	
736.807596926528	78016	0	
736.893435956709	78004	0	
736.979281785348	78032	0	
737.065131013215	78032	0	
737.150987039541	78072	0	
737.236846465095	78020	0	
737.322710989493	78044	0	
737.408582312349	78000	0	
737.494457034434	78052	0	
737.580336855363	78032	0	
737.666221775135	78052	0	
737.75211179375	78060	0	
737.838006911209	78032	0	
737.923907127512	78044	0	
738.009812442658	78000	0	
738.095721157032	78016	0	
738.181636669865	78020	0	
738.267557281542	78032	0	
738.353481292447	78016	0	
738.439412101811	77992	0	
738.525346310403	78000	0	
738.611287317454	78032	0	
738.697231723733	78020	0	
738.783181228856	78048	0	
738.869135832822	78024	0	
738.955097235247	78052	0	
739.0410620369	78040	0	
739.127031937397	78020	0	
739.213006936737	78024	0	
739.298987034921	78008	0	
739.384972231948	78032	0	
739.470960828205	78036	0	
739.556956222919	78032	0	
739.642956716477	78020	0	
739.728962308878	78016	0	
739.814971300508	78048	0	
739.900987090596	78032	0	
739.987006279914	78044	0	
740.073032267689	78032	0	
740.159061654693	78036	0	
740.245096140541	78044	0	
740.331137424847	78012	0	
740.417182108381	78028	0	
740.50323189076	78068	0	
740.589286771981	78048	0	
740.675346752047	78040	0	
740.761411830955	78044	0	
740.847482008708	78020	0	
740.933557285303	78052	0	
741.019635961128	78060	0	
741.10572143541	78028	0	
741.191812008537	78000	0	
741.277905980892	78036	0	
741.364006751705	78060	0	
741.450109222133	78032	0	
741.536220190633	78028	0	
741.622334558362	78020	0	
741.708455724549	78032	0	
741.794580289965	78020	0	
741.880709954225	78012	0	
741.966844717328	78044	0	
742.052984579274	78020	0	
742.139129540064	78012	0	
742.225279599698	78012	0	
742.311434758175	78056	0	
742.397595015495	78040	0	
742.483760371659	78044	0	
742.569929127052	78040	0	
742.656104680903	78048	0	
742.742285333598	78008	0	
742.828469385521	78060	0	
742.914660235903	78012	0	
743.000854485513	78044	0	
743.087055533582	78036	0	
743.173259980879	78028	0	
743.25946952702	78032	0	
743.345684172005	78016	0	
743.431905615447	78048	0	
743.518130458119	78036	0	
743.604360399633	78036	0	
743.690595439992	77992	0	
743.776835579194	78036	0	
743.863079117625	78052	0	
743.949329454514	78000	0	
744.035584890246	78036	0	
744.121845424822	78032	0	
744.208109358627	78040	0	
744.29438009089	78028	0	
744.380654222381	78040	0	
744.466935152331	78020	0	
744.55321948151	78080	0	
744.639510609147	78068	0	
744.725805136013	78016	0	
744.812104761722	78028	0	
744.898409486275	78024	0	
744.984719309671	78024	0	
745.071034231911	78016	0	
745.157354252994	78048	0	
745.243679372921	78028	0	
745.330009591691	78060	0	
745.416344909305	78024	0	
745.502685325762	78048	0	
745.589029141448	78064	0	
745.675379755593	78068	0	
745.76173546858	78052	0	
745.848094580797	78036	0	
745.934460491472	78040	0	
746.020829801375	78060	0	
746.107204210123	78016	0	
746.193585417328	78028	0	
746.279970023762	78068	0	
746.36635972904	78044	0	
746.452754533161	78036	0	
746.539154436125	78048	0	
746.625559437933	78028	0	
746.711969538585	78028	0	
746.79838473808	78004	0	
746.884805036419	78020	0	
746.971230433601	78048	0	
747.057659230012	78008	0	
747.144094824881	78052	0	
747.230535518594	78064	0	
747.316979611535	78044	0	
747.403430502935	78068	0	
747.489884793563	78068	0	
747.576344183035	78036	0	
747.662810370965	78020	0	
747.749279958124	78020	0	
747.835754644127	78024	0	
747.922234428973	78028	0	
748.008719312662	78028	0	
748.095209295195	78016	0	
748.181704376572	78028	0	
748.268204556792	78012	0	
748.354709835855	78068	0	
748.441220213762	78020	0	
748.527735690513	78040	0	
748.614254566492	78016	0	
748.70078024093	78004	0	
748.787309314596	78036	0	
748.87384518672	78032	0	
748.960384458074	78060	0	
749.046930527885	78044	0	
749.133479996926	78012	0	
749.22003456481	78028	0	
749.306594231537	78016	0	
749.393160696722	78016	0	
749.479730561137	78072	0	
749.566305524395	78020	0	
749.652885586496	78004	0	
749.739470747441	78040	0	
749.826059307615	78048	0	
749.912654666246	78012	0	
749.999255123722	78056	0	
750.08586068004	78044	0	
750.172469635588	78008	0	
750.259085389594	78016	0	
750.345704542829	78048	0	
750.432330494522	78000	0	
750.518959845443	78048	0	
750.605594295209	78024	0	
750.692235543432	78040	0	
750.778880190884	78028	0	
750.86552993718	78032	0	
750.952184782319	78052	0	
751.038844726302	78044	0	
751.125509769128	78020	0	
751.212179910798	78024	0	
751.298855151311	78064	0	
751.385535490668	78048	0	
751.472219229253	78056	0	
751.558909766297	78044	0	
751.645605402184	78060	0	
751.7323044373	78036	0	
751.819010270874	78024	0	
751.905719503677	78032	0	
751.992435534938	78052	0	
752.079154965429	78032	0	
752.165879494762	78024	0	
752.252609122939	77996	0	
752.339345549574	78044	0	
752.426085375438	78076	0	
752.512830300146	78052	0	
752.599580323697	78036	0	
752.686335446092	78024	0	
752.77309566733	78048	0	
752.859859287797	78056	0	
752.946629706722	78044	0	
753.03340522449	78056	0	
753.120184141488	78032	0	
753.206969856943	78028	0	
753.293760671242	78012	0	
753.38055488477	77996	0	
753.467354197142	78012	0	
753.554160307971	78092	0	
753.64096981803	78028	0	
753.727784426932	78032	0	
753.814604134677	78056	0	
753.90143064088	78028	0	
753.988260546313	78028	0	
754.075095550589	78056	0	
754.161935653708	78036	0	
754.248779156057	78032	0	
754.335629456863	78060	0	
754.422484856513	78060	0	
754.509345355006	78052	0	
754.596209252729	78028	0	
754.683079948909	78056	0	
754.769955743933	78020	0	
754.856834938186	78028	0	
754.943719231282	78024	0	
755.030610322836	78036	0	
755.11750481362	78012	0	
755.204404403246	78028	0	
755.291310791331	78036	0	
755.378220578645	78024	0	
755.465135464802	78048	0	
755.552055449803	78036	0	
755.638980533647	78064	0	
755.725910716335	78044	0	
755.812844298252	78016	0	
755.899784678627	78020	0	
755.986730157845	78024	0	
756.073680735907	78008	0	
756.160634713197	78064	0	
756.247595488946	78020	0	
756.334559663924	78012	0	
756.42153063736	78040	0	
756.508505010024	78004	0	
756.595484481532	78028	0	
756.682470751499	78048	0	
756.769460420694	78040	0	
756.856455188732	78072	0	
756.943455055615	78040	0	
757.03046002134	78032	0	
757.117470085909	78036	0	
757.204485249322	78020	0	
757.291505511578	78068	0	
757.378529173063	78004	0	
757.465559633006	78016	0	
757.552595191793	78020	0	
757.639634149808	78032	0	
757.726679906282	78076	0	
757.813730761599	78036	0	
757.900785016145	78020	0	
757.987844369535	78024	0	
758.074910521382	78028	0	
758.161980072459	78048	0	
758.249054722379	77984	0	
758.336134471142	78044	0	
758.423219318749	78044	0	
758.5103092652	78020	0	
758.597404310494	78012	0	
758.684504454631	78020	0	
758.771609697612	78044	0	
758.858720039437	77992	0	
758.945835480105	78040	0	
759.032954320002	78020	0	
759.120079958357	78008	0	
759.207210695555	78044	0	
759.294344831982	78024	0	
759.381485766868	78040	0	
759.468630100982	78024	0	
759.55577953394	78032	0	
759.642935765356	78036	0	
759.730095396001	77972	0	
759.817260125489	78008	0	
759.904429953821	78036	0	
759.991604880996	78008	0	
760.078784907015	78036	0	
760.165970031878	78012	0	
760.253160255583	78036	0	
760.340355578133	78060	0	
760.427554299911	78032	0	
760.514759820147	78036	0	
760.601970439227	78044	0	
760.689184457536	78048	0	
760.776405274303	78048	0	
760.863629490299	78024	0	
760.950860504752	78020	0	
761.038094918435	78040	0	
761.125334430961	78036	0	
761.212580741946	78008	0	
761.299830452159	78000	0	
761.387085261216	78040	0	
761.474345169116	78012	0	
761.561610175859	78036	0	
761.648880281447	78020	0	
761.736155485877	78048	0	
761.823435789152	78040	0	
761.910719491655	78032	0	
761.998009992616	78052	0	
762.085305592421	78036	0	
762.172604591454	78048	0	
762.259910388946	78024	0	
762.347219585666	78028	0	
762.434535580845	78032	0	
762.521854975253	78016	0	
762.609179468504	78036	0	
762.696510760213	78060	0	
762.783845451151	78028	0	
762.871185240933	78032	0	
762.958530129558	78032	0	
763.045880117026	78052	0	
763.133235203338	78032	0	
763.220595388494	78044	0	
763.307960672493	78040	0	
763.395329355721	78040	0	
763.482704837407	78068	0	
763.570085417937	78060	0	
763.657469397695	78076	0	
763.744860175912	78056	0	
763.832254353357	78040	0	
763.91965532926	78012	0	
764.007059704393	78060	0	
764.094469178369	78032	0	
764.181885450803	78028	0	
764.269305122466	78032	0	
764.356729892972	78040	0	
764.444159762322	78032	0	
764.531594730516	78064	0	
764.619034797553	78036	0	
764.706479963433	78060	0	
764.793930228157	78040	0	
764.881385591724	78024	0	
764.968844354521	78036	0	
765.056309915775	78044	0	
765.143780575873	78032	0	
765.2312546352	78048	0	
765.318735492985	78020	0	
765.406219749998	77984	0	
765.49371080547	78052	0	
765.581205260171	78044	0	
765.668704813715	78032	0	
765.756209466103	78060	0	
765.843719217335	78052	0	
765.931235767024	78064	0	
766.018755715942	78096	0	
766.106280763704	78048	0	
766.193809210695	78028	0	
766.281344456143	78056	0	
766.368884800436	78032	0	
766.456430243571	78004	0	
766.543980785551	78040	0	
766.631534726759	78032	0	
766.719095466425	78012	0	
766.80665960532	78024	0	
766.894230542674	78024	0	
766.981804879256	78064	0	
767.069384314681	78028	0	
767.156970548565	78044	0	
767.244560181678	78068	0	
767.332154913634	78016	0	
767.419754744434	78008	0	
767.507359674077	78020	0	
767.594969702563	78052	0	
767.682584829893	78040	0	
767.770205056067	78044	0	
767.857830381084	78036	0	
767.945460804945	78060	0	
768.033094628034	78040	0	
768.120735249582	78044	0	
768.208379270359	78012	0	
768.296030089593	78004	0	
768.383684308057	78016	0	
768.471345324978	78064	0	
768.559009741129	78028	0	
768.646679256123	78032	0	
768.734355569575	78036	0	
768.822035282256	77984	0	
768.90972009378	78016	0	
768.997410004148	78036	0	
769.08510501336	78036	0	
769.172805121415	78052	0	
769.260510328313	78028	0	
769.348220634055	78028	0	
769.435934339026	78028	0	
769.523654842455	78040	0	
769.611380444728	78012	0	
769.699109446229	78004	0	
769.786845246189	78060	0	
769.874584445377	78076	0	
769.962328743409	78040	0	
770.050078140284	78048	0	
770.137832636003	78004	0	
770.22559393018	78032	0	
770.313358623586	78056	0	
770.401128415835	78020	0	
770.488903306928	78008	0	
770.576683296865	78004	0	
770.664468385644	78024	0	
770.752258573268	78036	0	
770.840053859735	78092	0	
770.92785254543	78044	0	
771.015658029584	78024	0	
771.103468612582	78064	0	
771.191282594808	78004	0	
771.279103375492	78016	0	
771.366927555405	78052	0	
771.454758533777	78052	0	
771.542592911377	78012	0	
771.630434087435	78040	0	
771.718278662723	78040	0	
771.806128336853	77992	0	
771.893983109828	78056	0	
771.981842981645	78044	0	
772.069707952306	78004	0	
772.157578021811	78056	0	
772.245453190159	78024	0	
772.333333457351	78016	0	
772.421218823386	78024	0	
772.50910758865	78060	0	
772.597003152373	78052	0	
772.684903814938	78012	0	
772.772807876733	78012	0	
772.860718736986	78068	0	
772.948632996467	78044	0	
773.036554054407	78020	0	
773.124478511575	78004	0	
773.212408067587	78020	0	
773.300342722443	78012	0	
773.388282476142	78004	0	
773.476229028299	78044	0	
773.564178979685	78032	0	
773.652134029915	78048	0	
773.740092479374	78048	0	
773.82805772729	78024	0	
773.91602807405	78012	0	
774.004003519654	78000	0	
774.091984064101	78036	0	
774.179968007777	78008	0	
774.267958749911	78036	0	
774.355952891274	78028	0	
774.443953831095	78052	0	
774.531958170145	78028	0	
774.619967608038	78032	0	
774.70798384439	78032	0	
774.79600347997	78068	0	
774.884028214394	78028	0	
774.972058047661	78044	0	
775.060092979772	78028	0	
775.148133010727	78052	0	
775.236178140525	78020	0	
775.324228369166	78056	0	
775.412283696651	78056	0	
775.500342423365	78056	0	
775.588407948537	78040	0	
775.676478572552	78036	0	
775.764552595797	78044	0	
775.852633417499	78024	0	
775.94071763843	78040	0	
776.02880865782	78028	0	
776.116903076438	77992	0	
776.2050025939	78040	0	
776.29310890982	78004	0	
776.381218624968	77996	0	
776.469333438961	78028	0	
776.557453351797	78024	0	
776.645578363476	78004	0	
776.733708473999	78004	0	
776.821843683365	78004	0	
776.909983991575	78052	0	
776.998127699013	78044	0	
777.08627820491	78016	0	
777.17443380965	78036	0	
777.26259281362	78012	0	
777.350758616047	78064	0	
777.438927817703	78020	0	
777.527103817817	78020	0	
777.61528321716	78048	0	
777.703467715347	78044	0	
777.791659011992	77996	0	
777.879853707865	78020	0	
777.968053502583	78040	0	
778.056258396143	78020	0	
778.144468388547	78056	0	
778.232683479795	78048	0	
778.320903669886	78036	0	
778.409128958821	78016	0	
778.497357646984	78052	0	
778.585593133606	78040	0	
778.673833719071	78048	0	
778.762077703765	78020	0	
778.850328486917	78040	0	
778.938582669298	78044	0	
779.026843650137	78056	0	
779.115108030206	78004	0	
779.203377509117	78012	0	
779.291653786487	78032	0	
779.379933463085	78040	0	
779.468218238527	78068	0	
779.556508112813	78092	0	
779.644803085942	78020	0	
779.733103157914	78060	0	
779.82140832873	78020	0	
779.90971859839	78056	0	
779.998033966893	78036	0	
780.086352734625	78056	0	
780.174678300815	78040	0	
780.263008965848	78036	0	
780.35134303011	78028	0	
780.439683892831	78028	0	
780.52802815478	78056	0	
780.616377515573	77992	0	
780.704733674824	78052	0	
780.793093233304	78076	0	
780.881457890627	78036	0	
780.969827646794	78016	0	
781.058202501805	78032	0	
781.146582455659	78028	0	
781.234967508356	78044	0	
781.323357659897	77996	0	
781.411752910281	78024	0	
781.500153259509	78084	0	
781.58855870758	78040	0	
781.67696755488	78044	0	
781.765383200639	78056	0	
781.853803945241	78064	0	
781.942228089071	78012	0	
782.03065903136	78028	0	
782.119093372878	78060	0	
782.207532813239	78024	0	
782.295979052058	78020	0	
782.384428690107	78052	0	
782.472883426998	78044	0	
782.561343262734	78008	0	
782.649808197312	77984	0	
782.738278230735	78028	0	
782.826753363	78024	0	
782.91523359411	78032	0	
783.003718924062	78036	0	
783.092207653244	78060	0	
783.180703180884	78008	0	
783.269203807367	78040	0	
783.357707833079	78028	0	
783.446218657249	78024	0	
783.534732880648	78020	0	
783.623253902505	78032	0	
783.711778323591	78060	0	
783.800307843521	78052	0	
783.888842462294	78060	0	
783.977383879525	78040	0	
784.065928695985	78028	0	
784.154478611289	78024	0	
784.243033625436	78028	0	
784.331593738427	78012	0	
784.420158950261	78008	0	
784.508727561324	78020	0	
784.597302970845	78080	0	
784.685883479209	78036	0	
784.774469086417	78040	0	
784.863058092854	78052	0	
784.951653897749	78044	0	
785.040253101873	78064	0	
785.128859104455	78004	0	
785.217468506266	78044	0	
785.306083006921	78012	0	
785.394702606419	78020	0	
785.483329004375	78032	0	
785.57195880156	78000	0	
785.660593697588	78044	0	
785.74923369246	78032	0	
785.837878786175	78048	0	
785.926528978734	78044	0	
786.015182570522	78056	0	
786.103842960768	78040	0	
786.192508449858	78040	0	
786.28117903779	78048	0	
786.369853024952	78060	0	
786.458533810572	78052	0	
786.547217995421	78024	0	
786.635908978728	78032	0	
786.724603361264	78064	0	
786.813302842643	78084	0	
786.902007422866	78036	0	
786.990718801547	78028	0	
787.079433579457	78024	0	
787.16815345621	78072	0	
787.256878431807	78004	0	
787.345608506247	78048	0	
787.434343679531	78028	0	
787.523083951658	77992	0	
787.611827623014	78012	0	
787.700578092829	78044	0	
787.789333661486	78052	0	
787.878092629373	78040	0	
787.966858395718	78032	0	
788.055627561291	78064	0	
788.144403525323	78016	0	
788.233182888584	78072	0	
788.321969050303	78040	0	
788.41075861125	78032	0	
788.499553271041	78036	0	
788.588353029676	78028	0	
788.677157887154	78012	0	
788.765967843476	78032	0	
788.854782898641	78024	0	
788.94360305265	78080	0	
789.032428305502	78056	0	
789.121258657197	78048	0	
789.210094107737	78068	0	
789.298932957505	78052	0	
789.387778605731	78040	0	
789.476627653186	78020	0	
789.565483499099	78048	0	
789.654342744241	78024	0	
789.743208787841	78044	0	
789.83207823067	78036	0	
789.920952772343	78012	0	
790.009832412859	78044	0	
790.098718851833	78024	0	
790.187608690036	78052	0	
790.276503627082	78016	0	
790.365403662972	78040	0	
790.454308797706	78012	0	
790.543219031283	78032	0	
790.632132664089	78032	0	
790.721053095353	78032	0	
790.80997862546	78020	0	
790.898907554797	78036	0	
790.987843282591	78044	0	
791.076784109229	78044	0	
791.165728335096	78044	0	
791.254677659806	78004	0	
791.343633782975	77996	0	
791.432593305372	78044	0	
791.521557926613	78032	0	
791.610527646698	78036	0	
791.699502465625	78008	0	
791.788484083011	78040	0	
791.877469099626	78004	0	
791.96645751547	78036	0	
792.055452729772	78008	0	
792.144453042917	78012	0	
792.233458454906	78024	0	
792.322468965738	78032	0	
792.4114828758	78012	0	
792.500503584319	78020	0	
792.589527692067	78068	0	
792.678558598274	78052	0	
792.767592903709	78072	0	
792.856634007602	78068	0	
792.945678510724	78036	0	
793.03472811269	78044	0	
793.123782813499	78012	0	
793.212842613152	78024	0	
793.301907511648	78024	0	
793.390977508988	78040	0	
793.480052605171	78040	0	
793.569132800198	78004	0	
793.658218094068	78036	0	
793.747308486782	78008	0	
793.836403978339	78016	0	
793.925502869125	78020	0	
794.014608558369	78064	0	
794.103717646842	78040	0	
794.192833533774	78020	0	
794.281952819934	78032	0	
794.371078904552	78036	0	
794.460208388399	78044	0	
794.54934297109	78036	0	
794.638482652624	78048	0	
794.727627433001	78040	0	
794.816779011837	78036	0	
794.905933989902	78060	0	
794.99509406681	78048	0	
795.084257542947	78000	0	
795.173427817542	78024	0	
795.26260319098	78052	0	
795.351783663262	78044	0	
795.440967534773	78032	0	
795.530158204742	78016	0	
795.619353973555	77996	0	
795.708553141596	78048	0	
795.797759108096	78056	0	
795.886968473824	78024	0	
795.976182938396	78032	0	
796.065402501812	78040	0	
796.154628863685	78036	0	
796.243858624788	78056	0	
796.333093484734	78088	0	
796.422333443523	78040	0	
796.511578501156	78028	0	
796.600828657633	78020	0	
796.690083912952	78016	0	
796.779342567501	78040	0	
796.868608020508	78036	0	
796.957878572359	78044	0	
797.047152523438	77992	0	
797.136433272975	78056	0	
797.225717421742	78044	0	
797.315008368966	78036	0	
797.40430271542	78052	0	
797.493603860331	78028	0	
797.582908404471	78056	0	
797.672218047455	78012	0	
797.761532789282	78004	0	
797.850852629953	78044	0	
797.940177569467	78052	0	
798.029507607825	78020	0	
798.118842745027	78016	0	
798.208182981071	78044	0	
798.29752831596	78036	0	
798.386878749691	78048	0	
798.476230883038	78068	0	
798.565591514456	78036	0	
798.654957244719	78032	0	
798.74432637421	78008	0	
798.833702302159	78052	0	
798.923081629337	78020	0	
799.012466055359	78000	0	
799.101857279839	78024	0	
799.191251903547	78044	0	
799.280651626099	78044	0	
799.370056447495	78032	0	
799.459466367734	78008	0	
799.548881386817	78036	0	
799.638301504743	78024	0	
799.727726721513	78084	0	
799.817157037126	78044	0	
799.906590751968	78016	0	
799.996031265268	78036	0	
800.085476877412	78048	0	
800.174925888784	78024	0	
800.264381698615	78020	0	
800.353840907675	78028	0	
800.443306915192	78048	0	
800.532776321939	78068	0	
800.622250827529	78056	0	
800.711732131577	78008	0	
800.801216834854	78052	0	
800.890706636974	78004	0	
800.980201537938	78032	0	
801.069701537746	78044	0	
801.159206636397	78076	0	
801.248716833891	78036	0	
801.338232130229	78036	0	
801.427750825796	78008	0	
801.517276319821	78016	0	
801.60680691269	78048	0	
801.696340904787	78064	0	
801.785881695343	78036	0	
801.875425885127	78060	0	
801.96497687337	78056	0	
802.054531260841	78056	0	
802.144090747156	78048	0	
802.233657031929	78032	0	
802.323226715931	78044	0	
802.412801498776	78048	0	
802.502381380465	78024	0	
802.591966360997	78016	0	
802.681556440373	78048	0	
802.771151618593	77992	0	
802.860751895655	77988	0	
802.950357271562	78036	0	
803.039966046697	78032	0	
803.12958162029	78056	0	
803.219202292727	78036	0	
803.308826364393	78032	0	
803.398457234517	78012	0	
803.48809150387	78044	0	
803.577730872066	78068	0	
803.66737703872	78060	0	
803.757026604603	78032	0	
803.84668126933	78032	0	
803.9363410329	78056	0	
804.026005895314	77996	0	
804.115675856571	78044	0	
804.205350916672	78052	0	
804.295031075616	78036	0	
804.384716333404	78064	0	
804.474406690035	78036	0	
804.56410214551	78024	0	
804.653801000214	78016	0	
804.743506653375	78024	0	
804.83321740538	78040	0	
804.922931556615	78044	0	
805.012650806692	78004	0	
805.102376855228	78024	0	
805.192106302993	78024	0	
805.281840849601	78048	0	
805.371582194667	78040	0	
805.461326938962	78036	0	
805.5510767821	78048	0	
805.640831724083	78032	0	
805.730591764908	78020	0	
805.820356904577	78032	0	
805.91012714309	78060	0	
805.999900780831	78088	0	
806.089681217031	78004	0	
806.179466752074	78024	0	
806.26925738596	78028	0	
806.359051419076	78036	0	
806.448852250649	78044	0	
806.538656481452	78048	0	
806.628465811098	78008	0	
806.718281939202	78032	0	
806.808101466535	78004	0	
806.897926092711	78036	0	
806.987755817731	78020	0	
807.077592341209	78032	0	
807.167432263916	78032	0	
807.257277285467	78004	0	
807.347127405861	78012	0	
807.436980925484	78056	0	
807.526841243565	78016	0	
807.616706660489	78016	0	
807.706577176257	78020	0	
807.796451091254	78020	0	
807.886331804709	78032	0	
807.976215917393	78020	0	
808.066106828534	78028	0	
808.156001138905	78056	0	
808.245902247734	77984	0	
808.335806755792	78012	0	
808.425716362693	78052	0	
808.515631068438	78036	0	
808.605550873026	78044	0	
808.695475776458	78020	0	
808.785405778734	78028	0	
808.875340879852	78024	0	
808.965281079815	78004	0	
809.05522637862	78040	0	
809.14517677627	78012	0	
809.235132272762	78020	0	
809.325091168484	78028	0	
809.415056862664	78008	0	
809.505025956073	78036	0	
809.595001847939	78040	0	
809.684981139035	78076	0	
809.774967228589	78020	0	
809.864956717372	78012	0	
809.954951304998	78024	0	
810.044950991467	78044	0	
810.134955776781	78000	0	
810.224967360552	77996	0	
810.314982343552	78020	0	
810.405000725781	78044	0	
810.495025906468	78068	0	
810.585056185999	78036	0	
810.675091564373	78044	0	
810.765132041591	78020	0	
810.855175918037	78020	0	
810.945226592942	78020	0	
811.03528236669	78060	0	
811.125341539667	78008	0	
811.215405811488	77996	0	
811.305476881766	78024	0	
811.395551351274	78028	0	
811.485630919625	78024	0	
811.575717286434	78008	0	
811.665807052472	78020	0	
811.755901917353	78024	0	
811.846001881078	78048	0	
811.936106943647	78028	0	
812.026217105059	78012	0	
812.116332365314	78000	0	
812.206451024799	78024	0	
812.296576482741	78004	0	
812.386707039527	78032	0	
812.476840995542	78040	0	
812.566981750015	78024	0	
812.657125903717	78048	0	
812.747276855877	78060	0	
812.837431207266	78048	0	
812.927592357113	78020	0	
813.017756906189	78056	0	
813.107926554108	78040	0	
813.198101300871	78056	0	
813.288281146478	78064	0	
813.378466090928	78060	0	
813.468656134221	78040	0	
813.558851276358	78068	0	
813.649051517338	78000	0	
813.739256857162	78040	0	
813.829467295829	78044	0	
813.919681133726	78052	0	
814.00990177008	78048	0	
814.100125805663	78032	0	
814.190356639705	78104	0	
814.280590872975	78048	0	
814.370831904703	78028	0	
814.46107633566	78052	0	
814.551325865461	78032	0	
814.64158219372	78024	0	
814.731841921208	78044	0	
814.822106747539	78004	0	
814.912376672714	78004	0	
815.002651696732	78004	0	
815.092931819594	78024	0	
815.183217041299	78056	0	
815.273507361848	78016	0	
815.363801081625	78032	0	
815.454101599861	77988	0	
815.54440721694	78024	0	
815.634716233248	78036	0	
815.725032048014	78024	0	
815.81535126201	78028	0	
815.905677274463	78056	0	
815.996006686145	78052	0	
816.086341196671	78052	0	
816.17668080604	78000	0	
816.267027213867	78052	0	
816.357377020923	78040	0	
816.447731926822	78020	0	
816.538091931566	78072	0	
816.628457035152	78056	0	
816.718827237582	78028	0	
816.809200839241	78012	0	
816.899581239358	78044	0	
816.989966738319	78044	0	
817.080357336123	78000	0	
817.170751333156	78048	0	
817.261152128647	78024	0	
817.351556323367	78048	0	
817.441967316545	78056	0	
817.532381708952	78052	0	
817.622801200203	78052	0	
817.713225790297	78016	0	
817.803657178848	78060	0	
817.89409196663	78028	0	
817.984531853254	78020	0	
818.074976838722	78016	0	
818.165426923033	78044	0	
818.255882106188	78052	0	
818.346342388187	78036	0	
818.436806069414	78044	0	
818.5272765491	78028	0	
818.617752127628	77988	0	
818.708231105386	78004	0	
818.798716881602	78004	0	
818.889206057047	78060	0	
818.97970203095	78040	0	
819.070201404082	78020	0	
819.160705876057	78064	0	
819.25121714649	78056	0	
819.341731816153	78040	0	
819.432251584659	78056	0	
819.522776452008	78036	0	
819.613306418201	78044	0	
819.703841483237	78024	0	
819.794381647117	78064	0	
819.88492690984	78024	0	
819.975477271407	78036	0	
820.066031032203	78028	0	
820.156591591456	78028	0	
820.247157249554	78024	0	
820.33772630688	78044	0	
820.428302162664	78028	0	
820.518881417677	78020	0	
820.609465771534	78028	0	
820.700056923849	78052	0	
820.790651475393	78060	0	
820.88125112578	78052	0	
820.97185587501	78020	0	
821.062465723085	78052	0	
821.153082369617	78076	0	
821.243700715763	78040	0	
821.334325860368	78012	0	
821.424956103816	78032	0	
821.515591446108	78060	0	
821.606231887243	78056	0	
821.696875727607	78000	0	
821.787526366429	77996	0	
821.878182104095	78020	0	
821.968841240989	78024	0	
822.059507176342	78044	0	
822.150176510924	78048	0	
822.240850944349	78020	0	
822.331532176232	78072	0	
822.422216807344	78024	0	
822.512906537299	78048	0	
822.603601366098	78032	0	
822.694301293741	78004	0	
822.785006320227	78032	0	
822.875716445556	78040	0	
822.966431669729	78016	0	
823.057151992746	78028	0	
823.147875714991	78072	0	
823.238606235695	78048	0	
823.329341855242	78060	0	
823.420080874018	78036	0	
823.510826691252	78028	0	
823.601575907715	78016	0	
823.692331922636	78040	0	
823.783091336786	78060	0	
823.873855849779	78052	0	
823.96462716123	78024	0	
824.055401871911	78032	0	
824.146181681435	78020	0	
824.236966589802	78040	0	
824.327756597013	78048	0	
824.418551703067	78020	0	
824.509351907965	78004	0	
824.600157211707	78036	0	
824.690965914677	78032	0	
824.781781416105	78048	0	
824.872602016377	78064	0	
824.963426015878	78008	0	
825.054256813837	78048	0	
825.145091011025	78052	0	
825.23593200667	78036	0	
825.326776401545	78064	0	
825.417625895263	78028	0	
825.50848218744	78016	0	
825.599341878845	78004	0	
825.690206669094	78036	0	
825.781076558186	78020	0	
825.871951546122	78008	0	
825.962831632901	78024	0	
826.053716818524	78000	0	
826.14460710299	78024	0	
826.235500786685	78044	0	
826.326401268838	78040	0	
826.417306849835	78012	0	
826.508215830061	78032	0	
826.599131608744	78036	0	
826.690050786657	78032	0	
826.780976763028	78012	0	
826.871906138627	78032	0	
826.96284061307	78044	0	
827.053780186357	78044	0	
827.144724858487	78056	0	
827.235674629461	77996	0	
827.326629499278	78012	0	
827.417589467938	77988	0	
827.508554535443	78060	0	
827.59952470179	78044	0	
827.690499966981	78036	0	
827.781480331016	78024	0	
827.872464094279	78068	0	
827.963454656001	78048	0	
828.054450316566	78052	0	
828.14544937636	78028	0	
828.236455234612	78008	0	
828.327464492093	78056	0	
828.418480548032	78040	0	
828.5095000032	78072	0	
828.600524557212	78040	0	
828.691554210066	78048	0	
828.782590661379	78032	0	
828.873630511921	78028	0	
828.964675461307	78072	0	
829.055725509536	78056	0	
829.146780656608	78056	0	
829.23783920291	78004	0	
829.328904547669	78004	0	
829.419974991272	78032	0	
829.511050533719	78060	0	
829.602129475394	78020	0	
829.693215215527	77984	0	
829.78430435489	78016	0	
829.87540029271	78032	0	
829.966499629759	78084	0	
830.057604065652	77992	0	
830.148715300003	77988	0	
830.239829933583	77988	0	
830.330949666006	78000	0	
830.422074497273	78028	0	
830.513204427383	78048	0	
830.604339456337	78028	0	
830.695479584135	78056	0	
830.786624810775	78040	0	
830.87777513626	78016	0	
830.968930560587	78032	0	
831.060089384144	78056	0	
831.151255006159	78040	0	
831.242424027403	78044	0	
831.333599847104	78056	0	
831.424779066035	78056	0	
831.515965083424	78044	0	
831.607154500042	78096	0	
831.698349015503	78028	0	
831.789550329422	77996	0	
831.88075504257	78020	0	
831.971964854562	78028	0	
832.063179765397	77992	0	
832.154399775076	78032	0	
832.245624883598	78024	0	
832.336855090964	78008	0	
832.428090397173	78012	0	
832.519329102611	78020	0	
832.610574606507	78032	0	
832.701825209247	78028	0	
832.793079211215	78012	0	
832.884340011642	78036	0	
832.975604211297	78064	0	
833.066875209411	78060	0	
833.158149606754	78048	0	
833.24942910294	77976	0	
833.340715397584	78016	0	
833.432005091457	78000	0	
833.523299884173	78016	0	
833.614599775733	77992	0	
833.705904766137	78052	0	
833.797214855384	78052	0	
833.888530043474	78048	0	
833.979850330408	78048	0	
834.071174016571	77996	0	
834.162504501192	78012	0	
834.253840084657	78000	0	
834.34517906735	77996	0	
834.436524848502	77988	0	
834.527874028882	78024	0	
834.619230007721	78028	0	
834.710589385788	78028	0	
834.801955562314	78028	0	
834.893325138068	78016	0	
834.984699812666	78020	0	
835.076079586107	78060	0	
835.167464458392	78052	0	
835.258854429521	78008	0	
835.350249499492	78048	0	
835.441649668308	78048	0	
835.533054935967	78036	0	
835.624465302469	78024	0	
835.7158790682	78064	0	
835.80729963239	78048	0	
835.898725295423	78036	0	
835.990154357684	78060	0	
836.081590218404	78008	0	
836.173029478353	78048	0	
836.26447553676	78040	0	
836.355924994396	78020	0	
836.447379550875	78020	0	
836.538839206198	78064	0	
836.630305659978	78028	0	
836.721775512988	78004	0	
836.813250464841	77944	0	
836.904730515538	77988	0	
836.996215665078	77960	0	
837.087704213848	78012	0	
837.179199561075	78024	0	
837.270700007145	77948	0	
837.36220555206	77940	0	
837.453714496203	77932	0	
837.545230238804	77880	0	
837.636749380634	77876	0	
837.728275320922	77844	0	
837.81980466044	77840	0	
837.9113390988	77840	0	
838.002880335619	77848	0	
838.094424971667	77852	0	
838.185974706558	77840	0	
838.277529540292	77840	0	
838.36908947287	77832	0	
838.460654504292	77796	0	
838.552224634557	77824	0	
838.643799863666	77828	0	
838.735380191618	77864	0	
838.826965618413	77844	0	
838.918554444438	77884	0	
839.01015006892	77904	0	
839.101749092632	77952	0	
839.193354914801	77940	0	
839.2849641362	77992	0	
839.376580156056	78028	0	
839.468199575142	78028	0	
839.559824093071	78084	0	
839.651455409458	78056	0	
839.743090125074	78020	0	
839.834729939533	77976	0	
839.926374852836	78008	0	
840.018024864983	78000	0	
840.109679975973	77972	0	
840.201340185806	77984	0	
840.293005494483	77964	0	
840.384674202389	77972	0	
840.476349708753	77936	0	
840.56803031396	77984	0	
840.659714318397	78004	0	
840.751405121291	77980	0	
840.843099323415	77980	0	
840.934800323996	78008	0	
841.026504723806	78024	0	
841.11821422246	77988	0	
841.209930519572	77992	0	
841.301650215913	78064	0	
841.393375011097	78024	0	
841.485104905125	77980	0	
841.576839897996	78000	0	
841.668579989711	78028	0	
841.760325180269	78060	0	
841.852075469671	78100	0	
841.943829158302	78100	0	
842.035589645391	78128	0	
842.127355231323	78124	0	
842.219124216484	78164	0	
842.310900000104	78120	0	
842.402679182952	78108	0	
842.494465164258	78096	0	
842.586254544793	78044	0	
842.678049024172	78064	0	
842.769850302009	78004	0	
842.861654979074	77932	0	
842.953464754984	77972	0	
843.045279629736	77992	0	
843.137099603332	77976	0	
843.228924675772	77960	0	
843.320754847055	77968	0	
843.412590117182	77940	0	
843.504430486152	77964	0	
843.596274254351	77984	0	
843.688124821008	78024	0	
843.779980486509	78000	0	
843.871839551239	78000	0	
843.963705414426	78040	0	
844.055574676843	78088	0	
844.147449038103	78100	0	
844.239330197821	78112	0	
844.331214756768	78164	0	
844.423104414559	78188	0	
844.514999171193	78252	0	
844.60689902667	78240	0	
844.698805680606	78264	0	
844.790714034156	78276	0	
844.882629186164	78272	0	
844.974549437015	78268	0	
845.06647478671	78252	0	
845.158405235249	78160	0	
845.250339083016	78188	0	
845.342279729242	78152	0	
845.434225474311	78156	0	
845.526174618609	78132	0	
845.618130561365	78096	0	
845.71008990335	78072	0	
845.802054344178	78068	0	
845.894025583464	78048	0	
845.98600022198	78068	0	
846.077979959339	78032	0	
846.169964795541	78016	0	
846.261954730587	77996	0	
846.353949764476	77996	0	
846.445949897209	78012	0	
846.537955128786	78036	0	
846.629965459206	78060	0	
846.721979188854	78100	0	
846.813999716961	78116	0	
846.906025343912	78152	0	
846.998054370091	78208	0	
847.090090194728	78240	0	
847.182129418595	78264	0	
847.274175440919	78296	0	
847.366224862472	78320	0	
847.458279382869	78340	0	
847.550340701724	78384	0	
847.642405419807	78340	0	
847.734475236735	78360	0	
847.826550152506	78356	0	
847.91863016712	78352	0	
848.010715280578	78348	0	
848.102805492879	78332	0	
848.194899104409	78296	0	
848.286999514397	78348	0	
848.379105023229	78304	0	
848.471215630904	78284	0	
848.563329637808	78268	0	
848.65545044317	78248	0	
848.747574647762	78204	0	
848.839705650811	78128	0	
848.931840053089	78088	0	
849.023979554211	78084	0	
849.116124154176	78080	0	
849.208275552599	78072	0	
849.300430350251	78036	0	
849.392590246747	78092	0	
849.484755242086	78112	0	
849.576925336268	78088	0	
849.669100529294	78136	0	
849.761279121549	78172	0	
849.853464512263	78248	0	
849.945655001819	78296	0	
850.037850590219	78300	0	
850.130049577848	78300	0	
850.222255363935	78332	0	
850.314464549251	78416	0	
850.406680533025	78428	0	
850.498899916028	78436	0	
850.591124397875	78460	0	
850.683355678179	78452	0	
850.775590357713	78468	0	
850.86783013609	78468	0	
850.96007501331	78496	0	
851.052324989374	78488	0	
851.144580064282	78488	0	
851.236840238033	78436	0	
851.329105510627	78400	0	
851.421374182451	78376	0	
851.513649652732	78328	0	
851.605930221857	78312	0	
851.698214190211	78260	0	
851.790504957023	78220	0	
851.882799123064	78200	0	
851.975100087563	78204	0	
852.06740445129	78180	0	
852.159715613476	78204	0	
852.252030174891	78188	0	
852.344349835149	78160	0	
852.436674594251	78224	0	
852.529004452197	78232	0	
852.621339408985	78208	0	
852.713679464618	78204	0	
852.806024619093	78208	0	
852.898374872413	78244	0	
852.990730224576	78308	0	
853.083090675582	78280	0	
853.175454525817	78372	0	
853.26782517451	78388	0	
853.360199222433	78428	0	
853.452580068813	78464	0	
853.544964314422	78516	0	
853.637355358489	78508	0	
853.729749801786	78540	0	
853.822149343925	78584	0	
853.914555684523	78596	0	
854.00696542435	78608	0	
854.09938026302	78600	0	
854.191800200534	78588	0	
854.284225236891	78564	0	
854.376655372091	78480	0	
854.469090606136	78504	0	
854.561529239409	78464	0	
854.65397467114	78444	0	
854.746425201715	78368	0	
854.838879131518	78376	0	
854.93133985978	78356	0	
855.023805686885	78280	0	
855.116274913219	78236	0	
855.208749238397	78232	0	
855.301230362032	78228	0	
855.393714884897	78172	0	
855.48620280699	78188	0	
855.578697527542	78216	0	
855.671197346937	78272	0	
855.76370396479	78260	0	
855.856213981872	78356	0	
855.948727398183	78368	0	
856.041247612952	78404	0	
856.133772926565	78500	0	
856.226303339021	78564	0	
856.31883885032	78596	0	
856.411377760849	78648	0	
856.503923469835	78716	0	
856.596472578051	78688	0	
856.689028484724	78704	0	
856.781587790627	78696	0	
856.874153894987	78716	0	
856.966723398576	78732	0	
857.059298001009	78688	0	
857.151877702286	78640	0	
857.244462502406	78640	0	
857.337052401369	78632	0	
857.429647399176	78588	0	
857.522247495826	78544	0	
857.61485269132	78552	0	
857.707462985658	78472	0	
857.800078378838	78416	0	
857.892698870863	78348	0	
857.985322762116	78320	0	
858.077953451828	78300	0	
858.170587540768	78276	0	
858.263228428166	78244	0	
858.355872714793	78316	0	
858.448523799879	78312	0	
858.541178284193	78348	0	
858.633837867351	78364	0	
858.726502549352	78436	0	
858.819172330197	78492	0	
858.9118489095	78524	0	
859.004528888031	78588	0	
859.097213965407	78576	0	
859.189902442011	78624	0	
859.282597717073	78656	0	
859.375298090979	78648	0	
859.468003563728	78728	0	
859.560712435706	78728	0	
859.653428106142	78744	0	
859.746148875422	78776	0	
859.838873043931	78728	0	
859.931604010897	78760	0	
860.024338377093	78788	0	
860.117077842132	78728	0	
860.209822406015	78696	0	
860.302573768356	78648	0	
860.395328529925	78636	0	
860.488088390338	78648	0	
860.580853349595	78568	0	
860.673623407695	78540	0	
860.766398564639	78524	0	
860.859178820426	78520	0	
860.951962475442	78480	0	
861.044752928916	78460	0	
861.137548481233	78412	0	
861.23034743278	78428	0	
861.323153182785	78440	0	
861.415962332018	78452	0	
861.50877827971	78476	0	
861.60159762663	78468	0	
861.694423772009	78496	0	
861.787253316616	78464	0	
861.880087960067	78492	0	
861.972927702362	78492	0	
862.0657725435	78520	0	
862.158622483481	78580	0	
862.251477522306	78600	0	
862.344337659975	78664	0	
862.437202896487	78740	0	
862.530073231842	78776	0	
862.622948666041	78816	0	
862.715827499469	78816	0	
862.808713131355	78864	0	
862.901603862084	78868	0	
862.994497992043	78796	0	
863.087398920459	78812	0	
863.180303248104	78804	0	
863.273212674593	78780	0	
863.36612889954	78764	0	
863.459048523716	78748	0	
863.551973246735	78756	0	
863.644903068598	78720	0	
863.737837989304	78704	0	
863.830778008854	78648	0	
863.923723127248	78688	0	
864.016673344484	78680	0	
864.109628660565	78660	0	
864.202587375874	78656	0	
864.295552889641	78612	0	
864.388523502252	78632	0	
864.481497514092	78592	0	
864.57447832439	78600	0	
864.667462533916	78624	0	
864.760453541901	78600	0	
864.853447949115	78660	0	
864.946447455172	78700	0	
865.039453759687	78756	0	
865.132463463431	78744	0	
865.225478266019	78756	0	
865.31849816745	78768	0	
865.411523167725	78832	0	
865.504553266843	78824	0	
865.597588464805	78788	0	
865.69062876161	78752	0	
865.783672457644	78808	0	
865.876722952136	78736	0	
865.969778545472	78800	0	
866.062837538037	78800	0	
866.155903329059	78796	0	
866.248972519311	78804	0	
866.34204850802	78832	0	
866.435127895959	78836	0	
866.528212382741	78844	0	
866.621303667981	78804	0	
866.71439835245	78752	0	
866.807498135763	78764	0	
866.900603017919	78744	0	
866.993712998918	78700	0	
867.086828078761	78676	0	
867.179948257448	78696	0	
867.273073534978	78704	0	
867.366203911351	78700	0	
867.459337686954	78716	0	
867.552478261014	78716	0	
867.645623933919	78760	0	
867.738773006051	78784	0	
867.831928876642	78824	0	
867.925088146462	78860	0	
868.018252515126	78832	0	
868.111423682247	78804	0	
868.204598248598	78816	0	
868.297777913792	78800	0	
868.390962677829	78828	0	
868.48415254071	78840	0	
868.577347502434	78860	0	
868.670547563002	78852	0	
868.763752722414	78844	0	
868.856962980669	78872	0	
868.950178337767	78856	0	
869.043398793709	78912	0	
869.13662264888	78924	0	
869.229853302508	78912	0	
869.323087355366	78876	0	
869.416328206682	78800	0	
869.509572457227	78828	0	
869.60282350623	78768	0	
869.696077954462	78812	0	
869.789337501537	78800	0	
869.88260384707	78808	0	
869.975873591832	78832	0	
870.069148435438	78816	0	
870.162428377887	78880	0	
870.25571341918	78904	0	
870.349003559316	78876	0	
870.442298798296	78932	0	
870.535597436505	78952	0	
870.628902873172	78964	0	
870.722213408682	78932	0	
870.815527343421	78940	0	
870.908848076618	78924	0	
871.002173908659	78972	0	
871.095503139929	78964	0	
871.188837470042	78924	0	
871.282178598613	78940	0	
871.375523126413	78924	0	
871.468872753057	78988	0	
871.562227478544	78960	0	
871.655589002489	78960	0	
871.748953925663	78920	0	
871.842323947681	78936	0	
871.935697368927	78892	0	
872.029077588632	78876	0	
872.12246290718	78868	0	
872.215853324572	78844	0	
872.309248840807	78848	0	
872.402647756271	78848	0	
872.496053470193	78856	0	
872.589462583344	78896	0	
872.682878494953	78888	0	
872.776297805791	78920	0	
872.869723915087	78912	0	
872.963153423612	78912	0	
873.05658803098	78952	0	
873.150027737193	78988	0	
873.243472542248	78992	0	
873.336922446147	79012	0	
873.430377448889	79004	0	
873.523837550475	79012	0	
873.617302750905	79032	0	
873.710773050178	79052	0	
873.804248448294	79060	0	
873.897728945254	79084	0	
873.991212841443	79096	0	
874.08470353609	79096	0	
874.178197629966	79124	0	
874.2716985223	79140	0	
874.365202813863	79124	0	
874.458713903884	79096	0	
874.552228393133	79056	0	
874.645747981227	79056	0	
874.739272668164	79024	0	
874.832802453944	78988	0	
874.926337338568	78944	0	
875.019877322035	78936	0	
875.113422404346	78960	0	
875.2069725855	78904	0	
875.300527865498	78920	0	
875.39408824434	78904	0	
875.487653722024	78928	0	
875.581222598938	78912	0	
875.67479827431	78912	0	
875.768377348911	78904	0	
875.861963221969	78904	0	
875.955552494257	78900	0	
876.049148565003	78928	0	
876.142748034978	78904	0	
876.236352603796	78956	0	
876.329963971072	79000	0	
876.423578737577	79044	0	
876.517198602926	79076	0	
876.610823567118	79140	0	
876.704453630154	79220	0	
876.798088792033	79224	0	
876.891727353141	79248	0	
876.985372712707	79276	0	
877.079023171117	79260	0	
877.17267872837	79264	0	
877.266337684852	79248	0	
877.360003439792	79236	0	
877.453672593961	79240	0	
877.547348546589	79188	0	
877.641027898445	79216	0	
877.734712349144	79176	0	
877.828403598302	79140	0	
877.922098246688	79132	0	
878.015797993918	79088	0	
878.109502839992	79044	0	
878.203212784909	79056	0	
878.29692782867	78992	0	
878.390647971274	78992	0	
878.484373212721	78940	0	
878.578103553012	78928	0	
878.671838992147	78960	0	
878.76557783051	78952	0	
878.859323467332	78956	0	
878.953072503382	78956	0	
879.046828337891	78984	0	
879.140587571628	79028	0	
879.234353603824	79084	0	
879.328123035248	79112	0	
879.421897565516	79148	0	
879.515678894242	79188	0	
879.609463622197	79268	0	
879.703253448995	79256	0	
879.797048374637	79332	0	
879.890848399123	79312	0	
879.984653522451	79340	0	
880.078463744624	79340	0	
880.172277366025	79356	0	
880.266097785885	79340	0	
880.359923304587	79348	0	
880.453753922134	79328	0	
880.547587938909	79312	0	
880.641428754143	79288	0	
880.735272968605	79296	0	
880.829123981525	79292	0	
880.922978393675	79280	0	
881.016837904667	79204	0	
881.110702514504	79168	0	
881.204573922798	79196	0	
881.298448730321	79160	0	
881.392328636688	79080	0	
881.486213641898	79048	0	
881.580103745952	79064	0	
881.673998948849	78996	0	
881.767897550975	79036	0	
881.86180295156	79012	0	
881.955713450987	79028	0	
882.049627349644	79080	0	
882.143548046759	79108	0	
882.237473842717	79144	0	
882.331403037904	79188	0	
882.425337331935	79192	0	
882.519278424424	79172	0	
882.613222916141	79240	0	
882.707172506702	79284	0	
882.801128895721	79328	0	
882.89508868397	79348	0	
882.989053571061	79312	0	
883.083023556996	79388	0	
883.176998641775	79404	0	
883.270978825397	79416	0	
883.364962408248	79432	0	
883.458952789557	79400	0	
883.55294826971	79432	0	
883.646948848706	79400	0	
883.740952826931	79444	0	
883.834963603614	79360	0	
883.928977779526	79364	0	
884.022997054282	79320	0	
884.117021427881	79336	0	
884.211050900323	79296	0	
884.305087171224	79240	0	
884.399126841353	79220	0	
884.493171610326	79192	0	
884.587221478143	79188	0	
884.681276444803	79184	0	
884.775336510306	79160	0	
884.869401674653	79160	0	
884.963471937844	79168	0	
885.057547299878	79140	0	
885.151626061141	79152	0	
885.245711620861	79156	0	
885.339802279426	79176	0	
885.433896337219	79172	0	
885.527997193471	79196	0	
885.622101448951	79196	0	
885.716210803275	79228	0	
885.810326956057	79320	0	
885.904446508068	79304	0	
885.998571158922	79368	0	
886.09270090862	79392	0	
886.186835757161	79432	0	
886.280975704546	79488	0	
886.375120750775	79532	0	
886.469270895846	79544	0	
886.563426139762	79540	0	
886.65758648252	79536	0	
886.751751924123	79504	0	
886.845920764954	79512	0	
886.940096404243	79488	0	
887.034277142376	79472	0	
887.128461279738	79460	0	
887.222652215558	79424	0	
887.316846550606	79408	0	
887.411045984499	79424	0	
887.505252216849	79408	0	
887.599461848428	79396	0	
887.693676578851	79356	0	
887.787896408117	79320	0	
887.882121336227	79244	0	
887.97635136318	79260	0	
888.070586488977	79224	0	
888.164826713617	79256	0	
888.2590720371	79252	0	
888.353320759813	79252	0	
888.447576280984	79268	0	
888.541836900998	79320	0	
888.636100920241	79344	0	
888.730371737942	79400	0	
888.824645954872	79428	0	
888.91892697026	79432	0	
889.013211384877	79460	0	
889.107500898338	79524	0	
889.201797210257	79536	0	
889.296096921404	79616	0	
889.390401731395	79536	0	
889.48471164023	79572	0	
889.579026647908	79584	0	
889.673346754429	79572	0	
889.767671959794	79548	0	
889.862002264003	79564	0	
889.956335967441	79572	0	
890.050676469336	79568	0	
890.145022070075	79540	0	
890.239371070043	79536	0	
890.333726868469	79508	0	
890.428086066124	79500	0	
890.522452062237	79444	0	
890.616821457579	79412	0	
890.711195951764	79392	0	
890.805577244408	79392	0	
890.89996193628	79368	0	
890.994351726996	79372	0	
891.088746616556	79344	0	
891.183146604958	79380	0	
891.277551692205	79428	0	
891.371961878295	79404	0	
891.466377163228	79388	0	
891.560795847391	79420	0	
891.655221330011	79476	0	
891.749651911475	79492	0	
891.844085892168	79520	0	
891.938526671318	79480	0	
892.032970849698	79544	0	
892.127421826536	79516	0	
892.221876202603	79552	0	
892.316335677513	79584	0	
892.410801950882	79636	0	
892.505271623479	79640	0	
892.59974639492	79628	0	
892.694226265204	79612	0	
892.788711234332	79672	0	
892.883201302303	79648	0	
892.977696469118	79628	0	
893.072196734776	79596	0	
893.166702099278	79572	0	
893.261210863008	79528	0	
893.355726425197	79524	0	
893.450247086229	79548	0	
893.544771146491	79496	0	
893.63930200521	79452	0	
893.733836263158	79468	0	
893.82837561995	79480	0	
893.922921775199	79492	0	
894.017471329678	79472	0	
894.112025983	79496	0	
894.206585735166	79484	0	
894.301152285789	79484	0	
894.395722235642	79500	0	
894.490297284338	79536	0	
894.584875732263	79524	0	
894.679460978646	79556	0	
894.774051323873	79584	0	
894.868646767943	79588	0	
894.963247310857	79644	0	
895.057851252999	79648	0	
895.1524619936	79664	0	
895.247076133429	79720	0	
894.997076437809	79752	0	
894.747076742188	79744	0	
894.497077046567	79740	0	
894.247075651332	79708	0	
893.997075955712	79716	0	
893.747076260091	79720	0	
893.49707656447	79668	0	
893.24707686885	79668	0	
892.997077173229	79660	0	
892.747075777994	79664	0	
892.497076082373	79588	0	
892.247076386753	79576	0	
891.997076691132	79512	0	
891.747076995512	79500	0	
891.497077299891	79488	0	
891.247075904656	79468	0	
890.997076209035	79448	0	
890.747076513415	79432	0	
890.497076817794	79436	0	
890.247077122173	79464	0	
889.997075726938	79484	0	
889.747076031318	79440	0	
889.497076335697	79512	0	
889.247076640076	79460	0	
888.997076944456	79496	0	
888.747077248835	79488	0	
888.4970758536	79472	0	
888.247076157979	79440	0	
887.997076462359	79448	0	
887.747076766738	79428	0	
887.497077071117	79424	0	
887.247075675882	79420	0	
886.997075980262	79408	0	
886.747076284641	79396	0	
886.49707658902	79372	0	
886.2470768934	79384	0	
885.997077197779	79380	0	
885.747075802544	79376	0	
885.497076106923	79364	0	
885.247076411303	79308	0	
884.997076715682	79312	0	
884.747077020061	79308	0	
884.497075624826	79304	0	
884.247075929206	79272	0	
883.997076233585	79288	0	
883.747078237579	79284	0	
883.497078541958	79252	0	
883.247078846338	79248	0	
882.997077451103	79192	0	
882.747077755482	79240	0	
882.497078059861	79208	0	
882.247078364241	79220	0	
881.99707866862	79236	0	
881.747078972999	79204	0	
881.497077577764	79184	0	
881.247077882144	79196	0	
880.997078186523	79224	0	
880.747078490902	79216	0	
880.497078795282	79220	0	
880.247077400047	79196	0	
879.997077704426	79196	0	
879.747078008805	79164	0	
879.497078313185	79180	0	
879.247078617564	79184	0	
878.997078921944	79176	0	
878.747077526708	79148	0	
878.497077831088	79136	0	
878.247078135467	79152	0	
877.997078439846	79120	0	
877.747078744226	79064	0	
877.497077348991	79072	0	
877.24707765337	79008	0	
876.997077957749	79024	0	
876.747078262129	78988	0	
876.497078566508	79004	0	
876.247078870888	78968	0	
875.997077475652	78948	0	
875.747077780032	78920	0	
875.497078084411	78944	0	
875.247078388791	78980	0	
874.99707869317	78964	0	
874.747078997549	79012	0	
874.497077602314	78964	0	
874.247077906694	78980	0	
873.997078211073	79012	0	
873.747078515452	78992	0	
873.497078819832	79000	0	
873.247077424597	78996	0	
872.997077728976	79048	0	
872.747078033355	79036	0	
872.497078337735	78972	0	
872.247078642114	79008	0	
871.997078946493	79012	0	
871.747077551258	79004	0	
871.497077855638	79000	0	
871.247078160017	78964	0	
870.997078464396	78960	0	
870.747078768776	78920	0	
870.497077373541	78912	0	
870.24707767792	78888	0	
869.997077982299	78844	0	
869.747078286679	78856	0	
869.497078591058	78844	0	
869.247078895437	78800	0	
868.997077500202	78756	0	
868.747077804582	78740	0	
868.497078108961	78732	0	
868.24707841334	78684	0	
867.99707871772	78720	0	
867.747077322485	78656	0	
867.497077626864	78632	0	
867.247077931243	78652	0	
866.997078235623	78648	0	
866.747078540002	78600	0	
866.497078844382	78568	0	
866.247077449146	78576	0	
865.997077753526	78588	0	
865.747078057905	78584	0	
865.497078362285	78628	0	
865.247078666664	78624	0	
864.997078971043	78600	0	
864.747077575808	78640	0	
864.497077880187	78628	0	
864.247078184567	78652	0	
863.997078488946	78700	0	
863.747078793326	78704	0	
863.49707739809	78696	0	
863.24707770247	78692	0	
862.997078006849	78680	0	
862.747078311229	78688	0	
862.497078615608	78692	0	
862.247078919987	78656	0	
861.997077524752	78636	0	
861.747077829132	78612	0	
861.497078133511	78620	0	
861.24707843789	78580	0	
860.99707874227	78524	0	
860.747077347035	78540	0	
860.497077651414	78472	0	
860.247077955793	78476	0	
859.997078260173	78384	0	
859.747078564552	78380	0	
859.497078868931	78308	0	
859.247077473696	78336	0	
858.997077778076	78288	0	
858.747078082455	78300	0	
858.497078386834	78296	0	
858.247078691214	78288	0	
857.997078995593	78276	0	
857.747077600358	78260	0	
857.497077904737	78276	0	
857.247078209117	78280	0	
856.997078513496	78308	0	
856.747078817876	78368	0	
856.49707742264	78360	0	
856.24707772702	78376	0	
855.997078031399	78424	0	
855.747078335779	78424	0	
855.497078640158	78436	0	
855.247080644152	78484	0	
854.997079248917	78484	0	
854.747079553296	78480	0	
854.497079857675	78492	0	
854.247080162055	78440	0	
853.997080466434	78472	0	
853.747079071199	78412	0	
853.497079375578	78420	0	
853.247079679958	78432	0	
852.997079984337	78388	0	
852.747080288716	78304	0	
852.497080593096	78280	0	
852.247079197861	78232	0	
851.99707950224	78172	0	
851.747079806619	78140	0	
851.497080110999	78132	0	
851.247080415378	78048	0	
850.997079020143	78064	0	
850.747079324522	78072	0	
850.497079628902	78004	0	
850.247079933281	77984	0	
849.997080237661	77984	0	
849.74708054204	77960	0	
849.497079146805	77948	0	
849.247079451184	78000	0	
848.997079755564	78004	0	
848.747080059943	78012	0	
848.497080364322	78024	0	
848.247080668702	78068	0	
847.997079273467	78108	0	
847.747079577846	78128	0	
847.497079882225	78136	0	
847.247080186605	78156	0	
846.997080490984	78160	0	
846.747079095749	78152	0	
846.497079400128	78200	0	
846.247079704508	78164	0	
845.997080008887	78148	0	
845.747080313266	78112	0	
845.497080617646	78104	0	
845.247079222411	78060	0	
844.99707952679	78080	0	
844.747079831169	78032	0	
844.497080135549	78076	0	
844.247080439928	77936	0	
843.997079044693	77924	0	
843.747079349072	77892	0	
843.497079653452	77868	0	
843.247079957831	77816	0	
842.99708026221	77784	0	
842.74708056659	77756	0	
842.497079171355	77760	0	
842.247079475734	77732	0	
841.997079780113	77712	0	
841.747080084493	77688	0	
841.497080388872	77736	0	
841.247080693252	77744	0	
840.997079298017	77744	0	
840.747079602396	77724	0	
840.497079906775	77780	0	
840.247080211155	77756	0	
839.997080515534	77784	0	
839.747079120299	77776	0	
839.497079424678	77804	0	
839.247079729058	77844	0	
838.997080033437	77832	0	
838.747080337816	77852	0	
838.497080642196	77860	0	
838.247079246961	77884	0	
837.99707955134	77900	0	
837.747079855719	77872	0	
837.497080160099	77840	0	
837.247080464478	77880	0	
836.997079069243	77844	0	
836.747079373622	77784	0	
836.497079678002	77776	0	
836.247079982381	77732	0	
835.99708028676	77756	0	
835.74708059114	77652	0	
835.497079195905	77636	0	
835.247079500284	77660	0	
834.997079804663	77856	0	
834.747080109043	77960	0	
834.497080413422	78008	0	
834.247079018187	78024	0	
833.997079322566	78032	0	
833.747079626946	78028	0	
833.497079931325	78004	0	
833.247080235705	78020	0	
832.997080540084	78032	0	
832.747079144849	78036	0	
832.497079449228	78064	0	
832.247079753608	77996	0	
831.997080057987	78000	0	
831.747080362366	78048	0	
831.497080666746	78024	0	
831.24707927151	78004	0	
830.99707957589	78032	0	
830.747079880269	78036	0	
830.497080184649	78028	0	
830.247080489028	78040	0	
829.997079093793	78040	0	
829.747079398172	78052	0	
829.497079702552	78016	0	
829.247080006931	78020	0	
828.99708031131	78036	0	
828.74708061569	78044	0	
828.497079220455	78004	0	
828.247079524834	78024	0	
827.997079829213	78004	0	
827.747080133593	78012	0	
827.497080437972	78044	0	
827.247079042737	78028	0	
826.997079347116	78004	0	
826.74708135111	78012	0	
826.49708165549	78008	0	
826.247081959869	78028	0	
825.997082264248	78032	0	
825.747080869013	78020	0	
825.497081173393	78012	0	
825.247081477772	78056	0	
824.997081782151	78012	0	
824.747082086531	78016	0	
824.49708239091	78032	0	
824.247080995675	77992	0	
823.997081300054	78024	0	
823.747081604434	77992	0	
823.497081908813	78008	0	
823.247082213192	78036	0	
822.997080817957	78028	0	
822.747081122337	78016	0	
822.497081426716	78012	0	
822.247081731095	78004	0	
821.997082035475	78052	0	
821.747082339854	78048	0	
821.497080944619	78028	0	
821.247081248998	77992	0	
820.997081553378	78016	0	
820.747081857757	77992	0	
820.497082162136	77988	0	
820.247080766901	78040	0	
819.997081071281	78036	0	
819.74708137566	78024	0	
819.497081680039	78008	0	
819.247081984419	78016	0	
818.997082288798	78016	0	
818.747080893563	78016	0	
818.497081197942	78028	0	
818.247081502322	78060	0	
817.997081806701	78004	0	
817.747082111081	78044	0	
817.497080715845	78044	0	
817.247081020225	78028	0	
816.997081324604	78032	0	
816.747081628984	78036	0	
816.497081933363	77988	0	
816.247082237742	77996	0	
815.997080842507	78036	0	
815.747081146887	78048	0	
815.497081451266	78048	0	
815.247081755645	78032	0	
814.997082060025	78024	0	
814.747082364404	78032	0	
814.497080969169	78012	0	
814.247081273548	78016	0	
813.997081577928	78012	0	
813.747081882307	78032	0	
813.497082186686	78020	0	
813.247080791451	78044	0	
812.997081095831	78036	0	
812.74708140021	77964	0	
812.497081704589	78000	0	
812.247082008969	78040	0	
811.997082313348	78048	0	
811.747080918113	78020	0	
811.497081222492	78044	0	
811.247081526872	78036	0	
810.997081831251	78024	0	
810.74708213563	78024	0	
810.497080740395	78052	0	
810.247081044775	78052	0	
809.997081349154	78036	0	
809.747081653533	78000	0	
809.497081957913	77992	0	
809.247082262292	78008	0	
808.997080867057	78048	0	
808.747081171436	78020	0	
808.497081475816	78016	0	
808.247081780195	78040	0	
807.997082084575	78000	0	
807.747082388954	78032	0	
807.497080993719	78024	0	
807.247081298098	78024	0	
806.997081602477	78032	0	
806.747081906857	78032	0	
806.497082211236	78036	0	
806.247080816001	77996	0	
805.99708112038	77980	0	
805.74708142476	78028	0	
805.497081729139	78040	0	
805.247082033519	78044	0	
804.997082337898	78020	0	
804.747080942663	78008	0	
804.497081247042	78020	0	
804.247081551422	78020	0	
803.997081855801	77996	0	
803.74708216018	77992	0	
803.497080764945	77984	0	
803.247081069325	77996	0	
802.997081373704	78016	0	
802.747081678083	78000	0	
802.497081982463	78020	0	
802.247082286842	78012	0	
801.997080891607	78032	0	
801.747081195986	78036	0	
801.497081500366	78028	0	
801.247081804745	78008	0	
800.997082109124	78000	0	
800.747080713889	78020	0	
800.497081018269	77992	0	
800.247081322648	78000	0	
799.997081627027	78044	0	
799.747081931407	78048	0	
799.497082235786	78048	0	
799.247080840551	78040	0	
798.99708114493	78020	0	
798.74708144931	78032	0	
798.497081753689	78004	0	
798.247083757683	78016	0	
797.997084062062	78024	0	
797.747082666827	78012	0	
797.497082971207	78008	0	
797.247083275586	78028	0	
796.997083579965	78032	0	
796.747083884345	78036	0	
796.49708248911	78036	0	
796.247082793489	77980	0	
795.997083097868	78028	0	
795.747083402248	78000	0	
795.497083706627	78036	0	
795.247084011006	78048	0	
794.997082615771	78044	0	
794.747082920151	78036	0	
794.49708322453	78008	0	
794.247083528909	78016	0	
793.997083833289	78044	0	
793.747082438054	78064	0	
793.497082742433	78040	0	
793.247083046812	78056	0	
792.997083351192	78008	0	
792.747083655571	78028	0	
792.497083959951	78000	0	
792.247082564715	77972	0	
791.997082869095	78008	0	
791.747083173474	78048	0	
791.497083477854	78048	0	
791.247083782233	78028	0	
790.997084086612	78052	0	
790.747082691377	77996	0	
790.497082995757	78028	0	
790.247083300136	78016	0	
789.997083604515	78044	0	
789.747083908895	78028	0	
789.49708251366	78020	0	
789.247082818039	78028	0	
788.997083122418	78048	0	
788.747083426798	78036	0	
788.497083731177	77992	0	
788.247084035556	78024	0	
787.997082640321	78012	0	
787.747082944701	78016	0	
787.49708324908	78008	0	
787.247083553459	78048	0	
786.997083857839	78000	0	
786.747082462604	78028	0	
786.497082766983	78000	0	
786.247083071362	78020	0	
785.997083375742	78056	0	
785.747083680121	78056	0	
785.4970839845	78040	0	
785.247082589265	78016	0	
784.997082893645	78060	0	
784.747083198024	78052	0	
784.497083502403	78032	0	
784.247083806783	78012	0	
783.997082411548	78024	0	
783.747082715927	78028	0	
783.497083020306	78012	0	
783.247083324686	78044	0	
782.997083629065	78012	0	
782.747083933445	77984	0	
782.497082538209	78004	0	
782.247082842589	78020	0	
781.997083146968	78000	0	
781.747083451348	78024	0	
781.497083755727	78024	0	
781.247084060106	78052	0	
780.997082664871	78036	0	
780.747082969251	78020	0	
780.49708327363	78040	0	
780.247083578009	78024	0	
779.997083882389	78020	0	
779.747082487154	78032	0	
779.497082791533	78012	0	
779.247083095912	78000	0	
778.997083400292	77996	0	
778.747083704671	78020	0	
778.49708400905	78036	0	
778.247082613815	78056	0	
777.997082918195	78032	0	
777.747083222574	78012	0	
777.497083526953	78040	0	
777.247083831333	77988	0	
776.997082436098	78016	0	
776.747082740477	78036	0	
776.497083044856	78032	0	
776.247083349236	78028	0	
775.997083653615	78064	0	
775.747083957995	78004	0	
775.497082562759	78028	0	
775.247082867139	78032	0	
774.997083171518	78008	0	
774.747083475898	78024	0	
774.497083780277	78024	0	
774.247084084656	78048	0	
773.997082689421	78012	0	
773.7470829938	78004	0	
773.49708329818	78024	0	
773.247083602559	78040	0	
772.997083906939	78044	0	
772.747082511703	78000	0	
772.497082816083	78012	0	
772.247083120462	78028	0	
771.997083424842	78040	0	
771.747083729221	78024	0	
771.4970840336	77992	0	
771.247082638365	78016	0	
770.997082942745	78048	0	
770.747083247124	78040	0	
770.497083551503	78024	0	
770.247083855883	77992	0	
769.997082460648	78044	0	
769.747084464641	78036	0	
769.497084769021	78020	0	
769.2470850734	78064	0	
768.99708537778	78012	0	
768.747085682159	78024	0	
768.497084286924	78032	0	
768.247084591303	78040	0	
767.997084895683	78068	0	
767.747085200062	78028	0	
767.497085504441	78032	0	
767.247085808821	78056	0	
766.997084413586	78036	0	
766.747084717965	78032	0	
766.497085022344	78000	0	
766.247085326724	78036	0	
765.997085631103	78028	0	
765.747084235868	78028	0	
765.497084540247	78064	0	
765.247084844627	78032	0	
764.997085149006	78036	0	
764.747085453385	78040	0	
764.497085757765	78012	0	
764.24708436253	78020	0	
763.997084666909	78020	0	
763.747084971288	77988	0	
763.497085275668	78012	0	
763.247085580047	78008	0	
762.997084184812	78012	0	
762.747084489191	78052	0	
762.497084793571	78028	0	
762.24708509795	78024	0	
761.997085402329	78028	0	
761.747085706709	78020	0	
761.497084311474	78028	0	
761.247084615853	78032	0	
760.997084920232	78016	0	
760.747085224612	78032	0	
760.497085528991	78004	0	
760.247084133756	78024	0	
759.997084438135	78048	0	
759.747084742515	78016	0	
759.497085046894	78008	0	
759.247085351274	77996	0	
758.997085655653	77956	0	
758.747084260418	78020	0	
758.497084564797	78020	0	
758.247084869176	78000	0	
757.997085173556	78020	0	
757.747085477935	78040	0	
757.497085782315	78008	0	
757.247084387079	78028	0	
756.997084691459	78024	0	
756.747084995838	78008	0	
756.497085300218	78008	0	
756.247085604597	78024	0	
755.997084209362	78020	0	
755.747084513741	78040	0	
755.497084818121	78048	0	
755.2470851225	78000	0	
754.997085426879	77988	0	
754.747085731259	78032	0	
754.497084336024	78032	0	
754.247084640403	78040	0	
753.997084944782	78040	0	
753.747085249162	78044	0	
753.497085553541	78028	0	
753.247084158306	78040	0	
752.997084462685	78032	0	
752.747084767065	77996	0	
752.497085071444	78016	0	
752.247085375823	78024	0	
751.997085680203	78056	0	
751.747084284968	78088	0	
751.497084589347	78020	0	
751.247084893726	77988	0	
750.997085198106	78072	0	
750.747085502485	78104	0	
750.497085806865	78036	0	
750.247084411629	78000	0	
749.997084716009	78032	0	
749.747085020388	78056	0	
749.497085324767	78000	0	
749.247085629147	77992	0	
748.997084233912	78040	0	
748.747084538291	78036	0	
748.49708484267	78016	0	
748.24708514705	78028	0	
747.997085451429	78028	0	
747.747085755809	78036	0	
747.497084360573	78032	0	
747.247084664953	78024	0	
746.997084969332	77988	0	
746.747085273712	78012	0	
746.497085578091	78024	0	
746.247084182856	77996	0	
745.997084487235	78032	0	
745.747084791615	77984	0	
745.497085095994	77996	0	
745.247085400373	78024	0	
744.997085704753	78032	0	
744.747084309518	77992	0	
744.497084613897	78052	0	
744.247084918276	78032	0	
743.997085222656	78004	0	
743.747085527035	78000	0	
743.4970841318	78000	0	
743.247084436179	78032	0	
742.997084740559	78028	0	
742.747085044938	77992	0	
742.497085349317	77996	0	
742.247085653697	78052	0	
741.997084258462	78028	0	
741.747084562841	78040	0	
741.49708486722	78044	0	
741.247086871214	78044	0	
740.997087175594	78032	0	
740.747087479973	78024	0	
740.497086084738	78004	0	
740.247086389117	78008	0	
739.997086693497	78080	0	
739.747086997876	78056	0	
739.497087302255	78012	0	
739.24708590702	78020	0	
738.9970862114	78040	0	
738.747086515779	78036	0	
738.497086820158	78032	0	
738.247087124538	78040	0	
737.997087428917	78020	0	
737.747086033682	78028	0	
737.497086338061	78028	0	
737.247086642441	78012	0	
736.99708694682	78024	0	
736.747087251199	78004	0	
736.497085855964	78040	0	
736.247086160344	78024	0	
735.997086464723	78028	0	
735.747086769102	78020	0	
735.497087073482	78044	0	
735.247087377861	78032	0	
734.997085982626	78032	0	
734.747086287005	78068	0	
734.497086591385	78012	0	
734.247086895764	78012	0	
733.997087200143	78004	0	
733.747087504523	78000	0	
733.497086109288	78040	0	
733.247086413667	78028	0	
732.997086718046	78020	0	
732.747087022426	78048	0	
732.497087326805	78008	0	
732.24708593157	78016	0	
731.99708623595	78032	0	
731.747086540329	78016	0	
731.497086844708	78028	0	
731.247087149088	78028	0	
730.997087453467	78076	0	
730.747086058232	78044	0	
730.497086362611	78020	0	
730.247086666991	78052	0	
729.99708697137	78040	0	
729.747087275749	78076	0	
729.497085880514	78060	0	
729.247086184894	77996	0	
728.997086489273	78012	0	
728.747086793652	78024	0	
728.497087098032	77976	0	
728.247087402411	77996	0	
727.997086007176	78044	0	
727.747086311555	78020	0	
727.497086615935	78016	0	
727.247086920314	78032	0	
726.997087224693	78024	0	
726.747085829458	78040	0	
726.497086133838	78008	0	
726.247086438217	77980	0	
725.997086742596	78004	0	
725.747087046976	78008	0	
725.497087351355	78032	0	
725.24708595612	78004	0	
724.997086260499	78032	0	
724.747086564879	78012	0	
724.497086869258	78036	0	
724.247087173638	78072	0	
723.997087478017	78004	0	
723.747086082782	78040	0	
723.497086387161	78036	0	
723.247086691541	78020	0	
722.99708699592	77980	0	
722.747087300299	78016	0	
722.497085905064	78016	0	
722.247086209444	78012	0	
721.997086513823	78000	0	
721.747086818202	78008	0	
721.497087122582	78044	0	
721.247087426961	78024	0	
720.997086031726	78036	0	
720.747086336105	78028	0	
720.497086640485	77968	0	
720.247086944864	78016	0	
719.997087249243	78012	0	
719.747085854008	78040	0	
719.497086158388	78036	0	
719.247086462767	78040	0	
718.997086767146	78020	0	
718.747087071526	78012	0	
718.497087375905	78032	0	
718.24708598067	78004	0	
717.997086285049	78048	0	
717.747086589429	78000	0	
717.497086893808	78004	0	
717.247087198187	78004	0	
716.997087502567	78032	0	
716.747086107332	78032	0	
716.497086411711	78032	0	
716.24708671609	78028	0	
715.99708702047	78032	0	
715.747087324849	78016	0	
715.497085929614	78016	0	
715.247086233993	78036	0	
714.997086538373	78032	0	
714.747086842752	78052	0	
714.497087147132	78040	0	
714.247087451511	78044	0	
713.997086056276	78036	0	
713.747086360655	78060	0	
713.497086665035	78020	0	
713.247086969414	78052	0	
712.997087273793	78028	0	
712.747087578173	78028	0	
712.497087882552	78040	0	
712.247088186931	77996	0	
711.997088491311	78028	0	
711.74708879569	78036	0	
711.49708910007	77996	0	
711.247087704834	77992	0	
710.997088009214	78020	0	
710.747088313593	78024	0	
710.497088617973	78020	0	
710.247088922352	78032	0	
709.997087527117	78044	0	
709.747087831496	78032	0	
709.497088135876	78036	0	
709.247088440255	78080	0	
708.997088744634	78028	0	
708.747089049014	78048	0	
708.497087653778	78044	0	
708.247087958158	78052	0	
707.997088262537	77992	0	
707.747088566917	78020	0	
707.497088871296	78012	0	
707.247089175675	78040	0	
706.99708778044	78016	0	
706.74708808482	78040	0	
706.497088389199	78040	0	
706.247088693578	78028	0	
705.997088997958	78028	0	
705.747087602723	78000	0	
705.497087907102	78016	0	
705.247088211481	78056	0	
704.997088515861	78012	0	
704.74708882024	78020	0	
704.497089124619	78044	0	
704.247087729384	77988	0	
703.997088033764	77984	0	
703.747088338143	78032	0	
703.497088642522	78052	0	
703.247088946902	78060	0	
702.997087551667	78028	0	
702.747087856046	78028	0	
702.497088160425	78040	0	
702.247088464805	78012	0	
701.997088769184	77988	0	
701.747089073564	78024	0	
701.497087678328	78036	0	
701.247087982708	78004	0	
700.997088287087	78020	0	
700.747088591466	78040	0	
700.497088895846	78052	0	
700.247089200225	78048	0	
699.99708780499	78028	0	
699.747088109369	78036	0	
699.497088413749	78036	0	
699.247088718128	78056	0	
698.997089022508	78048	0	
698.747087627272	78008	0	
698.497087931652	78036	0	
698.247088236031	78056	0	
697.997088540411	78020	0	
697.74708884479	78008	0	
697.497089149169	78024	0	
697.247087753934	78024	0	
696.997088058314	78000	0	
696.747088362693	78036	0	
696.497088667072	78012	0	
696.247088971452	77996	0	
695.997087576217	78020	0	
695.747087880596	78028	0	
695.497088184975	78052	0	
695.247088489355	78044	0	
694.997088793734	78028	0	
694.747089098113	78024	0	
694.497087702878	77996	0	
694.247088007258	78024	0	
693.997088311637	78036	0	
693.747088616016	78040	0	
693.497088920396	78040	0	
693.247087525161	78012	0	
692.99708782954	78016	0	
692.747088133919	78036	0	
692.497088438299	78044	0	
692.247088742678	78020	0	
691.997089047057	78032	0	
691.747087651822	78064	0	
691.497087956202	78024	0	
691.247088260581	78032	0	
690.99708856496	78028	0	
690.74708886934	78048	0	
690.497089173719	78016	0	
690.247087778484	78016	0	
689.997088082863	77996	0	
689.747088387243	78052	0	
689.497088691622	78004	0	
689.247088996002	78008	0	
688.997087600766	78048	0	
688.747087905146	78036	0	
688.497088209525	77996	0	
688.247088513905	77996	0	
687.997088818284	78012	0	
687.747089122663	78016	0	
687.497087727428	78036	0	
687.247088031807	78060	0	
686.997088336187	78032	0	
686.747088640566	78032	0	
686.497088944946	78012	0	
686.247087549711	78016	0	
685.99708785409	78020	0	
685.747088158469	78016	0	
685.497088462849	78068	0	
685.247088767228	78008	0	
684.997089071607	78048	0	
684.747087676372	78056	0	
684.497087980752	77984	0	
684.247089984745	78036	0	
683.997090289125	78012	0	
683.747090593504	78036	0	
683.497090897884	78004	0	
683.247089502648	78024	0	
682.997089807028	78048	0	
682.747090111407	78024	0	
682.497090415787	77996	0	
682.247090720166	77996	0	
681.997089324931	78008	0	
681.74708962931	78020	0	
681.49708993369	78012	0	
681.247090238069	78012	0	
680.997090542448	77996	0	
680.747090846828	78044	0	
680.497089451593	78016	0	
680.247089755972	78024	0	
679.997090060351	78012	0	
679.747090364731	78028	0	
679.49709066911	78028	0	
679.247089273875	78008	0	
678.997089578254	78028	0	
678.747089882634	78028	0	
678.497090187013	77984	0	
678.247090491392	78008	0	
677.997090795772	78012	0	
677.747089400537	78024	0	
677.497089704916	78044	0	
677.247090009295	77996	0	
676.997090313675	77996	0	
676.747090618054	78024	0	
676.497089222819	78028	0	
676.247089527198	78016	0	
675.997089831578	78004	0	
675.747090135957	78016	0	
675.497090440336	78008	0	
675.247090744716	78020	0	
674.997089349481	78020	0	
674.74708965386	78004	0	
674.497089958239	78036	0	
674.247090262619	78012	0	
673.997090566998	78024	0	
673.747090871378	78052	0	
673.497089476142	78032	0	
673.247089780522	78020	0	
672.997090084901	78024	0	
672.747090389281	78028	0	
672.49709069366	78032	0	
672.247089298425	78000	0	
671.997089602804	78036	0	
671.747089907184	78036	0	
671.497090211563	78000	0	
671.247090515942	78068	0	
670.997090820322	78024	0	
670.747089425087	78032	0	
670.497089729466	78040	0	
670.247090033845	78004	0	
669.997090338225	78028	0	
669.747090642604	78040	0	
669.497089247369	78024	0	
669.247089551748	78040	0	
668.997089856128	78108	0	
668.747090160507	78040	0	
668.497090464886	78020	0	
668.247090769266	78052	0	
667.997089374031	78036	0	
667.74708967841	78044	0	
667.497089982789	78028	0	
667.247090287169	78020	0	
666.997090591548	78028	0	
666.747090895928	78004	0	
666.497089500692	78044	0	
666.247089805072	78044	0	
665.997090109451	78048	0	
665.747090413831	78028	0	
665.49709071821	78052	0	
665.247089322975	78060	0	
664.997089627354	78052	0	
664.747089931734	78024	0	
664.497090236113	78056	0	
664.247090540492	78040	0	
663.997090844872	78024	0	
663.747089449637	78028	0	
663.497089754016	78036	0	
663.247090058395	77992	0	
662.997090362775	78028	0	
662.747090667154	77996	0	
662.497089271919	78036	0	
662.247089576298	78016	0	
661.997089880678	78028	0	
661.747090185057	78000	0	
661.497090489436	78008	0	
661.247090793816	78012	0	
660.997089398581	77988	0	
660.74708970296	78004	0	
660.497090007339	78016	0	
660.247090311719	78016	0	
659.997090616098	78016	0	
659.747089220863	78028	0	
659.497089525242	78048	0	
659.247089829622	78048	0	
658.997090134001	78024	0	
658.74709043838	78000	0	
658.49709074276	78024	0	
658.247089347525	77988	0	
657.997089651904	78036	0	
657.747089956283	78032	0	
657.497090260663	78020	0	
657.247090565042	78020	0	
656.997090869422	78040	0	
656.747089474186	78036	0	
656.497089778566	77988	0	
656.247090082945	77992	0	
655.997090387325	78020	0	
655.747092391318	78040	0	
655.497090996083	78048	0	
655.247091300463	78052	0	
654.997091604842	78048	0	
654.747091909221	78044	0	
654.497092213601	78004	0	
654.24709251798	78024	0	
653.997091122745	78012	0	
653.747091427124	78056	0	
653.497091731504	78040	0	
653.247092035883	78004	0	
652.997092340263	78020	0	
652.747090945027	77984	0	
652.497091249407	78012	0	
652.247091553786	78024	0	
651.997091858165	78000	0	
651.747092162545	77984	0	
651.497092466924	77988	0	
651.247091071689	78032	0	
650.997091376068	78040	0	
650.747091680448	78008	0	
650.497091984827	78048	0	
650.247092289207	78032	0	
649.997092593586	78004	0	
649.747091198351	78008	0	
649.49709150273	78012	0	
649.24709180711	78048	0	
648.997092111489	78040	0	
648.747092415868	78032	0	
648.497091020633	78044	0	
648.247091325013	78040	0	
647.997091629392	78056	0	
647.747091933771	78012	0	
645.497091273957	78008	0	
645.247091578336	78020	0	
644.997091882715	78060	0	
644.747092187095	78024	0	
644.497092491474	77988	0	
644.247091096239	78024	0	
645.997092364812	78036	0	
645.747090969577	77980	0	
645.497091273957	78008	0	
645.247091578336	78020	0	
644.997091882715	78060	0	
644.747092187095	78024	0	
644.497092491474	77988	0	
644.247091096239	78024	0	
639.997091171845	77972	0	
639.747091476224	78004	0	
639.497091780604	78032	0	
639.247092084983	78024	0	
638.997092389362	78028	0	
638.747090994127	78020	0	
638.497091298506	78044	0	
636.247092338306	78040	0	
635.997090943071	78000	0	
635.747091247451	78000	0	
637.497092516024	78020	0	
637.247091120789	78052	0	
636.997091425168	78044	0	
636.747091729548	78016	0	
636.497092033927	78020	0	
636.247092338306	78040	0	
635.997090943071	78000	0	
635.747091247451	78000	0	
633.49709228725	78008	0	
633.24709259163	78012	0	
632.997091196395	78028	0	
632.747091500774	77988	0	
632.497091805153	78028	0	
632.247092109533	78020	0	
631.997092413912	78008	0	
633.747091982871	78044	0	
633.49709228725	78008	0	
633.24709259163	78012	0	
632.997091196395	78028	0	
632.747091500774	77988	0	
632.497091805153	78028	0	
632.247092109533	78020	0	
625.497093529318	78032	0	
624.997094138077	78028	0	
626.497094011415	78008	0	
625.997092920559	78032	0	
625.497093529318	78032	0	
624.997094138077	78028	0	
624.497093047221	78012	0	
623.99709365598	78060	0	
623.497094264738	78016	0	
622.997093173883	78032	0	
622.497093782641	77976	0	
621.997092691786	78016	0	
621.497093300544	77980	0	
620.997093909303	78016	0	
620.497092818447	78020	0	
619.997093427206	78052	0	
619.497094035965	78040	0	
618.997092945109	78016	0	
618.497093553868	78036	0	
617.997094162626	78048	0	
617.497093071771	78004	0	
616.997093680529	78012	0	
616.497094289288	78036	0	
615.997093198432	77996	0	
615.497093807191	77980	0	
614.997092716335	78000	0	
614.497093325094	78004	0	
613.997093933853	78044	0	
609.497092614224	78052	0	
608.997093222982	78028	0	
608.497093831741	78032	0	
607.997092740885	78016	0	
607.497093349644	78076	0	
606.997093958403	78028	0	
604.497093602968	78036	0	
603.997094211726	78036	0	
603.497093120871	78008	0	
602.997093729629	78028	0	
604.497093602968	78036	0	
603.997094211726	78036	0	
603.497093120871	78008	0	
602.997093729629	78028	0	
598.497095809229	78012	0	
599.997093982953	78024	0	
599.497092892097	78068	0	
598.997093500856	78052	0	
598.497095809229	78012	0	
599.997093982953	78024	0	
599.497092892097	78068	0	
598.997093500856	78052	0	
592.497094616261	78040	0	
591.99709522502	78032	0	
591.497095833779	78024	0	
590.997094742923	78000	0	
590.497095351682	77988	0	
591.99709522502	78032	0	
591.497095833779	78024	0	
590.997094742923	78000	0	
590.497095351682	77988	0	
587.997094996247	78056	0	
587.497095605005	78044	0	
588.997095478344	78048	0	
588.497094387488	78012	0	
587.997094996247	78056	0	
587.497095605005	78044	0	
582.997095984991	78068	0	
582.497094894135	78028	0	
583.997094767473	78008	0	
583.497095376232	78036	0	
582.997095984991	78068	0	
582.497094894135	78028	0	
583.997094767473	78008	0	
583.497095376232	78036	0	
582.997095984991	78068	0	
576.497095400782	78036	0	
577.99709527412	78000	0	
577.497095882879	78084	0	
576.997094792023	78016	0	
576.497095400782	78036	0	
575.997094309926	78000	0	
575.497094918685	78020	0	
568.99709603409	78008	0	
568.497096642849	78016	0	
567.997097251608	77988	0	
567.497096160752	78000	0	
568.99709603409	78008	0	
568.497096642849	78016	0	
565.997096287414	78024	0	
565.497096896173	78032	0	
566.997096769511	78028	0	
566.49709737827	78048	0	
563.997097022834	78028	0	
563.497097631593	78028	0	
564.997097504931	78020	0	
564.497096414075	78040	0	
561.99709605864	78016	0	
561.497096667399	78004	0	
562.997096540737	78048	0	
562.497097149496	78020	0	
557.997097529481	78040	0	
557.497096438625	78044	0	
558.997096311964	78008	0	
558.497096920722	78032	0	
551.997096336514	77972	0	
553.497096209852	78016	0	
552.997096818611	78044	0	
552.497097427369	78024	0	
551.997096336514	77972	0	
553.497096209852	78016	0	
552.997096818611	78044	0	
552.497097427369	78024	0	
545.997096843161	78008	0	
545.497097451919	78028	0	
546.997097325258	78012	0	
544.497096969822	78004	0	
543.997097578581	78012	0	
543.497096487725	78028	0	
542.997097096484	78048	0	
544.497096969822	78004	0	
539.997099049422	78024	0	
539.497097958566	78008	0	
538.997098567325	78036	0	
536.49709821189	78044	0	
537.997098085228	78032	0	
537.497098693987	78012	0	
536.997099302745	78016	0	
536.49709821189	78044	0	
533.997097856454	77992	0	
533.497098465213	78028	0	
532.997099073972	78004	0	
534.49709894731	78044	0	
533.997097856454	77992	0	
533.497098465213	78028	0	
532.997099073972	78004	0	
526.497098489763	78040	0	
525.997099098522	78024	0	
525.492152129479	77992	0	
526.997097881004	78024	0	
526.497098489763	78040	0	
525.997099098522	78024	0	
525.497098007666	78036	0	
522.997099351845	78032	0	
524.497099225184	78024	0	
523.997098134328	78016	0	
523.497098743086	78024	0	
522.997099351845	78032	0	
520.49709899641	78032	0	
519.997097905554	78044	0	
519.497098514313	78000	0	
518.997099123072	78056	0	
520.49709899641	78032	0	
519.997097905554	78044	0	
519.497098514313	78000	0	
518.997099123072	78056	0	
512.497100238477	78012	0	
513.997098412201	78048	0	
513.49709902096	78004	0	
512.997099629719	78000	0	
512.497100238477	78012	0	
511.997100847236	78040	0	
511.49709975638	78000	0	
510.997100365139	78032	0	
510.497100973898	77996	0	
509.997099883042	77996	0	
509.497100491801	78004	0	
508.99710110056	78048	0	
508.497100009704	78032	0	
507.997100618463	78008	0	
507.497099527607	78028	0	
506.997100136366	78000	0	
506.497100745124	78044	0	
505.997099654268	78020	0	
503.497100998448	78016	0	
502.997099907592	78016	0	
502.497100516351	78044	0	
499.997100160915	78028	0	
501.497100034254	78044	0	
500.997100643012	78028	0	
500.497099552157	78012	0	
499.997100160915	78028	0	
501.497100034254	78044	0	
494.997099450045	78092	0	
494.497100058804	78056	0	
493.997100667562	78052	0	
495.497100540901	78024	0	
494.997099450045	78092	0	
490.49709983003	78012	0	
489.997100438789	78044	0	
491.497100312127	78036	0	
490.997100920886	78016	0	
490.49709983003	78012	0	
489.997100438789	78044	0	
489.497101047548	78052	0	
488.997099956692	78004	0	
490.49709983003	78012	0	
489.997100438789	78044	0	
489.497101047548	78052	0	
488.997099956692	78004	0	
484.497102036291	78032	0	
483.99710264505	78032	0	
481.497102289615	78064	0	
482.997102162953	78024	0	
480.497101807518	78036	0	
479.997102416277	78048	0	
481.497102289615	78064	0	
480.997101198759	78028	0	
480.497101807518	78036	0	
475.997102187503	78016	0	
475.497102796262	78020	0	
474.997101705406	78044	0	
474.497102314165	77992	0	
471.99710195873	78052	0	
471.497102567488	78032	0	
470.997101476633	78008	0	
470.497102085391	78028	0	
471.99710195873	78052	0	
471.497102567488	78032	0	
468.997102212053	78008	0	
470.497102085391	78028	0	
469.99710269415	77996	0	
469.497101603294	78024	0	
464.997101983279	78024	0	
464.497102592038	78024	0	
459.997101272409	78040	0	
459.497101881168	78056	0	
458.997102489926	78000	0	
458.497101399071	78040	0	
457.997102007829	78056	0	
457.497102616588	78020	0	
456.997101525732	78044	0	
456.497102134491	78040	0	
455.997104442864	78036	0	
455.497103352009	78004	0	
454.997103960767	78060	0	
450.497104340753	78028	0	
451.997104214091	78044	0	
451.497103123235	78028	0	
450.997103731994	77976	0	
450.497104340753	78028	0	
451.997104214091	78044	0	
451.497103123235	78028	0	
448.997104467414	78036	0	
448.497103376558	77996	0	
449.997103249897	78032	0	
449.497103858655	78016	0	
444.997104238641	78032	0	
444.497103147785	78016	0	
441.997104491964	77972	0	
441.497103401108	78004	0	
440.997104009867	78000	0	
442.497103883205	78020	0	
441.997104491964	77972	0	
441.497103401108	78004	0	
438.997103045673	78020	0	
438.497103654432	78012	0	
439.99710352777	78008	0	
435.497103907755	78012	0	
434.9971028169	77996	0	
436.497104389852	78048	0	
435.997103298997	78036	0	
435.497103907755	78012	0	
432.99710355232	78012	0	
434.497103425658	78028	0	
433.997104034417	78040	0	
433.497102943561	78024	0	
432.99710355232	78012	0	
434.497103425658	78028	0	
433.997104034417	78040	0	
431.497103678982	78000	0	
430.997104287741	77996	0	
430.497103196885	78008	0	
431.997103070223	78008	0	
427.497105149823	77988	0	
428.997103323546	78020	0	
428.497103932305	78044	0	
427.997102841449	78060	0	
427.497105149823	78012	0	
428.997103323546	78020	0	
428.497103932305	78044	0	
427.997102841449	78060	0	
427.497105149823	78012	0	
426.997105758581	78024	0	
426.497104667726	78012	0	
425.997105276484	78028	0	
425.497105885243	78028	0	
424.997104794387	78056	0	
424.497105403146	78008	0	
423.997106011905	78036	0	
423.497104921049	78032	0	
422.997105529808	77984	0	
422.497106138567	77968	0	
421.997105047711	78040	0	
421.49710565647	78036	0	
420.997104565614	77984	0	
420.497105174373	78024	0	
417.997104818937	78012	0	
417.497105427696	78016	0	
418.997105301034	78024	0	
418.497105909793	78000	0	
417.997104818937	78012	0	
417.497105427696	78016	0	
412.997105807681	78060	0	
412.497104716826	78060	0	
411.997105325584	78032	0	
411.497105934343	78040	0	
410.997104843487	78020	0	
408.497106187666	78056	0	
407.997105096811	78040	0	
407.497105705569	78032	0	
404.997105350134	78012	0	
404.497105958893	78036	0	
405.997105832231	78048	0	
405.497104741375	78036	0	
404.997105350134	78012	0	
404.497105958893	78036	0	
405.997105832231	78048	0	
399.497105248022	78000	0	
398.997107556396	78020	0	
398.49710646554	78068	0	
399.997104639264	78016	0	
399.497105248022	78000	0	
394.997107327622	78016	0	
394.497106236766	78048	0	
393.997106845525	78040	0	
393.497107454284	78040	0	
392.997106363428	78020	0	
392.497106972187	78016	0	
391.997107580945	78012	0	
391.49710649009	78016	0	
390.997107098848	78052	0	
390.497107707607	78052	0	
389.997106616751	78036	0	
389.49710722551	78048	0	
388.997107834269	78028	0	
388.497106743413	78032	0	
387.997107352172	78012	0	
387.497106261316	78016	0	
386.997106870075	78024	0	
386.497107478834	78016	0	
385.997106387978	78036	0	
385.497106996737	78028	0	
384.997107605495	78016	0	
384.49710651464	78036	0	
383.997107123398	78040	0	
