-0.00000247045000000000	-0.00000055963100000000
-0.00000246961000000000	-0.00000055929200000000
-0.00000246880000000000	-0.00000055911900000000
-0.00000246797000000000	-0.00000055896100000000
-0.00000246716000000000	-0.00000055853100000000
-0.00000246632000000000	-0.00000055817000000000
-0.00000246534000000000	-0.00000055871200000000
-0.00000246431000000000	-0.00000055869700000000
-0.00000246332000000000	-0.00000055871200000000
-0.00000246232000000000	-0.00000055987900000000
-0.00000246138000000000	-0.00000056040700000000
-0.00000246053000000000	-0.00000056071500000000
-0.00000245964000000000	-0.00000056048900000000
-0.00000245849000000000	-0.00000056025600000000
-0.00000245731000000000	-0.00000055976700000000
-0.00000245638000000000	-0.00000055970600000000
-0.00000245559000000000	-0.00000055958600000000
-0.00000245472000000000	-0.00000055922400000000
-0.00000245376000000000	-0.00000055957100000000
-0.00000245273000000000	-0.00000055901300000000
-0.00000245165000000000	-0.00000055865200000000
-0.00000245069000000000	-0.00000055860700000000
-0.00000244982000000000	-0.00000055866700000000
-0.00000244887000000000	-0.00000055878000000000
-0.00000244785000000000	-0.00000055903600000000
-0.00000244684000000000	-0.00000055969100000000
-0.00000244583000000000	-0.00000055963100000000
-0.00000244486000000000	-0.00000056006000000000
-0.00000244402000000000	-0.00000056097900000000
-0.00000244325000000000	-0.00000056060200000000
-0.00000244228000000000	-0.00000056030900000000
-0.00000244115000000000	-0.00000056088900000000
-0.00000244017000000000	-0.00000056027100000000
-0.00000243939000000000	-0.00000055948000000000
-0.00000243852000000000	-0.00000055948000000000
-0.00000243742000000000	-0.00000055919400000000
-0.00000243629000000000	-0.00000055889300000000
-0.00000243545000000000	-0.00000055803500000000
-0.00000243463000000000	-0.00000055844100000000
-0.00000243358000000000	-0.00000055817000000000
-0.00000243249000000000	-0.00000055886300000000
-0.00000243162000000000	-0.00000055893100000000
-0.00000243069000000000	-0.00000055952600000000
-0.00000242957000000000	-0.00000056047400000000
-0.00000242850000000000	-0.00000056114500000000
-0.00000242763000000000	-0.00000056164900000000
-0.00000242679000000000	-0.00000056192000000000
-0.00000242586000000000	-0.00000056104700000000
-0.00000242487000000000	-0.00000056143100000000
-0.00000242397000000000	-0.00000056063300000000
-0.00000242306000000000	-0.00000056000000000000
-0.00000242206000000000	-0.00000055954800000000
-0.00000242102000000000	-0.00000055949500000000
-0.00000242002000000000	-0.00000055831300000000
-0.00000241901000000000	-0.00000055790700000000
-0.00000241801000000000	-0.00000055834300000000
-0.00000241703000000000	-0.00000055831300000000
-0.00000241596000000000	-0.00000055899800000000
-0.00000241481000000000	-0.00000055916400000000
-0.00000241372000000000	-0.00000055991000000000
-0.00000241283000000000	-0.00000055964600000000
-0.00000241192000000000	-0.00000055972100000000
-0.00000241085000000000	-0.00000056130300000000
-0.00000240980000000000	-0.00000056053500000000
-0.00000240878000000000	-0.00000056121200000000
-0.00000240794000000000	-0.00000056024100000000
-0.00000240708000000000	-0.00000056009000000000
-0.00000240610000000000	-0.00000055960800000000
-0.00000240511000000000	-0.00000055884800000000
-0.00000240417000000000	-0.00000055890800000000
-0.00000240319000000000	-0.00000055808000000000
-0.00000240215000000000	-0.00000055776300000000
-0.00000240115000000000	-0.00000055858400000000
-0.00000240027000000000	-0.00000055847100000000
-0.00000239937000000000	-0.00000055890800000000
-0.00000239834000000000	-0.00000055975900000000
-0.00000239720000000000	-0.00000056007500000000
-0.00000239608000000000	-0.00000056069300000000
-0.00000239504000000000	-0.00000056116700000000
-0.00000239407000000000	-0.00000056145300000000
-0.00000239311000000000	-0.00000056181500000000
-0.00000239221000000000	-0.00000056088100000000
-0.00000239134000000000	-0.00000056009800000000
-0.00000239042000000000	-0.00000056052000000000
-0.00000238950000000000	-0.00000055912600000000
-0.00000238853000000000	-0.00000055845600000000
-0.00000238755000000000	-0.00000055884000000000
-0.00000238658000000000	-0.00000055810200000000
-0.00000238552000000000	-0.00000055689700000000
-0.00000238442000000000	-0.00000055803500000000
-0.00000238345000000000	-0.00000055901300000000
-0.00000238255000000000	-0.00000055885500000000
-0.00000238154000000000	-0.00000055880300000000
-0.00000238043000000000	-0.00000055978900000000
-0.00000237935000000000	-0.00000055966100000000
-0.00000237832000000000	-0.00000056012800000000
-0.00000237727000000000	-0.00000056133300000000
-0.00000237626000000000	-0.00000056067800000000
-0.00000237533000000000	-0.00000056126500000000
-0.00000237447000000000	-0.00000056097100000000
-0.00000237352000000000	-0.00000056069300000000
-0.00000237259000000000	-0.00000055926200000000
-0.00000237170000000000	-0.00000055819300000000
-0.00000237080000000000	-0.00000055823800000000
-0.00000236987000000000	-0.00000055776300000000
-0.00000236876000000000	-0.00000055716900000000
-0.00000236745000000000	-0.00000055779400000000
-0.00000236617000000000	-0.00000055906600000000
-0.00000236515000000000	-0.00000055903600000000
-0.00000236432000000000	-0.00000055992500000000
-0.00000236358000000000	-0.00000055951100000000
-0.00000236263000000000	-0.00000056008300000000
-0.00000236146000000000	-0.00000056020300000000
-0.00000236032000000000	-0.00000056057200000000
-0.00000235947000000000	-0.00000056005300000000
-0.00000235866000000000	-0.00000055966100000000
-0.00000235764000000000	-0.00000055912600000000
-0.00000235657000000000	-0.00000055942000000000
-0.00000235559000000000	-0.00000055930000000000
-0.00000235455000000000	-0.00000055930700000000
-0.00000235346000000000	-0.00000055823000000000
-0.00000235242000000000	-0.00000055795900000000
-0.00000235150000000000	-0.00000055783900000000
-0.00000235062000000000	-0.00000055855400000000
-0.00000234963000000000	-0.00000055973600000000
-0.00000234847000000000	-0.00000055988700000000
-0.00000234726000000000	-0.00000056085800000000
-0.00000234624000000000	-0.00000056015800000000
-0.00000234529000000000	-0.00000056052700000000
-0.00000234438000000000	-0.00000056068500000000
-0.00000234349000000000	-0.00000055990200000000
-0.00000234247000000000	-0.00000056003000000000
-0.00000234131000000000	-0.00000056047400000000
-0.00000234025000000000	-0.00000055978900000000
-0.00000233936000000000	-0.00000055916400000000
-0.00000233846000000000	-0.00000055889300000000
-0.00000233743000000000	-0.00000055911900000000
-0.00000233648000000000	-0.00000055836600000000
-0.00000233565000000000	-0.00000055716900000000
-0.00000233462000000000	-0.00000055826800000000
-0.00000233348000000000	-0.00000055848600000000
-0.00000233244000000000	-0.00000055896100000000
-0.00000233144000000000	-0.00000056034600000000
-0.00000233036000000000	-0.00000056042200000000
-0.00000232920000000000	-0.00000056042900000000
-0.00000232816000000000	-0.00000056040700000000
-0.00000232721000000000	-0.00000056045900000000
-0.00000232623000000000	-0.00000056037700000000
-0.00000232519000000000	-0.00000055985700000000
-0.00000232410000000000	-0.00000056033900000000
-0.00000232308000000000	-0.00000056018800000000
-0.00000232215000000000	-0.00000055936700000000
-0.00000232123000000000	-0.00000055914900000000
-0.00000232028000000000	-0.00000055828300000000
-0.00000231924000000000	-0.00000055808700000000
-0.00000231810000000000	-0.00000055771100000000
-0.00000231696000000000	-0.00000055800400000000
-0.00000231597000000000	-0.00000055864400000000
-0.00000231500000000000	-0.00000055987200000000
-0.00000231394000000000	-0.00000056045900000000
-0.00000231285000000000	-0.00000056006000000000
-0.00000231180000000000	-0.00000056027100000000
-0.00000231077000000000	-0.00000056033100000000
-0.00000230977000000000	-0.00000056030900000000
-0.00000230882000000000	-0.00000056043700000000
-0.00000230791000000000	-0.00000055972900000000
-0.00000230694000000000	-0.00000055948000000000
-0.00000230594000000000	-0.00000055936700000000
-0.00000230491000000000	-0.00000055899800000000
-0.00000230384000000000	-0.00000055920200000000
-0.00000230279000000000	-0.00000055901300000000
-0.00000230177000000000	-0.00000055811700000000
-0.00000230073000000000	-0.00000055789100000000
-0.00000229967000000000	-0.00000055816300000000
-0.00000229858000000000	-0.00000055860700000000
-0.00000229749000000000	-0.00000055958600000000
-0.00000229646000000000	-0.00000055984900000000
-0.00000229544000000000	-0.00000055997700000000
-0.00000229448000000000	-0.00000055976700000000
-0.00000229354000000000	-0.00000056061700000000
-0.00000229258000000000	-0.00000056135500000000
-0.00000229154000000000	-0.00000056128000000000
-0.00000229040000000000	-0.00000056089600000000
-0.00000228925000000000	-0.00000055987900000000
-0.00000228817000000000	-0.00000055951100000000
-0.00000228725000000000	-0.00000055824500000000
-0.00000228631000000000	-0.00000055836600000000
-0.00000228528000000000	-0.00000055858400000000
-0.00000228426000000000	-0.00000055818500000000
-0.00000228325000000000	-0.00000055836600000000
-0.00000228222000000000	-0.00000055851600000000
-0.00000228113000000000	-0.00000055994000000000
-0.00000228008000000000	-0.00000056024800000000
-0.00000227899000000000	-0.00000056039200000000
-0.00000227788000000000	-0.00000056045200000000
-0.00000227687000000000	-0.00000055992500000000
-0.00000227591000000000	-0.00000055992500000000
-0.00000227489000000000	-0.00000056064800000000
-0.00000227387000000000	-0.00000056082100000000
-0.00000227293000000000	-0.00000055970600000000
-0.00000227193000000000	-0.00000055946500000000
-0.00000227082000000000	-0.00000055890100000000
-0.00000226967000000000	-0.00000055794400000000
-0.00000226855000000000	-0.00000055821500000000
-0.00000226754000000000	-0.00000055832100000000
-0.00000226662000000000	-0.00000055808000000000
-0.00000226571000000000	-0.00000055823800000000
-0.00000226468000000000	-0.00000055934500000000
-0.00000226356000000000	-0.00000055929200000000
-0.00000226238000000000	-0.00000055964600000000
-0.00000226116000000000	-0.00000056106200000000
-0.00000226007000000000	-0.00000056103900000000
-0.00000225916000000000	-0.00000056081300000000
-0.00000225827000000000	-0.00000056119000000000
-0.00000225725000000000	-0.00000056165700000000
-0.00000225623000000000	-0.00000056105400000000
-0.00000225521000000000	-0.00000056058700000000
-0.00000225415000000000	-0.00000055998500000000
-0.00000225303000000000	-0.00000055937500000000
-0.00000225193000000000	-0.00000055945000000000
-0.00000225091000000000	-0.00000055924700000000
-0.00000224991000000000	-0.00000055895300000000
-0.00000224886000000000	-0.00000055823800000000
-0.00000224777000000000	-0.00000055927000000000
-0.00000224678000000000	-0.00000055969100000000
-0.00000224569000000000	-0.00000056102400000000
-0.00000224447000000000	-0.00000056180700000000
-0.00000224334000000000	-0.00000056183700000000
-0.00000224236000000000	-0.00000056176200000000
-0.00000224143000000000	-0.00000056131000000000
-0.00000224042000000000	-0.00000056113000000000
-0.00000223928000000000	-0.00000056106900000000
-0.00000223816000000000	-0.00000056012000000000
-0.00000223712000000000	-0.00000056040700000000
-0.00000223613000000000	-0.00000055974400000000
-0.00000223499000000000	-0.00000055984200000000
-0.00000223383000000000	-0.00000056025600000000
-0.00000223289000000000	-0.00000055890800000000
-0.00000223205000000000	-0.00000055854700000000
-0.00000223111000000000	-0.00000055940500000000
-0.00000223007000000000	-0.00000055909600000000
-0.00000222899000000000	-0.00000056017300000000
-0.00000222800000000000	-0.00000056074500000000
-0.00000222701000000000	-0.00000056056500000000
-0.00000222591000000000	-0.00000056154400000000
-0.00000222475000000000	-0.00000056146100000000
-0.00000222354000000000	-0.00000056223600000000
-0.00000222240000000000	-0.00000056254500000000
-0.00000222133000000000	-0.00000056164200000000
-0.00000222030000000000	-0.00000056167900000000
-0.00000221940000000000	-0.00000056061000000000
-0.00000221851000000000	-0.00000056033100000000
-0.00000221753000000000	-0.00000056051200000000
-0.00000221643000000000	-0.00000056040700000000
-0.00000221526000000000	-0.00000056016600000000
-0.00000221412000000000	-0.00000055969100000000
-0.00000221297000000000	-0.00000056027900000000
-0.00000221193000000000	-0.00000056021100000000
-0.00000221096000000000	-0.00000056045200000000
-0.00000220987000000000	-0.00000056170200000000
-0.00000220865000000000	-0.00000056241700000000
-0.00000220746000000000	-0.00000056354700000000
-0.00000220645000000000	-0.00000056348700000000
-0.00000220552000000000	-0.00000056257500000000
-0.00000220449000000000	-0.00000056250000000000
-0.00000220344000000000	-0.00000056263600000000
-0.00000220256000000000	-0.00000056160400000000
-0.00000220165000000000	-0.00000056153600000000
-0.00000220049000000000	-0.00000056112200000000
-0.00000219922000000000	-0.00000056147600000000
-0.00000219813000000000	-0.00000056122700000000
-0.00000219719000000000	-0.00000056029400000000
-0.00000219625000000000	-0.00000055996200000000
-0.00000219519000000000	-0.00000056056500000000
-0.00000219404000000000	-0.00000056104700000000
-0.00000219290000000000	-0.00000056168700000000
-0.00000219180000000000	-0.00000056238000000000
-0.00000219070000000000	-0.00000056274100000000
-0.00000218956000000000	-0.00000056385600000000
-0.00000218853000000000	-0.00000056335900000000
-0.00000218757000000000	-0.00000056306500000000
-0.00000218660000000000	-0.00000056390100000000
-0.00000218556000000000	-0.00000056299700000000
-0.00000218432000000000	-0.00000056246200000000
-0.00000218299000000000	-0.00000056241000000000
-0.00000218181000000000	-0.00000056160400000000
-0.00000218082000000000	-0.00000056110700000000
-0.00000218000000000000	-0.00000056052700000000
-0.00000217903000000000	-0.00000056126500000000
-0.00000217791000000000	-0.00000056112200000000
-0.00000217680000000000	-0.00000056219100000000
-0.00000217577000000000	-0.00000056306500000000
-0.00000217467000000000	-0.00000056323100000000
-0.00000217351000000000	-0.00000056332800000000
-0.00000217245000000000	-0.00000056406600000000
-0.00000217144000000000	-0.00000056469100000000
-0.00000217040000000000	-0.00000056410400000000
-0.00000216936000000000	-0.00000056385600000000
-0.00000216837000000000	-0.00000056383300000000
-0.00000216731000000000	-0.00000056314800000000
-0.00000216613000000000	-0.00000056338900000000
-0.00000216504000000000	-0.00000056346400000000
-0.00000216401000000000	-0.00000056323800000000
-0.00000216292000000000	-0.00000056261300000000
-0.00000216183000000000	-0.00000056256000000000
-0.00000216083000000000	-0.00000056208600000000
-0.00000215978000000000	-0.00000056274900000000
-0.00000215871000000000	-0.00000056250800000000
-0.00000215758000000000	-0.00000056398400000000
-0.00000215647000000000	-0.00000056431500000000
-0.00000215536000000000	-0.00000056384100000000
-0.00000215425000000000	-0.00000056405100000000
-0.00000215320000000000	-0.00000056393100000000
-0.00000215211000000000	-0.00000056436000000000
-0.00000215097000000000	-0.00000056495500000000
-0.00000214991000000000	-0.00000056447300000000
-0.00000214892000000000	-0.00000056480400000000
-0.00000214788000000000	-0.00000056478200000000
-0.00000214680000000000	-0.00000056359200000000
-0.00000214580000000000	-0.00000056316300000000
-0.00000214491000000000	-0.00000056300500000000
-0.00000214392000000000	-0.00000056185200000000
-0.00000214267000000000	-0.00000056192000000000
-0.00000214142000000000	-0.00000056230400000000
-0.00000214032000000000	-0.00000056326800000000
-0.00000213934000000000	-0.00000056389300000000
-0.00000213837000000000	-0.00000056457800000000
-0.00000213742000000000	-0.00000056488000000000
-0.00000213645000000000	-0.00000056536900000000
-0.00000213538000000000	-0.00000056513600000000
-0.00000213413000000000	-0.00000056498500000000
-0.00000213275000000000	-0.00000056588100000000
-0.00000213150000000000	-0.00000056530900000000
-0.00000213044000000000	-0.00000056505300000000
-0.00000212947000000000	-0.00000056428500000000
-0.00000212848000000000	-0.00000056408100000000
-0.00000212751000000000	-0.00000056333600000000
-0.00000212643000000000	-0.00000056350900000000
-0.00000212521000000000	-0.00000056339600000000
-0.00000212395000000000	-0.00000056343400000000
-0.00000212288000000000	-0.00000056387800000000
-0.00000212198000000000	-0.00000056417900000000
-0.00000212095000000000	-0.00000056555700000000
-0.00000211975000000000	-0.00000056641600000000
-0.00000211856000000000	-0.00000056580600000000
-0.00000211747000000000	-0.00000056649900000000
-0.00000211648000000000	-0.00000056711600000000
-0.00000211556000000000	-0.00000056597200000000
-0.00000211459000000000	-0.00000056563300000000
-0.00000211355000000000	-0.00000056537700000000
-0.00000211239000000000	-0.00000056524900000000
-0.00000211113000000000	-0.00000056541400000000
-0.00000210986000000000	-0.00000056474400000000
-0.00000210868000000000	-0.00000056542200000000
-0.00000210776000000000	-0.00000056419400000000
-0.00000210693000000000	-0.00000056305000000000
-0.00000210593000000000	-0.00000056326800000000
-0.00000210475000000000	-0.00000056485000000000
-0.00000210359000000000	-0.00000056519600000000
-0.00000210247000000000	-0.00000056621300000000
-0.00000210136000000000	-0.00000056692000000000
-0.00000210021000000000	-0.00000056658200000000
-0.00000209901000000000	-0.00000056701100000000
-0.00000209784000000000	-0.00000056649100000000
-0.00000209663000000000	-0.00000056665700000000
-0.00000209553000000000	-0.00000056642300000000
-0.00000209455000000000	-0.00000056594900000000
-0.00000209350000000000	-0.00000056655100000000
-0.00000209238000000000	-0.00000056618200000000
-0.00000209133000000000	-0.00000056545200000000
-0.00000209035000000000	-0.00000056523400000000
-0.00000208934000000000	-0.00000056476700000000
-0.00000208823000000000	-0.00000056465400000000
-0.00000208711000000000	-0.00000056456300000000
-0.00000208599000000000	-0.00000056492500000000
-0.00000208485000000000	-0.00000056592600000000
-0.00000208377000000000	-0.00000056554200000000
-0.00000208269000000000	-0.00000056671000000000
-0.00000208160000000000	-0.00000056715400000000
-0.00000208051000000000	-0.00000056738000000000
-0.00000207947000000000	-0.00000056717600000000
-0.00000207842000000000	-0.00000056710100000000
-0.00000207735000000000	-0.00000056698100000000
-0.00000207624000000000	-0.00000056615200000000
-0.00000207507000000000	-0.00000056613000000000
-0.00000207399000000000	-0.00000056559500000000
-0.00000207298000000000	-0.00000056570000000000
-0.00000207190000000000	-0.00000056583600000000
-0.00000207074000000000	-0.00000056463900000000
-0.00000206955000000000	-0.00000056528600000000
-0.00000206843000000000	-0.00000056516600000000
-0.00000206724000000000	-0.00000056579800000000
-0.00000206611000000000	-0.00000056627300000000
-0.00000206505000000000	-0.00000056701100000000
-0.00000206395000000000	-0.00000056821600000000
-0.00000206295000000000	-0.00000056654400000000
-0.00000206199000000000	-0.00000056699600000000
-0.00000206095000000000	-0.00000056805000000000
-0.00000205984000000000	-0.00000056710900000000
-0.00000205874000000000	-0.00000056713900000000
-0.00000205768000000000	-0.00000056718400000000
-0.00000205655000000000	-0.00000056681500000000
-0.00000205538000000000	-0.00000056681500000000
-0.00000205421000000000	-0.00000056661200000000
-0.00000205303000000000	-0.00000056589600000000
-0.00000205185000000000	-0.00000056585900000000
-0.00000205077000000000	-0.00000056646100000000
-0.00000204985000000000	-0.00000056652900000000
-0.00000204886000000000	-0.00000056743300000000
-0.00000204775000000000	-0.00000056759100000000
-0.00000204661000000000	-0.00000056765800000000
-0.00000204544000000000	-0.00000056908900000000
-0.00000204426000000000	-0.00000056844900000000
-0.00000204305000000000	-0.00000056828300000000
-0.00000204191000000000	-0.00000056819300000000
-0.00000204095000000000	-0.00000056772600000000
-0.00000204011000000000	-0.00000056834400000000
-0.00000203927000000000	-0.00000056728200000000
-0.00000203820000000000	-0.00000056698800000000
-0.00000203693000000000	-0.00000056681500000000
-0.00000203562000000000	-0.00000056630300000000
-0.00000203450000000000	-0.00000056529400000000
-0.00000203352000000000	-0.00000056560300000000
-0.00000203244000000000	-0.00000056628800000000
-0.00000203126000000000	-0.00000056619800000000
-0.00000203011000000000	-0.00000056692000000000
-0.00000202913000000000	-0.00000056754500000000
-0.00000202813000000000	-0.00000056869800000000
-0.00000202696000000000	-0.00000056829900000000
-0.00000202569000000000	-0.00000056835900000000
-0.00000202457000000000	-0.00000056773400000000
-0.00000202346000000000	-0.00000056750000000000
-0.00000202225000000000	-0.00000056712400000000
-0.00000202108000000000	-0.00000056683800000000
-0.00000202002000000000	-0.00000056710100000000
-0.00000201901000000000	-0.00000056695100000000
-0.00000201798000000000	-0.00000056684500000000
-0.00000201686000000000	-0.00000056632600000000
-0.00000201574000000000	-0.00000056565500000000
-0.00000201468000000000	-0.00000056507500000000
-0.00000201359000000000	-0.00000056599400000000
-0.00000201249000000000	-0.00000056671000000000
-0.00000201140000000000	-0.00000056795200000000
-0.00000201031000000000	-0.00000056797500000000
-0.00000200913000000000	-0.00000056857000000000
-0.00000200796000000000	-0.00000056877300000000
-0.00000200685000000000	-0.00000056840400000000
-0.00000200572000000000	-0.00000056909700000000
-0.00000200458000000000	-0.00000056836600000000
-0.00000200352000000000	-0.00000056725900000000
-0.00000200259000000000	-0.00000056750000000000
-0.00000200163000000000	-0.00000056708600000000
-0.00000200042000000000	-0.00000056738000000000
-0.00000199912000000000	-0.00000056709400000000
-0.00000199793000000000	-0.00000056658900000000
-0.00000199684000000000	-0.00000056652100000000
-0.00000199581000000000	-0.00000056680000000000
-0.00000199472000000000	-0.00000056748500000000
-0.00000199358000000000	-0.00000056757600000000
-0.00000199246000000000	-0.00000056825300000000
-0.00000199141000000000	-0.00000056818600000000
-0.00000199030000000000	-0.00000056841900000000
-0.00000198915000000000	-0.00000056864500000000
-0.00000198803000000000	-0.00000056930800000000
-0.00000198689000000000	-0.00000056890800000000
-0.00000198570000000000	-0.00000056863000000000
-0.00000198451000000000	-0.00000056835100000000
-0.00000198339000000000	-0.00000056725900000000
-0.00000198237000000000	-0.00000056740200000000
-0.00000198138000000000	-0.00000056749300000000
-0.00000198026000000000	-0.00000056733500000000
-0.00000197904000000000	-0.00000056711600000000
-0.00000197786000000000	-0.00000056667900000000
-0.00000197667000000000	-0.00000056707900000000
-0.00000197552000000000	-0.00000056693600000000
-0.00000197446000000000	-0.00000056713900000000
-0.00000197343000000000	-0.00000056738000000000
-0.00000197231000000000	-0.00000056841900000000
-0.00000197122000000000	-0.00000056789900000000
-0.00000197012000000000	-0.00000056814000000000
-0.00000196892000000000	-0.00000056829900000000
-0.00000196767000000000	-0.00000056891600000000
-0.00000196660000000000	-0.00000056819300000000
-0.00000196557000000000	-0.00000056780100000000
-0.00000196439000000000	-0.00000056802000000000
-0.00000196323000000000	-0.00000056743300000000
-0.00000196218000000000	-0.00000056722900000000
-0.00000196115000000000	-0.00000056595700000000
-0.00000195997000000000	-0.00000056627300000000
-0.00000195876000000000	-0.00000056701100000000
-0.00000195763000000000	-0.00000056630300000000
-0.00000195645000000000	-0.00000056631000000000
-0.00000195528000000000	-0.00000056788400000000
-0.00000195422000000000	-0.00000056870500000000
-0.00000195317000000000	-0.00000056918700000000
-0.00000195202000000000	-0.00000057023400000000
-0.00000195089000000000	-0.00000056902900000000
-0.00000194978000000000	-0.00000056841100000000
-0.00000194870000000000	-0.00000056881100000000
-0.00000194756000000000	-0.00000056872000000000
-0.00000194628000000000	-0.00000056805800000000
-0.00000194499000000000	-0.00000056782400000000
-0.00000194387000000000	-0.00000056639300000000
-0.00000194283000000000	-0.00000056616000000000
-0.00000194177000000000	-0.00000056606200000000
-0.00000194071000000000	-0.00000056591900000000
-0.00000193958000000000	-0.00000056648400000000
-0.00000193832000000000	-0.00000056716900000000
-0.00000193703000000000	-0.00000056723700000000
-0.00000193586000000000	-0.00000056831400000000
-0.00000193485000000000	-0.00000056845700000000
-0.00000193386000000000	-0.00000056886300000000
-0.00000193291000000000	-0.00000056892300000000
-0.00000193197000000000	-0.00000056920200000000
-0.00000193095000000000	-0.00000056866800000000
-0.00000192978000000000	-0.00000056807300000000
-0.00000192847000000000	-0.00000056819300000000
-0.00000192713000000000	-0.00000056774100000000
-0.00000192585000000000	-0.00000056716900000000
-0.00000192474000000000	-0.00000056631000000000
-0.00000192368000000000	-0.00000056687500000000
-0.00000192269000000000	-0.00000056588100000000
-0.00000192164000000000	-0.00000056556500000000
-0.00000192048000000000	-0.00000056595700000000
-0.00000191929000000000	-0.00000056640800000000
-0.00000191808000000000	-0.00000056716100000000
-0.00000191692000000000	-0.00000056809500000000
-0.00000191583000000000	-0.00000056890100000000
-0.00000191473000000000	-0.00000056847200000000
-0.00000191357000000000	-0.00000056879500000000
-0.00000191251000000000	-0.00000056860700000000
-0.00000191148000000000	-0.00000056939000000000
-0.00000191042000000000	-0.00000056834400000000
-0.00000190918000000000	-0.00000056880300000000
-0.00000190794000000000	-0.00000056780100000000
-0.00000190677000000000	-0.00000056693600000000
-0.00000190561000000000	-0.00000056784700000000
-0.00000190444000000000	-0.00000056719200000000
-0.00000190328000000000	-0.00000056625000000000
-0.00000190218000000000	-0.00000056644600000000
-0.00000190113000000000	-0.00000056600200000000
-0.00000190002000000000	-0.00000056631800000000
-0.00000189882000000000	-0.00000056768900000000
-0.00000189758000000000	-0.00000056854000000000
-0.00000189638000000000	-0.00000056904400000000
-0.00000189528000000000	-0.00000056958600000000
-0.00000189425000000000	-0.00000056933000000000
-0.00000189323000000000	-0.00000056830600000000
-0.00000189216000000000	-0.00000056825300000000
-0.00000189103000000000	-0.00000056735000000000
-0.00000188979000000000	-0.00000056769600000000
-0.00000188852000000000	-0.00000056774100000000
-0.00000188723000000000	-0.00000056724400000000
-0.00000188594000000000	-0.00000056731200000000
-0.00000188486000000000	-0.00000056707900000000
-0.00000188390000000000	-0.00000056655900000000
-0.00000188285000000000	-0.00000056658900000000
-0.00000188170000000000	-0.00000056690500000000
-0.00000188052000000000	-0.00000056764300000000
-0.00000187943000000000	-0.00000056811800000000
-0.00000187836000000000	-0.00000056889300000000
-0.00000187714000000000	-0.00000056921000000000
-0.00000187572000000000	-0.00000056885600000000
-0.00000187436000000000	-0.00000056899100000000
-0.00000187330000000000	-0.00000056902900000000
-0.00000187243000000000	-0.00000056874300000000
-0.00000187154000000000	-0.00000056849400000000
-0.00000187052000000000	-0.00000056719200000000
-0.00000186924000000000	-0.00000056649100000000
-0.00000186784000000000	-0.00000056645400000000
-0.00000186661000000000	-0.00000056652100000000
-0.00000186561000000000	-0.00000056619800000000
-0.00000186462000000000	-0.00000056612200000000
-0.00000186345000000000	-0.00000056712400000000
-0.00000186217000000000	-0.00000056769600000000
-0.00000186095000000000	-0.00000056743300000000
-0.00000185984000000000	-0.00000056796700000000
-0.00000185865000000000	-0.00000056847200000000
-0.00000185737000000000	-0.00000056925500000000
-0.00000185630000000000	-0.00000056866800000000
-0.00000185539000000000	-0.00000056907400000000
-0.00000185436000000000	-0.00000056930800000000
-0.00000185319000000000	-0.00000056769600000000
-0.00000185195000000000	-0.00000056769600000000
-0.00000185070000000000	-0.00000056758300000000
-0.00000184953000000000	-0.00000056709400000000
-0.00000184848000000000	-0.00000056676200000000
-0.00000184739000000000	-0.00000056678500000000
-0.00000184617000000000	-0.00000056645400000000
-0.00000184495000000000	-0.00000056624300000000
-0.00000184387000000000	-0.00000056633300000000
-0.00000184282000000000	-0.00000056766600000000
-0.00000184178000000000	-0.00000056760600000000
-0.00000184065000000000	-0.00000056818600000000
-0.00000183942000000000	-0.00000056908200000000
-0.00000183824000000000	-0.00000056823800000000
-0.00000183713000000000	-0.00000056835100000000
-0.00000183598000000000	-0.00000056907400000000
-0.00000183473000000000	-0.00000056921700000000
-0.00000183347000000000	-0.00000056851700000000
-0.00000183223000000000	-0.00000056844900000000
-0.00000183104000000000	-0.00000056787700000000
-0.00000182985000000000	-0.00000056753000000000
-0.00000182870000000000	-0.00000056765800000000
-0.00000182763000000000	-0.00000056727400000000
-0.00000182657000000000	-0.00000056701800000000
-0.00000182547000000000	-0.00000056744000000000
-0.00000182437000000000	-0.00000056738700000000
-0.00000182327000000000	-0.00000056787700000000
-0.00000182214000000000	-0.00000056838900000000
-0.00000182088000000000	-0.00000056883300000000
-0.00000181947000000000	-0.00000056942100000000
-0.00000181812000000000	-0.00000056989500000000
-0.00000181693000000000	-0.00000057022600000000
-0.00000181579000000000	-0.00000057005300000000
-0.00000181465000000000	-0.00000056957100000000
-0.00000181356000000000	-0.00000056875000000000
-0.00000181242000000000	-0.00000056780100000000
-0.00000181123000000000	-0.00000056777900000000
-0.00000181012000000000	-0.00000056739500000000
-0.00000180896000000000	-0.00000056781700000000
-0.00000180775000000000	-0.00000056735000000000
-0.00000180655000000000	-0.00000056762800000000
-0.00000180545000000000	-0.00000056811800000000
-0.00000180437000000000	-0.00000056796000000000
-0.00000180320000000000	-0.00000056834400000000
-0.00000180202000000000	-0.00000056925500000000
-0.00000180085000000000	-0.00000056994800000000
-0.00000179963000000000	-0.00000057000000000000
-0.00000179840000000000	-0.00000056951100000000
-0.00000179722000000000	-0.00000057016600000000
-0.00000179614000000000	-0.00000057041500000000
-0.00000179514000000000	-0.00000056987200000000
-0.00000179409000000000	-0.00000056917200000000
-0.00000179291000000000	-0.00000056918000000000
-0.00000179163000000000	-0.00000056935300000000
-0.00000179040000000000	-0.00000056865200000000
-0.00000178924000000000	-0.00000056855500000000
-0.00000178805000000000	-0.00000056869000000000
-0.00000178677000000000	-0.00000056785400000000
-0.00000178550000000000	-0.00000056818600000000
-0.00000178441000000000	-0.00000056860000000000
-0.00000178335000000000	-0.00000056980500000000
-0.00000178225000000000	-0.00000057044500000000
-0.00000178121000000000	-0.00000056961600000000
-0.00000178015000000000	-0.00000057072300000000
-0.00000177898000000000	-0.00000057088900000000
-0.00000177763000000000	-0.00000057064000000000
-0.00000177633000000000	-0.00000057048200000000
-0.00000177518000000000	-0.00000057031700000000
-0.00000177403000000000	-0.00000057023400000000
-0.00000177280000000000	-0.00000056968400000000
-0.00000177162000000000	-0.00000056926200000000
-0.00000177056000000000	-0.00000056934500000000
-0.00000176949000000000	-0.00000056806500000000
-0.00000176834000000000	-0.00000056817000000000
-0.00000176725000000000	-0.00000056917200000000
-0.00000176613000000000	-0.00000057021100000000
-0.00000176489000000000	-0.00000056956400000000
-0.00000176358000000000	-0.00000057038400000000
-0.00000176238000000000	-0.00000057087400000000
-0.00000176119000000000	-0.00000057082900000000
-0.00000175994000000000	-0.00000057125800000000
-0.00000175873000000000	-0.00000057211600000000
-0.00000175748000000000	-0.00000057133300000000
-0.00000175606000000000	-0.00000057220700000000
-0.00000175479000000000	-0.00000057166500000000
-0.00000175374000000000	-0.00000057039200000000
-0.00000175271000000000	-0.00000057018100000000
-0.00000175164000000000	-0.00000056922500000000
-0.00000175051000000000	-0.00000056896100000000
-0.00000174934000000000	-0.00000056899900000000
-0.00000174815000000000	-0.00000056907400000000
-0.00000174700000000000	-0.00000056936000000000
-0.00000174587000000000	-0.00000056965400000000
-0.00000174467000000000	-0.00000057070100000000
-0.00000174343000000000	-0.00000057073800000000
-0.00000174218000000000	-0.00000057163400000000
-0.00000174104000000000	-0.00000057134800000000
-0.00000173994000000000	-0.00000057273400000000
-0.00000173886000000000	-0.00000057185300000000
-0.00000173764000000000	-0.00000057230500000000
-0.00000173636000000000	-0.00000057198100000000
-0.00000173503000000000	-0.00000057133300000000
-0.00000173369000000000	-0.00000057090400000000
-0.00000173250000000000	-0.00000057058000000000
-0.00000173157000000000	-0.00000057041500000000
-0.00000173066000000000	-0.00000057011300000000
-0.00000172952000000000	-0.00000056966200000000
-0.00000172821000000000	-0.00000056986500000000
-0.00000172694000000000	-0.00000057104000000000
-0.00000172575000000000	-0.00000057104000000000
-0.00000172450000000000	-0.00000057207100000000
-0.00000172325000000000	-0.00000057271900000000
-0.00000172205000000000	-0.00000057280200000000
-0.00000172084000000000	-0.00000057365300000000
-0.00000171968000000000	-0.00000057344900000000
-0.00000171861000000000	-0.00000057286900000000
-0.00000171755000000000	-0.00000057271900000000
-0.00000171636000000000	-0.00000057164200000000
-0.00000171500000000000	-0.00000057183000000000
-0.00000171370000000000	-0.00000057177800000000
-0.00000171248000000000	-0.00000057122000000000
-0.00000171124000000000	-0.00000057046000000000
-0.00000170999000000000	-0.00000057085900000000
-0.00000170882000000000	-0.00000057064800000000
-0.00000170760000000000	-0.00000057189100000000
-0.00000170647000000000	-0.00000057183800000000
-0.00000170534000000000	-0.00000057164200000000
-0.00000170405000000000	-0.00000057259800000000
-0.00000170282000000000	-0.00000057337400000000
-0.00000170182000000000	-0.00000057330600000000
-0.00000170080000000000	-0.00000057341900000000
-0.00000169958000000000	-0.00000057375800000000
-0.00000169829000000000	-0.00000057317100000000
-0.00000169700000000000	-0.00000057350200000000
-0.00000169577000000000	-0.00000057288500000000
-0.00000169449000000000	-0.00000057295200000000
-0.00000169323000000000	-0.00000057183000000000
-0.00000169202000000000	-0.00000057143100000000
-0.00000169085000000000	-0.00000057185300000000
-0.00000168973000000000	-0.00000057152900000000
-0.00000168863000000000	-0.00000057150600000000
-0.00000168748000000000	-0.00000057214700000000
-0.00000168626000000000	-0.00000057259800000000
-0.00000168497000000000	-0.00000057279400000000
-0.00000168365000000000	-0.00000057328400000000
-0.00000168238000000000	-0.00000057391600000000
-0.00000168122000000000	-0.00000057453400000000
-0.00000168013000000000	-0.00000057504600000000
-0.00000167895000000000	-0.00000057518900000000
-0.00000167764000000000	-0.00000057463200000000
-0.00000167637000000000	-0.00000057457100000000
-0.00000167532000000000	-0.00000057386300000000
-0.00000167434000000000	-0.00000057286900000000
-0.00000167319000000000	-0.00000057279400000000
-0.00000167187000000000	-0.00000057223700000000
-0.00000167055000000000	-0.00000057279400000000
-0.00000166945000000000	-0.00000057219200000000
-0.00000166838000000000	-0.00000057126500000000
-0.00000166721000000000	-0.00000057222900000000
-0.00000166601000000000	-0.00000057305800000000
-0.00000166475000000000	-0.00000057384100000000
-0.00000166338000000000	-0.00000057520400000000
-0.00000166212000000000	-0.00000057537700000000
-0.00000166096000000000	-0.00000057501600000000
-0.00000165970000000000	-0.00000057523400000000
-0.00000165839000000000	-0.00000057489500000000
-0.00000165713000000000	-0.00000057437600000000
-0.00000165595000000000	-0.00000057430800000000
-0.00000165489000000000	-0.00000057472900000000
-0.00000165388000000000	-0.00000057361500000000
-0.00000165265000000000	-0.00000057376600000000
-0.00000165129000000000	-0.00000057346400000000
-0.00000165002000000000	-0.00000057323100000000
-0.00000164893000000000	-0.00000057365300000000
-0.00000164773000000000	-0.00000057341200000000
-0.00000164632000000000	-0.00000057378100000000
-0.00000164504000000000	-0.00000057380300000000
-0.00000164392000000000	-0.00000057491000000000
-0.00000164274000000000	-0.00000057541500000000
-0.00000164145000000000	-0.00000057616000000000
-0.00000164015000000000	-0.00000057577600000000
-0.00000163889000000000	-0.00000057546000000000
-0.00000163774000000000	-0.00000057622800000000
-0.00000163672000000000	-0.00000057555000000000
-0.00000163557000000000	-0.00000057512100000000
-0.00000163427000000000	-0.00000057479000000000
-0.00000163305000000000	-0.00000057479000000000
-0.00000163193000000000	-0.00000057471400000000
-0.00000163078000000000	-0.00000057405200000000
-0.00000162955000000000	-0.00000057330600000000
-0.00000162826000000000	-0.00000057268100000000
-0.00000162694000000000	-0.00000057313300000000
-0.00000162570000000000	-0.00000057386300000000
-0.00000162457000000000	-0.00000057521100000000
-0.00000162341000000000	-0.00000057518100000000
-0.00000162209000000000	-0.00000057566300000000
-0.00000162076000000000	-0.00000057569300000000
-0.00000161949000000000	-0.00000057621300000000
-0.00000161826000000000	-0.00000057610800000000
-0.00000161704000000000	-0.00000057600200000000
-0.00000161587000000000	-0.00000057631800000000
-0.00000161481000000000	-0.00000057636400000000
-0.00000161379000000000	-0.00000057512900000000
-0.00000161265000000000	-0.00000057424000000000
-0.00000161138000000000	-0.00000057355500000000
-0.00000161000000000000	-0.00000057448800000000
-0.00000160864000000000	-0.00000057378800000000
-0.00000160736000000000	-0.00000057451100000000
-0.00000160620000000000	-0.00000057468400000000
-0.00000160498000000000	-0.00000057509100000000
-0.00000160362000000000	-0.00000057560300000000
-0.00000160220000000000	-0.00000057592700000000
-0.00000160088000000000	-0.00000057626600000000
-0.00000159964000000000	-0.00000057662700000000
-0.00000159840000000000	-0.00000057659000000000
-0.00000159717000000000	-0.00000057700400000000
-0.00000159601000000000	-0.00000057707100000000
-0.00000159489000000000	-0.00000057687600000000
-0.00000159382000000000	-0.00000057659700000000
-0.00000159277000000000	-0.00000057549800000000
-0.00000159157000000000	-0.00000057580600000000
-0.00000159019000000000	-0.00000057512100000000
-0.00000158875000000000	-0.00000057381800000000
-0.00000158753000000000	-0.00000057287700000000
-0.00000158649000000000	-0.00000057361500000000
-0.00000158543000000000	-0.00000057430800000000
-0.00000158421000000000	-0.00000057554300000000
-0.00000158292000000000	-0.00000057662000000000
-0.00000158162000000000	-0.00000057613800000000
-0.00000158026000000000	-0.00000057710900000000
-0.00000157897000000000	-0.00000057669500000000
-0.00000157760000000000	-0.00000057663500000000
-0.00000157613000000000	-0.00000057689100000000
-0.00000157483000000000	-0.00000057687600000000
-0.00000157376000000000	-0.00000057604000000000
-0.00000157265000000000	-0.00000057566300000000
-0.00000157140000000000	-0.00000057524200000000
-0.00000157003000000000	-0.00000057473700000000
-0.00000156862000000000	-0.00000057540700000000
-0.00000156738000000000	-0.00000057468400000000
-0.00000156623000000000	-0.00000057463900000000
-0.00000156509000000000	-0.00000057483500000000
-0.00000156388000000000	-0.00000057469200000000
-0.00000156253000000000	-0.00000057506800000000
-0.00000156106000000000	-0.00000057647700000000
-0.00000155968000000000	-0.00000057662700000000
-0.00000155851000000000	-0.00000057682300000000
-0.00000155745000000000	-0.00000057717700000000
-0.00000155632000000000	-0.00000057707100000000
-0.00000155503000000000	-0.00000057671000000000
-0.00000155366000000000	-0.00000057638600000000
-0.00000155238000000000	-0.00000057604000000000
-0.00000155119000000000	-0.00000057619800000000
-0.00000154994000000000	-0.00000057612300000000
-0.00000154857000000000	-0.00000057556500000000
-0.00000154721000000000	-0.00000057447300000000
-0.00000154592000000000	-0.00000057389400000000
-0.00000154461000000000	-0.00000057434500000000
-0.00000154334000000000	-0.00000057474500000000
-0.00000154215000000000	-0.00000057555000000000
-0.00000154096000000000	-0.00000057501600000000
-0.00000153965000000000	-0.00000057583600000000
-0.00000153840000000000	-0.00000057673300000000
-0.00000153721000000000	-0.00000057677000000000
-0.00000153594000000000	-0.00000057691300000000
-0.00000153464000000000	-0.00000057673300000000
-0.00000153337000000000	-0.00000057732700000000
-0.00000153213000000000	-0.00000057631800000000
-0.00000153080000000000	-0.00000057567100000000
-0.00000152941000000000	-0.00000057550500000000
-0.00000152811000000000	-0.00000057524200000000
-0.00000152695000000000	-0.00000057479000000000
-0.00000152590000000000	-0.00000057373500000000
-0.00000152477000000000	-0.00000057376600000000
-0.00000152351000000000	-0.00000057445800000000
-0.00000152216000000000	-0.00000057518900000000
-0.00000152078000000000	-0.00000057576100000000
-0.00000151943000000000	-0.00000057634900000000
-0.00000151818000000000	-0.00000057644600000000
-0.00000151693000000000	-0.00000057701100000000
-0.00000151562000000000	-0.00000057729700000000
-0.00000151429000000000	-0.00000057701900000000
-0.00000151299000000000	-0.00000057655900000000
-0.00000151167000000000	-0.00000057702600000000
-0.00000151037000000000	-0.00000057660500000000
-0.00000150907000000000	-0.00000057660500000000
-0.00000150779000000000	-0.00000057549800000000
-0.00000150654000000000	-0.00000057507600000000
-0.00000150539000000000	-0.00000057448100000000
-0.00000150417000000000	-0.00000057411200000000
-0.00000150273000000000	-0.00000057413500000000
-0.00000150127000000000	-0.00000057472900000000
-0.00000149998000000000	-0.00000057541500000000
-0.00000149879000000000	-0.00000057497000000000
-0.00000149752000000000	-0.00000057601000000000
-0.00000149618000000000	-0.00000057654400000000
-0.00000149478000000000	-0.00000057675500000000
-0.00000149343000000000	-0.00000057718400000000
-0.00000149220000000000	-0.00000057780200000000
-0.00000149104000000000	-0.00000057738800000000
-0.00000148973000000000	-0.00000057605500000000
-0.00000148827000000000	-0.00000057567800000000
-0.00000148691000000000	-0.00000057627300000000
-0.00000148571000000000	-0.00000057537700000000
-0.00000148456000000000	-0.00000057457900000000
-0.00000148342000000000	-0.00000057415700000000
-0.00000148214000000000	-0.00000057450400000000
-0.00000148073000000000	-0.00000057454900000000
-0.00000147929000000000	-0.00000057497800000000
-0.00000147791000000000	-0.00000057596400000000
-0.00000147665000000000	-0.00000057586700000000
-0.00000147538000000000	-0.00000057716200000000
-0.00000147404000000000	-0.00000058048300000000
-0.00000147250000000000	-0.00000058808800000000
-0.00000147134000000000	-0.00000057736500000000
-0.00000147090000000000	-0.00000054211500000000
-0.00000147092000000000	-0.00000049810000000000
-0.00000147103000000000	-0.00000045105000000000
-0.00000147099000000000	-0.00000040293000000000
-0.00000147093000000000	-0.00000035424600000000
-0.00000147096000000000	-0.00000030472600000000
-0.00000147102000000000	-0.00000025440000000000
-0.00000147113000000000	-0.00000020309600000000
-0.00000147119000000000	-0.00000015246100000000
-0.00000147116000000000	-0.00000010291800000000
-0.00000147114000000000	-0.00000005196750000000
-0.00000147114000000000	-0.00000000149102000000
-0.00000147119000000000	0.00000004830770000000
-0.00000147141000000000	0.00000009967270000000
-0.00000147166000000000	0.00000015012700000000
-0.00000147176000000000	0.00000020076900000000
-0.00000147166000000000	0.00000025154600000000
-0.00000147161000000000	0.00000030535100000000
-0.00000147165000000000	0.00000035760500000000
-0.00000147178000000000	0.00000040959500000000
-0.00000147197000000000	0.00000046067400000000
-0.00000147220000000000	0.00000051164000000000
-0.00000147231000000000	0.00000056387800000000
-0.00000147223000000000	0.00000061674200000000
-0.00000147214000000000	0.00000067018500000000
-0.00000147217000000000	0.00000072144500000000
-0.00000147239000000000	0.00000077232000000000
-0.00000147266000000000	0.00000082313600000000
-0.00000147274000000000	0.00000087540400000000
-0.00000147283000000000	0.00000092815500000000
	
	
	
	
	
	
	
	
	
	
	
	
	
	
	
	
	
	
	
	
	
	
	
	
	
	
	
	
	
	
	
	
	
	
	
	
	
	
	
	
	
	
	
	
	
	
	
	
	
	
	
	
	
	
	
	
	
	
	
	
	
	
	
	
	
	
	
	
	
	
	
	
	
	
	
	
	
	
	
	
	
	
	
