-0.00000252172000000000	-0.00000055606900000000
-0.00000252065000000000	-0.00000055644600000000
-0.00000251975000000000	-0.00000055649100000000
-0.00000251877000000000	-0.00000055664100000000
-0.00000251767000000000	-0.00000055697300000000
-0.00000251661000000000	-0.00000055780100000000
-0.00000251566000000000	-0.00000055820000000000
-0.00000251476000000000	-0.00000055747000000000
-0.00000251385000000000	-0.00000055707100000000
-0.00000251300000000000	-0.00000055654400000000
-0.00000251211000000000	-0.00000055708600000000
-0.00000251117000000000	-0.00000055642300000000
-0.00000251019000000000	-0.00000055613700000000
-0.00000250925000000000	-0.00000055576000000000
-0.00000250826000000000	-0.00000055623500000000
-0.00000250727000000000	-0.00000055534600000000
-0.00000250630000000000	-0.00000055548900000000
-0.00000250535000000000	-0.00000055608400000000
-0.00000250435000000000	-0.00000055631000000000
-0.00000250331000000000	-0.00000055745500000000
-0.00000250236000000000	-0.00000055729700000000
-0.00000250150000000000	-0.00000055645300000000
-0.00000250055000000000	-0.00000055735700000000
-0.00000249958000000000	-0.00000055779400000000
-0.00000249864000000000	-0.00000055767300000000
-0.00000249773000000000	-0.00000055780900000000
-0.00000249675000000000	-0.00000055736400000000
-0.00000249570000000000	-0.00000055649100000000
-0.00000249466000000000	-0.00000055712300000000
-0.00000249376000000000	-0.00000055673200000000
-0.00000249285000000000	-0.00000055683700000000
-0.00000249185000000000	-0.00000055648300000000
-0.00000249082000000000	-0.00000055609900000000
-0.00000248989000000000	-0.00000055636300000000
-0.00000248906000000000	-0.00000055657400000000
-0.00000248806000000000	-0.00000055762800000000
-0.00000248689000000000	-0.00000055806500000000
-0.00000248588000000000	-0.00000055836600000000
-0.00000248512000000000	-0.00000055905100000000
-0.00000248435000000000	-0.00000055869700000000
-0.00000248335000000000	-0.00000055893100000000
-0.00000248224000000000	-0.00000055882500000000
-0.00000248114000000000	-0.00000055941300000000
-0.00000248013000000000	-0.00000055884000000000
-0.00000247920000000000	-0.00000055745500000000
-0.00000247831000000000	-0.00000055697300000000
-0.00000247745000000000	-0.00000055673900000000
-0.00000247653000000000	-0.00000055661900000000
-0.00000247553000000000	-0.00000055596400000000
-0.00000247454000000000	-0.00000055573800000000
-0.00000247355000000000	-0.00000055685200000000
-0.00000247255000000000	-0.00000055740900000000
-0.00000247157000000000	-0.00000055745500000000
-0.00000247058000000000	-0.00000055807200000000
-0.00000246960000000000	-0.00000055852400000000
-0.00000246871000000000	-0.00000055820000000000
-0.00000246775000000000	-0.00000055861400000000
-0.00000246664000000000	-0.00000055930000000000
-0.00000246558000000000	-0.00000055927000000000
-0.00000246472000000000	-0.00000055886300000000
-0.00000246396000000000	-0.00000055858400000000
-0.00000246316000000000	-0.00000055789100000000
-0.00000246222000000000	-0.00000055776300000000
-0.00000246115000000000	-0.00000055725100000000
-0.00000246000000000000	-0.00000055637000000000
-0.00000245888000000000	-0.00000055589600000000
-0.00000245783000000000	-0.00000055714600000000
-0.00000245688000000000	-0.00000055659600000000
-0.00000245586000000000	-0.00000055731900000000
-0.00000245476000000000	-0.00000055801200000000
-0.00000245378000000000	-0.00000055810200000000
-0.00000245293000000000	-0.00000055930700000000
-0.00000245210000000000	-0.00000055875700000000
-0.00000245113000000000	-0.00000055893100000000
-0.00000245007000000000	-0.00000055893800000000
-0.00000244895000000000	-0.00000055827600000000
-0.00000244790000000000	-0.00000055817800000000
-0.00000244704000000000	-0.00000055776300000000
-0.00000244618000000000	-0.00000055795200000000
-0.00000244516000000000	-0.00000055808000000000
-0.00000244413000000000	-0.00000055781600000000
-0.00000244320000000000	-0.00000055733400000000
-0.00000244224000000000	-0.00000055670900000000
-0.00000244115000000000	-0.00000055735700000000
-0.00000244014000000000	-0.00000055811700000000
-0.00000243922000000000	-0.00000055863700000000
-0.00000243821000000000	-0.00000055874200000000
-0.00000243708000000000	-0.00000055917200000000
-0.00000243605000000000	-0.00000055966100000000
-0.00000243520000000000	-0.00000055922400000000
-0.00000243432000000000	-0.00000055933700000000
-0.00000243328000000000	-0.00000055961600000000
-0.00000243214000000000	-0.00000055977400000000
-0.00000243109000000000	-0.00000055974400000000
-0.00000243021000000000	-0.00000055910400000000
-0.00000242936000000000	-0.00000055787600000000
-0.00000242840000000000	-0.00000055807200000000
-0.00000242741000000000	-0.00000055749200000000
-0.00000242645000000000	-0.00000055676200000000
-0.00000242557000000000	-0.00000055686700000000
-0.00000242464000000000	-0.00000055775600000000
-0.00000242358000000000	-0.00000055869000000000
-0.00000242248000000000	-0.00000055901300000000
-0.00000242143000000000	-0.00000055882500000000
-0.00000242036000000000	-0.00000055936000000000
-0.00000241930000000000	-0.00000056004500000000
-0.00000241830000000000	-0.00000055991700000000
-0.00000241732000000000	-0.00000056021100000000
-0.00000241629000000000	-0.00000055994700000000
-0.00000241523000000000	-0.00000055869000000000
-0.00000241422000000000	-0.00000055847100000000
-0.00000241324000000000	-0.00000055790700000000
-0.00000241217000000000	-0.00000055749200000000
-0.00000241115000000000	-0.00000055692000000000
-0.00000241019000000000	-0.00000055765000000000
-0.00000240922000000000	-0.00000055722100000000
-0.00000240820000000000	-0.00000055734200000000
-0.00000240720000000000	-0.00000055795200000000
-0.00000240629000000000	-0.00000055792900000000
-0.00000240536000000000	-0.00000055832800000000
-0.00000240425000000000	-0.00000055966900000000
-0.00000240303000000000	-0.00000056048900000000
-0.00000240195000000000	-0.00000055952600000000
-0.00000240105000000000	-0.00000055959300000000
-0.00000240017000000000	-0.00000055969900000000
-0.00000239917000000000	-0.00000055973600000000
-0.00000239814000000000	-0.00000055920900000000
-0.00000239716000000000	-0.00000055899100000000
-0.00000239614000000000	-0.00000055796700000000
-0.00000239498000000000	-0.00000055795200000000
-0.00000239391000000000	-0.00000055710100000000
-0.00000239300000000000	-0.00000055582800000000
-0.00000239206000000000	-0.00000055665600000000
-0.00000239108000000000	-0.00000055780100000000
-0.00000239016000000000	-0.00000055769600000000
-0.00000238918000000000	-0.00000055835100000000
-0.00000238812000000000	-0.00000055858400000000
-0.00000238698000000000	-0.00000055932200000000
-0.00000238595000000000	-0.00000055997000000000
-0.00000238511000000000	-0.00000055963100000000
-0.00000238422000000000	-0.00000055969900000000
-0.00000238314000000000	-0.00000056000000000000
-0.00000238210000000000	-0.00000055874200000000
-0.00000238121000000000	-0.00000055868200000000
-0.00000238046000000000	-0.00000055823800000000
-0.00000237959000000000	-0.00000055780100000000
-0.00000237846000000000	-0.00000055747000000000
-0.00000237717000000000	-0.00000055747000000000
-0.00000237593000000000	-0.00000055744000000000
-0.00000237484000000000	-0.00000055738700000000
-0.00000237390000000000	-0.00000055724400000000
-0.00000237292000000000	-0.00000055823000000000
-0.00000237194000000000	-0.00000055866700000000
-0.00000237105000000000	-0.00000055922400000000
-0.00000237010000000000	-0.00000055988700000000
-0.00000236891000000000	-0.00000055962300000000
-0.00000236766000000000	-0.00000055922400000000
-0.00000236664000000000	-0.00000055951800000000
-0.00000236578000000000	-0.00000055924700000000
-0.00000236482000000000	-0.00000055917900000000
-0.00000236377000000000	-0.00000055901300000000
-0.00000236272000000000	-0.00000055888500000000
-0.00000236167000000000	-0.00000055866700000000
-0.00000236064000000000	-0.00000055740900000000
-0.00000235964000000000	-0.00000055735700000000
-0.00000235870000000000	-0.00000055693500000000
-0.00000235771000000000	-0.00000055762800000000
-0.00000235673000000000	-0.00000055787600000000
-0.00000235574000000000	-0.00000055876500000000
-0.00000235473000000000	-0.00000055875700000000
-0.00000235362000000000	-0.00000055836600000000
-0.00000235246000000000	-0.00000055887800000000
-0.00000235144000000000	-0.00000055890100000000
-0.00000235050000000000	-0.00000055947300000000
-0.00000234951000000000	-0.00000055989500000000
-0.00000234850000000000	-0.00000055984900000000
-0.00000234752000000000	-0.00000055913400000000
-0.00000234653000000000	-0.00000055827600000000
-0.00000234550000000000	-0.00000055749200000000
-0.00000234440000000000	-0.00000055787600000000
-0.00000234333000000000	-0.00000055765800000000
-0.00000234237000000000	-0.00000055665600000000
-0.00000234154000000000	-0.00000055699500000000
-0.00000234071000000000	-0.00000055716900000000
-0.00000233970000000000	-0.00000055771100000000
-0.00000233861000000000	-0.00000055826000000000
-0.00000233753000000000	-0.00000055926200000000
-0.00000233646000000000	-0.00000055909600000000
-0.00000233535000000000	-0.00000055947300000000
-0.00000233427000000000	-0.00000055902900000000
-0.00000233327000000000	-0.00000055876500000000
-0.00000233226000000000	-0.00000055955600000000
-0.00000233118000000000	-0.00000055871200000000
-0.00000233005000000000	-0.00000055860700000000
-0.00000232897000000000	-0.00000055795200000000
-0.00000232785000000000	-0.00000055848600000000
-0.00000232688000000000	-0.00000055777100000000
-0.00000232613000000000	-0.00000055737200000000
-0.00000232530000000000	-0.00000055814800000000
-0.00000232419000000000	-0.00000055779400000000
-0.00000232297000000000	-0.00000055806500000000
-0.00000232192000000000	-0.00000055794400000000
-0.00000232101000000000	-0.00000055758300000000
-0.00000231998000000000	-0.00000055828300000000
-0.00000231880000000000	-0.00000055939000000000
-0.00000231762000000000	-0.00000055936000000000
-0.00000231646000000000	-0.00000055863700000000
-0.00000231530000000000	-0.00000055931500000000
-0.00000231434000000000	-0.00000055911100000000
-0.00000231349000000000	-0.00000055910400000000
-0.00000231253000000000	-0.00000055952600000000
-0.00000231147000000000	-0.00000055838800000000
-0.00000231044000000000	-0.00000055792200000000
-0.00000230952000000000	-0.00000055728900000000
-0.00000230862000000000	-0.00000055664900000000
-0.00000230763000000000	-0.00000055612900000000
-0.00000230648000000000	-0.00000055642300000000
-0.00000230533000000000	-0.00000055719900000000
-0.00000230429000000000	-0.00000055711600000000
-0.00000230328000000000	-0.00000055817000000000
-0.00000230221000000000	-0.00000055859900000000
-0.00000230110000000000	-0.00000055857700000000
-0.00000229997000000000	-0.00000055930000000000
-0.00000229889000000000	-0.00000055941300000000
-0.00000229791000000000	-0.00000055926200000000
-0.00000229701000000000	-0.00000055895300000000
-0.00000229607000000000	-0.00000055863700000000
-0.00000229501000000000	-0.00000055848600000000
-0.00000229387000000000	-0.00000055808700000000
-0.00000229276000000000	-0.00000055759000000000
-0.00000229180000000000	-0.00000055684500000000
-0.00000229092000000000	-0.00000055658100000000
-0.00000228996000000000	-0.00000055670900000000
-0.00000228891000000000	-0.00000055676900000000
-0.00000228775000000000	-0.00000055776300000000
-0.00000228659000000000	-0.00000055851600000000
-0.00000228556000000000	-0.00000055811700000000
-0.00000228460000000000	-0.00000055896100000000
-0.00000228359000000000	-0.00000056018100000000
-0.00000228247000000000	-0.00000056008300000000
-0.00000228124000000000	-0.00000055994000000000
-0.00000228007000000000	-0.00000055978900000000
-0.00000227904000000000	-0.00000055930700000000
-0.00000227802000000000	-0.00000055954100000000
-0.00000227709000000000	-0.00000055844900000000
-0.00000227626000000000	-0.00000055778600000000
-0.00000227549000000000	-0.00000055661100000000
-0.00000227453000000000	-0.00000055588800000000
-0.00000227331000000000	-0.00000055591900000000
-0.00000227195000000000	-0.00000055702500000000
-0.00000227068000000000	-0.00000055747000000000
-0.00000226958000000000	-0.00000055781600000000
-0.00000226870000000000	-0.00000055859900000000
-0.00000226797000000000	-0.00000055923900000000
-0.00000226704000000000	-0.00000055945800000000
-0.00000226579000000000	-0.00000055940500000000
-0.00000226457000000000	-0.00000055905100000000
-0.00000226356000000000	-0.00000055909600000000
-0.00000226267000000000	-0.00000055896800000000
-0.00000226180000000000	-0.00000055880300000000
-0.00000226075000000000	-0.00000055866700000000
-0.00000225948000000000	-0.00000055804200000000
-0.00000225824000000000	-0.00000055764300000000
-0.00000225727000000000	-0.00000055762800000000
-0.00000225639000000000	-0.00000055721400000000
-0.00000225536000000000	-0.00000055728900000000
-0.00000225423000000000	-0.00000055704100000000
-0.00000225312000000000	-0.00000055688200000000
-0.00000225205000000000	-0.00000055847900000000
-0.00000225103000000000	-0.00000055899800000000
-0.00000224997000000000	-0.00000055890800000000
-0.00000224887000000000	-0.00000056004500000000
-0.00000224787000000000	-0.00000056003800000000
-0.00000224679000000000	-0.00000056005300000000
-0.00000224562000000000	-0.00000056000700000000
-0.00000224454000000000	-0.00000055991000000000
-0.00000224355000000000	-0.00000055930000000000
-0.00000224248000000000	-0.00000055898300000000
-0.00000224139000000000	-0.00000055856200000000
-0.00000224037000000000	-0.00000055782400000000
-0.00000223934000000000	-0.00000055752200000000
-0.00000223828000000000	-0.00000055701000000000
-0.00000223725000000000	-0.00000055747700000000
-0.00000223628000000000	-0.00000055849400000000
-0.00000223531000000000	-0.00000055867500000000
-0.00000223421000000000	-0.00000055915700000000
-0.00000223301000000000	-0.00000055980400000000
-0.00000223188000000000	-0.00000055948000000000
-0.00000223086000000000	-0.00000055998500000000
-0.00000222996000000000	-0.00000056046700000000
-0.00000222904000000000	-0.00000056073800000000
-0.00000222799000000000	-0.00000056050500000000
-0.00000222697000000000	-0.00000055938200000000
-0.00000222607000000000	-0.00000055908900000000
-0.00000222512000000000	-0.00000055846400000000
-0.00000222402000000000	-0.00000055820000000000
-0.00000222287000000000	-0.00000055858400000000
-0.00000222171000000000	-0.00000055797400000000
-0.00000222052000000000	-0.00000055757500000000
-0.00000221938000000000	-0.00000055762000000000
-0.00000221828000000000	-0.00000055808700000000
-0.00000221718000000000	-0.00000055903600000000
-0.00000221617000000000	-0.00000055953300000000
-0.00000221514000000000	-0.00000056005300000000
-0.00000221399000000000	-0.00000056016600000000
-0.00000221278000000000	-0.00000056082800000000
-0.00000221173000000000	-0.00000056085800000000
-0.00000221081000000000	-0.00000056103200000000
-0.00000220984000000000	-0.00000056037700000000
-0.00000220876000000000	-0.00000055972900000000
-0.00000220764000000000	-0.00000055981900000000
-0.00000220662000000000	-0.00000055945000000000
-0.00000220573000000000	-0.00000055871200000000
-0.00000220481000000000	-0.00000055854700000000
-0.00000220370000000000	-0.00000055784600000000
-0.00000220240000000000	-0.00000055823800000000
-0.00000220117000000000	-0.00000055847900000000
-0.00000220017000000000	-0.00000055891600000000
-0.00000219927000000000	-0.00000055981900000000
-0.00000219826000000000	-0.00000056138600000000
-0.00000219720000000000	-0.00000056058000000000
-0.00000219611000000000	-0.00000056135500000000
-0.00000219505000000000	-0.00000056163400000000
-0.00000219394000000000	-0.00000056190500000000
-0.00000219283000000000	-0.00000056157400000000
-0.00000219181000000000	-0.00000056067000000000
-0.00000219082000000000	-0.00000056096400000000
-0.00000218983000000000	-0.00000056057200000000
-0.00000218886000000000	-0.00000056002300000000
-0.00000218786000000000	-0.00000056053500000000
-0.00000218669000000000	-0.00000056025600000000
-0.00000218546000000000	-0.00000055872700000000
-0.00000218437000000000	-0.00000055895300000000
-0.00000218344000000000	-0.00000055964600000000
-0.00000218241000000000	-0.00000055986400000000
-0.00000218122000000000	-0.00000056149900000000
-0.00000218013000000000	-0.00000056100200000000
-0.00000217916000000000	-0.00000056101700000000
-0.00000217814000000000	-0.00000056215400000000
-0.00000217705000000000	-0.00000056266600000000
-0.00000217590000000000	-0.00000056259800000000
-0.00000217470000000000	-0.00000056231200000000
-0.00000217361000000000	-0.00000056162700000000
-0.00000217268000000000	-0.00000056137000000000
-0.00000217176000000000	-0.00000056051200000000
-0.00000217063000000000	-0.00000056006800000000
-0.00000216935000000000	-0.00000056050500000000
-0.00000216819000000000	-0.00000056039200000000
-0.00000216721000000000	-0.00000055940500000000
-0.00000216619000000000	-0.00000055930000000000
-0.00000216503000000000	-0.00000056008300000000
-0.00000216385000000000	-0.00000056074500000000
-0.00000216273000000000	-0.00000056109200000000
-0.00000216163000000000	-0.00000056231900000000
-0.00000216059000000000	-0.00000056296700000000
-0.00000215965000000000	-0.00000056286200000000
-0.00000215869000000000	-0.00000056293700000000
-0.00000215763000000000	-0.00000056280100000000
-0.00000215649000000000	-0.00000056193500000000
-0.00000215531000000000	-0.00000056186700000000
-0.00000215423000000000	-0.00000056152900000000
-0.00000215317000000000	-0.00000056121200000000
-0.00000215208000000000	-0.00000056079800000000
-0.00000215101000000000	-0.00000055986400000000
-0.00000214994000000000	-0.00000055961600000000
-0.00000214887000000000	-0.00000055990200000000
-0.00000214774000000000	-0.00000056124200000000
-0.00000214663000000000	-0.00000056135500000000
-0.00000214559000000000	-0.00000056100200000000
-0.00000214459000000000	-0.00000056187500000000
-0.00000214355000000000	-0.00000056305700000000
-0.00000214250000000000	-0.00000056396100000000
-0.00000214153000000000	-0.00000056323100000000
-0.00000214049000000000	-0.00000056382500000000
-0.00000213938000000000	-0.00000056268100000000
-0.00000213825000000000	-0.00000056265800000000
-0.00000213720000000000	-0.00000056263600000000
-0.00000213610000000000	-0.00000056247000000000
-0.00000213490000000000	-0.00000056219100000000
-0.00000213368000000000	-0.00000056097100000000
-0.00000213255000000000	-0.00000056080600000000
-0.00000213157000000000	-0.00000056139300000000
-0.00000213067000000000	-0.00000056065500000000
-0.00000212966000000000	-0.00000056145300000000
-0.00000212859000000000	-0.00000056210800000000
-0.00000212739000000000	-0.00000056283100000000
-0.00000212608000000000	-0.00000056307200000000
-0.00000212490000000000	-0.00000056280100000000
-0.00000212396000000000	-0.00000056318500000000
-0.00000212314000000000	-0.00000056319300000000
-0.00000212213000000000	-0.00000056381000000000
-0.00000212093000000000	-0.00000056350900000000
-0.00000211971000000000	-0.00000056343400000000
-0.00000211859000000000	-0.00000056275600000000
-0.00000211755000000000	-0.00000056236500000000
-0.00000211657000000000	-0.00000056220600000000
-0.00000211552000000000	-0.00000056231200000000
-0.00000211434000000000	-0.00000056213900000000
-0.00000211317000000000	-0.00000056173200000000
-0.00000211212000000000	-0.00000056190500000000
-0.00000211109000000000	-0.00000056228200000000
-0.00000211001000000000	-0.00000056250000000000
-0.00000210891000000000	-0.00000056308700000000
-0.00000210786000000000	-0.00000056329100000000
-0.00000210674000000000	-0.00000056405900000000
-0.00000210560000000000	-0.00000056433700000000
-0.00000210453000000000	-0.00000056451100000000
-0.00000210357000000000	-0.00000056487200000000
-0.00000210261000000000	-0.00000056468400000000
-0.00000210150000000000	-0.00000056430000000000
-0.00000210023000000000	-0.00000056438300000000
-0.00000209911000000000	-0.00000056344900000000
-0.00000209818000000000	-0.00000056264300000000
-0.00000209715000000000	-0.00000056245500000000
-0.00000209592000000000	-0.00000056224400000000
-0.00000209468000000000	-0.00000056238000000000
-0.00000209360000000000	-0.00000056335100000000
-0.00000209263000000000	-0.00000056326800000000
-0.00000209151000000000	-0.00000056335900000000
-0.00000209029000000000	-0.00000056374300000000
-0.00000208916000000000	-0.00000056467600000000
-0.00000208814000000000	-0.00000056478900000000
-0.00000208715000000000	-0.00000056494700000000
-0.00000208615000000000	-0.00000056500000000000
-0.00000208508000000000	-0.00000056449600000000
-0.00000208384000000000	-0.00000056499300000000
-0.00000208262000000000	-0.00000056478900000000
-0.00000208157000000000	-0.00000056436800000000
-0.00000208062000000000	-0.00000056353900000000
-0.00000207961000000000	-0.00000056331300000000
-0.00000207858000000000	-0.00000056273400000000
-0.00000207745000000000	-0.00000056302000000000
-0.00000207625000000000	-0.00000056251500000000
-0.00000207502000000000	-0.00000056279400000000
-0.00000207387000000000	-0.00000056341900000000
-0.00000207278000000000	-0.00000056421700000000
-0.00000207167000000000	-0.00000056511300000000
-0.00000207059000000000	-0.00000056483500000000
-0.00000206948000000000	-0.00000056552700000000
-0.00000206837000000000	-0.00000056581300000000
-0.00000206732000000000	-0.00000056575300000000
-0.00000206637000000000	-0.00000056564800000000
-0.00000206536000000000	-0.00000056627300000000
-0.00000206423000000000	-0.00000056569300000000
-0.00000206308000000000	-0.00000056473700000000
-0.00000206197000000000	-0.00000056485700000000
-0.00000206092000000000	-0.00000056406600000000
-0.00000205990000000000	-0.00000056375000000000
-0.00000205885000000000	-0.00000056310300000000
-0.00000205774000000000	-0.00000056256800000000
-0.00000205655000000000	-0.00000056367500000000
-0.00000205537000000000	-0.00000056413400000000
-0.00000205424000000000	-0.00000056516600000000
-0.00000205325000000000	-0.00000056616000000000
-0.00000205226000000000	-0.00000056564800000000
-0.00000205105000000000	-0.00000056640800000000
-0.00000204986000000000	-0.00000056660400000000
-0.00000204885000000000	-0.00000056641600000000
-0.00000204786000000000	-0.00000056600200000000
-0.00000204680000000000	-0.00000056527900000000
-0.00000204572000000000	-0.00000056548200000000
-0.00000204471000000000	-0.00000056393800000000
-0.00000204358000000000	-0.00000056399900000000
-0.00000204238000000000	-0.00000056403600000000
-0.00000204120000000000	-0.00000056390100000000
-0.00000204007000000000	-0.00000056331300000000
-0.00000203890000000000	-0.00000056421700000000
-0.00000203779000000000	-0.00000056570000000000
-0.00000203686000000000	-0.00000056495500000000
-0.00000203587000000000	-0.00000056528600000000
-0.00000203479000000000	-0.00000056607000000000
-0.00000203372000000000	-0.00000056670200000000
-0.00000203266000000000	-0.00000056690500000000
-0.00000203154000000000	-0.00000056729700000000
-0.00000203041000000000	-0.00000056762800000000
-0.00000202933000000000	-0.00000056681500000000
-0.00000202827000000000	-0.00000056642300000000
-0.00000202722000000000	-0.00000056587400000000
-0.00000202606000000000	-0.00000056536900000000
-0.00000202481000000000	-0.00000056509100000000
-0.00000202364000000000	-0.00000056488000000000
-0.00000202265000000000	-0.00000056468400000000
-0.00000202166000000000	-0.00000056458600000000
-0.00000202057000000000	-0.00000056457800000000
-0.00000201939000000000	-0.00000056571600000000
-0.00000201825000000000	-0.00000056640100000000
-0.00000201710000000000	-0.00000056674700000000
-0.00000201590000000000	-0.00000056746300000000
-0.00000201479000000000	-0.00000056711600000000
-0.00000201381000000000	-0.00000056705600000000
-0.00000201284000000000	-0.00000056672500000000
-0.00000201171000000000	-0.00000056693600000000
-0.00000201059000000000	-0.00000056597900000000
-0.00000200951000000000	-0.00000056552700000000
-0.00000200844000000000	-0.00000056524100000000
-0.00000200743000000000	-0.00000056460100000000
-0.00000200647000000000	-0.00000056486500000000
-0.00000200545000000000	-0.00000056439000000000
-0.00000200427000000000	-0.00000056474400000000
-0.00000200306000000000	-0.00000056506000000000
-0.00000200185000000000	-0.00000056533200000000
-0.00000200068000000000	-0.00000056626500000000
-0.00000199963000000000	-0.00000056603200000000
-0.00000199862000000000	-0.00000056632600000000
-0.00000199760000000000	-0.00000056597200000000
-0.00000199651000000000	-0.00000056664900000000
-0.00000199541000000000	-0.00000056667200000000
-0.00000199428000000000	-0.00000056684500000000
-0.00000199314000000000	-0.00000056673200000000
-0.00000199204000000000	-0.00000056689000000000
-0.00000199099000000000	-0.00000056621300000000
-0.00000198982000000000	-0.00000056604700000000
-0.00000198857000000000	-0.00000056537700000000
-0.00000198741000000000	-0.00000056431500000000
-0.00000198629000000000	-0.00000056404400000000
-0.00000198514000000000	-0.00000056467600000000
-0.00000198407000000000	-0.00000056493200000000
-0.00000198304000000000	-0.00000056555000000000
-0.00000198189000000000	-0.00000056552700000000
-0.00000198062000000000	-0.00000056623500000000
-0.00000197948000000000	-0.00000056696600000000
-0.00000197845000000000	-0.00000056799000000000
-0.00000197743000000000	-0.00000056725200000000
-0.00000197634000000000	-0.00000056713100000000
-0.00000197522000000000	-0.00000056729700000000
-0.00000197407000000000	-0.00000056661200000000
-0.00000197293000000000	-0.00000056516600000000
-0.00000197178000000000	-0.00000056627300000000
-0.00000197070000000000	-0.00000056533200000000
-0.00000196956000000000	-0.00000056567800000000
-0.00000196853000000000	-0.00000056591900000000
-0.00000196762000000000	-0.00000056450300000000
-0.00000196651000000000	-0.00000056423200000000
-0.00000196525000000000	-0.00000056547500000000
-0.00000196416000000000	-0.00000056597200000000
-0.00000196319000000000	-0.00000056546000000000
-0.00000196203000000000	-0.00000056702600000000
-0.00000196083000000000	-0.00000056693600000000
-0.00000195961000000000	-0.00000056776400000000
-0.00000195843000000000	-0.00000056845700000000
-0.00000195738000000000	-0.00000056807300000000
-0.00000195639000000000	-0.00000056745500000000
-0.00000195533000000000	-0.00000056649900000000
-0.00000195422000000000	-0.00000056658200000000
-0.00000195319000000000	-0.00000056607000000000
-0.00000195209000000000	-0.00000056569300000000
-0.00000195090000000000	-0.00000056558000000000
-0.00000194974000000000	-0.00000056477400000000
-0.00000194856000000000	-0.00000056498500000000
-0.00000194744000000000	-0.00000056456300000000
-0.00000194638000000000	-0.00000056460900000000
-0.00000194531000000000	-0.00000056436800000000
-0.00000194412000000000	-0.00000056563300000000
-0.00000194302000000000	-0.00000056579100000000
-0.00000194196000000000	-0.00000056648400000000
-0.00000194087000000000	-0.00000056756100000000
-0.00000193973000000000	-0.00000056836600000000
-0.00000193851000000000	-0.00000056721400000000
-0.00000193724000000000	-0.00000056646100000000
-0.00000193615000000000	-0.00000056645400000000
-0.00000193526000000000	-0.00000056582100000000
-0.00000193429000000000	-0.00000056549000000000
-0.00000193315000000000	-0.00000056485000000000
-0.00000193201000000000	-0.00000056445000000000
-0.00000193095000000000	-0.00000056512100000000
-0.00000192994000000000	-0.00000056396100000000
-0.00000192877000000000	-0.00000056485700000000
-0.00000192755000000000	-0.00000056554200000000
-0.00000192637000000000	-0.00000056567000000000
-0.00000192521000000000	-0.00000056585100000000
-0.00000192410000000000	-0.00000056648400000000
-0.00000192305000000000	-0.00000056684500000000
-0.00000192190000000000	-0.00000056775600000000
-0.00000192069000000000	-0.00000056749300000000
-0.00000191954000000000	-0.00000056761300000000
-0.00000191853000000000	-0.00000056707100000000
-0.00000191744000000000	-0.00000056721400000000
-0.00000191633000000000	-0.00000056667200000000
-0.00000191526000000000	-0.00000056641600000000
-0.00000191416000000000	-0.00000056540700000000
-0.00000191295000000000	-0.00000056495500000000
-0.00000191174000000000	-0.00000056424700000000
-0.00000191059000000000	-0.00000056469100000000
-0.00000190951000000000	-0.00000056559500000000
-0.00000190845000000000	-0.00000056591900000000
-0.00000190741000000000	-0.00000056631800000000
-0.00000190635000000000	-0.00000056692800000000
-0.00000190518000000000	-0.00000056734200000000
-0.00000190386000000000	-0.00000056735000000000
-0.00000190260000000000	-0.00000056699600000000
-0.00000190150000000000	-0.00000056741000000000
-0.00000190045000000000	-0.00000056764300000000
-0.00000189939000000000	-0.00000056686000000000
-0.00000189837000000000	-0.00000056624300000000
-0.00000189731000000000	-0.00000056573800000000
-0.00000189608000000000	-0.00000056552000000000
-0.00000189481000000000	-0.00000056515100000000
-0.00000189372000000000	-0.00000056427000000000
-0.00000189271000000000	-0.00000056476700000000
-0.00000189169000000000	-0.00000056473700000000
-0.00000189055000000000	-0.00000056518100000000
-0.00000188927000000000	-0.00000056578300000000
-0.00000188798000000000	-0.00000056610000000000
-0.00000188674000000000	-0.00000056725200000000
-0.00000188561000000000	-0.00000056728900000000
-0.00000188460000000000	-0.00000056738000000000
-0.00000188365000000000	-0.00000056704100000000
-0.00000188255000000000	-0.00000056701100000000
-0.00000188131000000000	-0.00000056726700000000
-0.00000188018000000000	-0.00000056721400000000
-0.00000187919000000000	-0.00000056629500000000
-0.00000187820000000000	-0.00000056607700000000
-0.00000187716000000000	-0.00000056535400000000
-0.00000187601000000000	-0.00000056567000000000
-0.00000187482000000000	-0.00000056570800000000
-0.00000187364000000000	-0.00000056479700000000
-0.00000187249000000000	-0.00000056410400000000
-0.00000187136000000000	-0.00000056451800000000
-0.00000187020000000000	-0.00000056591900000000
-0.00000186901000000000	-0.00000056620500000000
-0.00000186783000000000	-0.00000056626500000000
-0.00000186666000000000	-0.00000056737200000000
-0.00000186553000000000	-0.00000056760600000000
-0.00000186438000000000	-0.00000056710100000000
-0.00000186321000000000	-0.00000056616700000000
-0.00000186207000000000	-0.00000056599400000000
-0.00000186098000000000	-0.00000056622000000000
-0.00000185991000000000	-0.00000056536200000000
-0.00000185881000000000	-0.00000056561000000000
-0.00000185775000000000	-0.00000056516600000000
-0.00000185663000000000	-0.00000056475200000000
-0.00000185544000000000	-0.00000056384800000000
-0.00000185424000000000	-0.00000056333600000000
-0.00000185302000000000	-0.00000056526400000000
-0.00000185195000000000	-0.00000056558000000000
-0.00000185096000000000	-0.00000056583600000000
-0.00000184991000000000	-0.00000056641600000000
-0.00000184874000000000	-0.00000056673200000000
-0.00000184747000000000	-0.00000056719900000000
-0.00000184624000000000	-0.00000056761300000000
-0.00000184509000000000	-0.00000056774100000000
-0.00000184394000000000	-0.00000056728200000000
-0.00000184279000000000	-0.00000056637800000000
-0.00000184167000000000	-0.00000056601700000000
-0.00000184052000000000	-0.00000056577600000000
-0.00000183933000000000	-0.00000056591100000000
-0.00000183829000000000	-0.00000056516600000000
-0.00000183737000000000	-0.00000056524900000000
-0.00000183638000000000	-0.00000056499300000000
-0.00000183516000000000	-0.00000056477400000000
-0.00000183384000000000	-0.00000056547500000000
-0.00000183263000000000	-0.00000056609200000000
-0.00000183151000000000	-0.00000056665700000000
-0.00000183029000000000	-0.00000056674000000000
-0.00000182900000000000	-0.00000056661200000000
-0.00000182782000000000	-0.00000056827600000000
-0.00000182694000000000	-0.00000056730400000000
-0.00000182603000000000	-0.00000056674700000000
-0.00000182490000000000	-0.00000056688300000000
-0.00000182364000000000	-0.00000056786900000000
-0.00000182244000000000	-0.00000056722200000000
-0.00000182123000000000	-0.00000056665700000000
-0.00000182007000000000	-0.00000056531600000000
-0.00000181895000000000	-0.00000056545200000000
-0.00000181789000000000	-0.00000056504500000000
-0.00000181674000000000	-0.00000056508300000000
-0.00000181555000000000	-0.00000056545200000000
-0.00000181449000000000	-0.00000056567800000000
-0.00000181349000000000	-0.00000056588900000000
-0.00000181238000000000	-0.00000056686000000000
-0.00000181124000000000	-0.00000056715400000000
-0.00000181007000000000	-0.00000056736500000000
-0.00000180879000000000	-0.00000056768900000000
-0.00000180752000000000	-0.00000056735000000000
-0.00000180645000000000	-0.00000056736500000000
-0.00000180548000000000	-0.00000056720700000000
-0.00000180445000000000	-0.00000056704800000000
-0.00000180331000000000	-0.00000056671000000000
-0.00000180210000000000	-0.00000056612200000000
-0.00000180088000000000	-0.00000056622000000000
-0.00000179980000000000	-0.00000056597900000000
-0.00000179880000000000	-0.00000056519600000000
-0.00000179772000000000	-0.00000056506000000000
-0.00000179649000000000	-0.00000056530100000000
-0.00000179521000000000	-0.00000056582900000000
-0.00000179408000000000	-0.00000056608500000000
-0.00000179299000000000	-0.00000056658900000000
-0.00000179175000000000	-0.00000056722200000000
-0.00000179042000000000	-0.00000056731200000000
-0.00000178912000000000	-0.00000056816300000000
-0.00000178801000000000	-0.00000056838900000000
-0.00000178704000000000	-0.00000056749300000000
-0.00000178610000000000	-0.00000056721400000000
-0.00000178513000000000	-0.00000056715400000000
-0.00000178407000000000	-0.00000056667200000000
-0.00000178283000000000	-0.00000056689000000000
-0.00000178156000000000	-0.00000056664200000000
-0.00000178032000000000	-0.00000056664900000000
-0.00000177916000000000	-0.00000056573100000000
-0.00000177806000000000	-0.00000056591900000000
-0.00000177693000000000	-0.00000056670200000000
-0.00000177572000000000	-0.00000056676200000000
-0.00000177449000000000	-0.00000056752300000000
-0.00000177337000000000	-0.00000056806500000000
-0.00000177228000000000	-0.00000056845700000000
-0.00000177115000000000	-0.00000056838900000000
-0.00000177000000000000	-0.00000056865200000000
-0.00000176892000000000	-0.00000056921700000000
-0.00000176789000000000	-0.00000056847200000000
-0.00000176673000000000	-0.00000056767300000000
-0.00000176548000000000	-0.00000056831400000000
-0.00000176438000000000	-0.00000056800500000000
-0.00000176331000000000	-0.00000056722200000000
-0.00000176210000000000	-0.00000056711600000000
-0.00000176087000000000	-0.00000056650600000000
-0.00000175967000000000	-0.00000056659700000000
-0.00000175850000000000	-0.00000056759800000000
-0.00000175745000000000	-0.00000056770400000000
-0.00000175645000000000	-0.00000056799700000000
-0.00000175538000000000	-0.00000056802700000000
-0.00000175418000000000	-0.00000056893100000000
-0.00000175293000000000	-0.00000056944300000000
-0.00000175164000000000	-0.00000056936800000000
-0.00000175043000000000	-0.00000056900600000000
-0.00000174937000000000	-0.00000056933000000000
-0.00000174833000000000	-0.00000056953300000000
-0.00000174717000000000	-0.00000056922500000000
-0.00000174594000000000	-0.00000056922500000000
-0.00000174474000000000	-0.00000056876500000000
-0.00000174354000000000	-0.00000056784700000000
-0.00000174233000000000	-0.00000056797500000000
-0.00000174125000000000	-0.00000056780100000000
-0.00000174024000000000	-0.00000056707900000000
-0.00000173908000000000	-0.00000056731200000000
-0.00000173779000000000	-0.00000056850900000000
-0.00000173664000000000	-0.00000056927000000000
-0.00000173563000000000	-0.00000056891600000000
-0.00000173452000000000	-0.00000056945800000000
-0.00000173331000000000	-0.00000057021100000000
-0.00000173212000000000	-0.00000057024100000000
-0.00000173088000000000	-0.00000056970700000000
-0.00000172957000000000	-0.00000056987200000000
-0.00000172837000000000	-0.00000056946600000000
-0.00000172727000000000	-0.00000056883300000000
-0.00000172616000000000	-0.00000056917200000000
-0.00000172511000000000	-0.00000056924000000000
-0.00000172411000000000	-0.00000056805000000000
-0.00000172288000000000	-0.00000056815500000000
-0.00000172149000000000	-0.00000056792900000000
-0.00000172025000000000	-0.00000056783900000000
-0.00000171927000000000	-0.00000056832100000000
-0.00000171833000000000	-0.00000056878800000000
-0.00000171715000000000	-0.00000056993300000000
-0.00000171584000000000	-0.00000057078400000000
-0.00000171470000000000	-0.00000056997800000000
-0.00000171372000000000	-0.00000057132600000000
-0.00000171274000000000	-0.00000057134100000000
-0.00000171149000000000	-0.00000057134800000000
-0.00000171014000000000	-0.00000057080600000000
-0.00000170899000000000	-0.00000057046700000000
-0.00000170791000000000	-0.00000057063300000000
-0.00000170668000000000	-0.00000057024100000000
-0.00000170539000000000	-0.00000056964600000000
-0.00000170428000000000	-0.00000056911200000000
-0.00000170332000000000	-0.00000056816300000000
-0.00000170232000000000	-0.00000056849400000000
-0.00000170107000000000	-0.00000056966200000000
-0.00000169964000000000	-0.00000057036200000000
-0.00000169831000000000	-0.00000057006800000000
-0.00000169716000000000	-0.00000057116800000000
-0.00000169612000000000	-0.00000057030200000000
-0.00000169498000000000	-0.00000057131800000000
-0.00000169386000000000	-0.00000057150600000000
-0.00000169274000000000	-0.00000057096400000000
-0.00000169162000000000	-0.00000057117500000000
-0.00000169047000000000	-0.00000057164200000000
-0.00000168927000000000	-0.00000057150600000000
-0.00000168807000000000	-0.00000057070800000000
-0.00000168694000000000	-0.00000057033200000000
-0.00000168586000000000	-0.00000057039200000000
-0.00000168476000000000	-0.00000056970700000000
-0.00000168355000000000	-0.00000056960100000000
-0.00000168231000000000	-0.00000056908900000000
-0.00000168109000000000	-0.00000056977400000000
-0.00000167999000000000	-0.00000057041500000000
-0.00000167898000000000	-0.00000057046700000000
-0.00000167790000000000	-0.00000057163400000000
-0.00000167673000000000	-0.00000057108500000000
-0.00000167548000000000	-0.00000057135600000000
-0.00000167419000000000	-0.00000057186000000000
-0.00000167290000000000	-0.00000057175500000000
-0.00000167169000000000	-0.00000057148400000000
-0.00000167058000000000	-0.00000057240300000000
-0.00000166953000000000	-0.00000057166500000000
-0.00000166838000000000	-0.00000057056500000000
-0.00000166714000000000	-0.00000057072300000000
-0.00000166597000000000	-0.00000057094200000000
-0.00000166492000000000	-0.00000057002300000000
-0.00000166379000000000	-0.00000057012800000000
-0.00000166251000000000	-0.00000057079900000000
-0.00000166129000000000	-0.00000057051200000000
-0.00000166020000000000	-0.00000057174700000000
-0.00000165914000000000	-0.00000057195800000000
-0.00000165798000000000	-0.00000057183800000000
-0.00000165673000000000	-0.00000057250800000000
-0.00000165546000000000	-0.00000057334400000000
-0.00000165417000000000	-0.00000057343400000000
-0.00000165293000000000	-0.00000057299000000000
-0.00000165186000000000	-0.00000057270400000000
-0.00000165089000000000	-0.00000057224400000000
-0.00000164987000000000	-0.00000057200400000000
-0.00000164873000000000	-0.00000057217700000000
-0.00000164757000000000	-0.00000057184500000000
-0.00000164642000000000	-0.00000057130300000000
-0.00000164520000000000	-0.00000057118300000000
-0.00000164386000000000	-0.00000057088100000000
-0.00000164248000000000	-0.00000057051200000000
-0.00000164122000000000	-0.00000057222900000000
-0.00000164023000000000	-0.00000057213200000000
-0.00000163916000000000	-0.00000057269600000000
-0.00000163794000000000	-0.00000057360000000000
-0.00000163682000000000	-0.00000057366000000000
-0.00000163579000000000	-0.00000057323800000000
-0.00000163459000000000	-0.00000057306500000000
-0.00000163329000000000	-0.00000057351700000000
-0.00000163213000000000	-0.00000057389400000000
-0.00000163108000000000	-0.00000057360000000000
-0.00000162994000000000	-0.00000057317800000000
-0.00000162872000000000	-0.00000057265100000000
-0.00000162747000000000	-0.00000057337400000000
-0.00000162622000000000	-0.00000057272600000000
-0.00000162497000000000	-0.00000057210900000000
-0.00000162386000000000	-0.00000057171000000000
-0.00000162286000000000	-0.00000057183000000000
-0.00000162181000000000	-0.00000057322300000000
-0.00000162065000000000	-0.00000057405200000000
-0.00000161934000000000	-0.00000057371300000000
-0.00000161799000000000	-0.00000057345700000000
-0.00000161682000000000	-0.00000057369000000000
-0.00000161577000000000	-0.00000057503100000000
-0.00000161472000000000	-0.00000057472200000000
-0.00000161361000000000	-0.00000057427800000000
-0.00000161241000000000	-0.00000057402900000000
-0.00000161116000000000	-0.00000057398400000000
-0.00000160998000000000	-0.00000057347900000000
-0.00000160886000000000	-0.00000057249300000000
-0.00000160772000000000	-0.00000057255300000000
-0.00000160657000000000	-0.00000057232000000000
-0.00000160540000000000	-0.00000057215400000000
-0.00000160418000000000	-0.00000057189100000000
-0.00000160295000000000	-0.00000057201900000000
-0.00000160169000000000	-0.00000057281700000000
-0.00000160039000000000	-0.00000057391600000000
-0.00000159915000000000	-0.00000057464700000000
-0.00000159808000000000	-0.00000057482000000000
-0.00000159703000000000	-0.00000057541500000000
-0.00000159592000000000	-0.00000057530200000000
-0.00000159471000000000	-0.00000057570100000000
-0.00000159351000000000	-0.00000057472900000000
-0.00000159227000000000	-0.00000057433000000000
-0.00000159108000000000	-0.00000057359200000000
-0.00000158994000000000	-0.00000057327600000000
-0.00000158884000000000	-0.00000057324600000000
-0.00000158777000000000	-0.00000057201900000000
-0.00000158653000000000	-0.00000057283900000000
-0.00000158516000000000	-0.00000057369000000000
-0.00000158393000000000	-0.00000057380300000000
-0.00000158285000000000	-0.00000057404400000000
-0.00000158166000000000	-0.00000057444300000000
-0.00000158033000000000	-0.00000057418000000000
-0.00000157911000000000	-0.00000057494800000000
-0.00000157808000000000	-0.00000057587400000000
-0.00000157702000000000	-0.00000057564800000000
-0.00000157578000000000	-0.00000057523400000000
-0.00000157446000000000	-0.00000057558800000000
-0.00000157325000000000	-0.00000057506800000000
-0.00000157212000000000	-0.00000057485700000000
-0.00000157100000000000	-0.00000057448100000000
-0.00000156990000000000	-0.00000057415000000000
-0.00000156877000000000	-0.00000057436800000000
-0.00000156754000000000	-0.00000057421700000000
-0.00000156632000000000	-0.00000057337400000000
-0.00000156523000000000	-0.00000057231200000000
-0.00000156406000000000	-0.00000057304300000000
-0.00000156276000000000	-0.00000057296000000000
-0.00000156139000000000	-0.00000057423300000000
-0.00000156018000000000	-0.00000057433000000000
-0.00000155912000000000	-0.00000057497000000000
-0.00000155809000000000	-0.00000057595700000000
-0.00000155690000000000	-0.00000057597200000000
-0.00000155557000000000	-0.00000057558000000000
-0.00000155433000000000	-0.00000057521100000000
-0.00000155323000000000	-0.00000057463900000000
-0.00000155212000000000	-0.00000057415000000000
-0.00000155092000000000	-0.00000057385600000000
-0.00000154969000000000	-0.00000057439800000000
-0.00000154857000000000	-0.00000057433000000000
-0.00000154754000000000	-0.00000057321600000000
-0.00000154636000000000	-0.00000057305000000000
-0.00000154504000000000	-0.00000057309500000000
-0.00000154380000000000	-0.00000057300500000000
-0.00000154268000000000	-0.00000057321600000000
-0.00000154151000000000	-0.00000057459400000000
-0.00000154027000000000	-0.00000057527200000000
-0.00000153903000000000	-0.00000057517400000000
-0.00000153778000000000	-0.00000057571600000000
-0.00000153651000000000	-0.00000057554300000000
-0.00000153515000000000	-0.00000057510600000000
-0.00000153383000000000	-0.00000057537000000000
-0.00000153272000000000	-0.00000057443600000000
-0.00000153159000000000	-0.00000057476000000000
-0.00000153034000000000	-0.00000057420200000000
-0.00000152910000000000	-0.00000057362300000000
-0.00000152801000000000	-0.00000057372000000000
-0.00000152698000000000	-0.00000057336600000000
-0.00000152574000000000	-0.00000057330600000000
-0.00000152436000000000	-0.00000057316300000000
-0.00000152313000000000	-0.00000057352500000000
-0.00000152208000000000	-0.00000057387900000000
-0.00000152096000000000	-0.00000057418000000000
-0.00000151974000000000	-0.00000057466200000000
-0.00000151859000000000	-0.00000057525700000000
-0.00000151744000000000	-0.00000057549800000000
-0.00000151614000000000	-0.00000057521100000000
-0.00000151481000000000	-0.00000057544500000000
-0.00000151359000000000	-0.00000057497800000000
-0.00000151234000000000	-0.00000057507600000000
-0.00000151109000000000	-0.00000057452600000000
-0.00000150987000000000	-0.00000057355500000000
-0.00000150869000000000	-0.00000057319300000000
-0.00000150763000000000	-0.00000057305000000000
-0.00000150667000000000	-0.00000057232000000000
-0.00000150550000000000	-0.00000057236500000000
-0.00000150407000000000	-0.00000057341200000000
-0.00000150273000000000	-0.00000057357700000000
-0.00000150152000000000	-0.00000057381100000000
-0.00000150030000000000	-0.00000057518900000000
-0.00000149915000000000	-0.00000057446600000000
-0.00000149795000000000	-0.00000057449600000000
-0.00000149670000000000	-0.00000057506100000000
-0.00000149553000000000	-0.00000057518900000000
-0.00000149438000000000	-0.00000057552800000000
-0.00000149306000000000	-0.00000057474500000000
-0.00000149158000000000	-0.00000057476700000000
-0.00000149031000000000	-0.00000057483500000000
-0.00000148931000000000	-0.00000057339700000000
-0.00000148827000000000	-0.00000057302000000000
-0.00000148708000000000	-0.00000057263600000000
-0.00000148577000000000	-0.00000057280200000000
-0.00000148446000000000	-0.00000057331400000000
-0.00000148319000000000	-0.00000057372000000000
-0.00000148197000000000	-0.00000057349400000000
-0.00000148083000000000	-0.00000057347900000000
-0.00000147964000000000	-0.00000057429300000000
-0.00000147838000000000	-0.00000057486500000000
-0.00000147717000000000	-0.00000057457900000000
-0.00000147594000000000	-0.00000057531700000000
-0.00000147460000000000	-0.00000057512900000000
-0.00000147326000000000	-0.00000057499300000000
-0.00000147213000000000	-0.00000057491000000000
-0.00000147107000000000	-0.00000057463900000000
-0.00000146984000000000	-0.00000057448100000000
-0.00000146853000000000	-0.00000057321600000000
-0.00000146722000000000	-0.00000057303500000000
-0.00000146602000000000	-0.00000057206400000000
-0.00000146481000000000	-0.00000057250000000000
-0.00000146363000000000	-0.00000057245500000000
-0.00000146242000000000	-0.00000057314800000000
-0.00000146120000000000	-0.00000057341900000000
-0.00000145998000000000	-0.00000057405200000000
-0.00000145868000000000	-0.00000057460900000000
-0.00000145733000000000	-0.00000057456400000000
-0.00000145606000000000	-0.00000057561800000000
-0.00000145499000000000	-0.00000057488800000000
-0.00000145383000000000	-0.00000057527900000000
-0.00000145244000000000	-0.00000057984300000000
-0.00000145092000000000	-0.00000058673300000000
-0.00000145000000000000	-0.00000057018100000000
-0.00000144967000000000	-0.00000053383900000000
-0.00000144961000000000	-0.00000049052400000000
-0.00000144954000000000	-0.00000044550000000000
-0.00000144949000000000	-0.00000039942900000000
-0.00000144947000000000	-0.00000035399800000000
-0.00000144951000000000	-0.00000030743700000000
-0.00000144962000000000	-0.00000026034900000000
-0.00000144980000000000	-0.00000021282500000000
-0.00000144985000000000	-0.00000016589500000000
-0.00000144976000000000	-0.00000011910900000000
-0.00000144967000000000	-0.00000007160680000000
-0.00000144971000000000	-0.00000002331420000000
-0.00000144992000000000	0.00000002528720000000
-0.00000145013000000000	0.00000007315810000000
-0.00000145027000000000	0.00000012313000000000
-0.00000145019000000000	0.00000017172400000000
-0.00000145007000000000	0.00000021922600000000
-0.00000145015000000000	0.00000026769900000000
-0.00000145039000000000	0.00000031681200000000
-0.00000145059000000000	0.00000036694200000000
-0.00000145065000000000	0.00000041747200000000
-0.00000145068000000000	0.00000046642700000000
-0.00000145083000000000	0.00000051433600000000
-0.00000145110000000000	0.00000056226700000000
-0.00000145134000000000	0.00000061176400000000
-0.00000145141000000000	0.00000066146500000000
-0.00000145133000000000	0.00000071009600000000
-0.00000145124000000000	0.00000075921700000000
-0.00000145119000000000	0.00000080848900000000
-0.00000145116000000000	0.00000085827300000000
-0.00000145115000000000	0.00000090760400000000
-0.00000145159000000000	0.00000095771900000000
