-0.00000144932000000000	0.00000092935200000000
-0.00000144984000000000	0.00000096421800000000
-0.00000144978000000000	0.00000095260600000000
-0.00000144963000000000	0.00000092561700000000
-0.00000144948000000000	0.00000089749800000000
-0.00000144947000000000	0.00000087090900000000
-0.00000144957000000000	0.00000084251900000000
-0.00000144955000000000	0.00000080999500000000
-0.00000144941000000000	0.00000078015200000000
-0.00000144931000000000	0.00000075194300000000
-0.00000144929000000000	0.00000072075200000000
-0.00000144930000000000	0.00000068944000000000
-0.00000144925000000000	0.00000065939400000000
-0.00000144915000000000	0.00000062728400000000
-0.00000144920000000000	0.00000059687600000000
-0.00000144927000000000	0.00000056437500000000
-0.00000144933000000000	0.00000053227300000000
-0.00000144927000000000	0.00000049984700000000
-0.00000144908000000000	0.00000046598300000000
-0.00000144892000000000	0.00000043109400000000
-0.00000144890000000000	0.00000039652200000000
-0.00000144895000000000	0.00000036313200000000
-0.00000144893000000000	0.00000032887600000000
-0.00000144883000000000	0.00000029398000000000
-0.00000144874000000000	0.00000025926500000000
-0.00000144872000000000	0.00000022597300000000
-0.00000144855000000000	0.00000019045900000000
-0.00000144832000000000	0.00000015697900000000
-0.00000144819000000000	0.00000012209800000000
-0.00000144823000000000	0.00000008668270000000
-0.00000144825000000000	0.00000005130480000000
-0.00000144821000000000	0.00000001778690000000
-0.00000144812000000000	-0.00000001672510000000
-0.00000144803000000000	-0.00000005224610000000
-0.00000144798000000000	-0.00000008791020000000
-0.00000144789000000000	-0.00000012483200000000
-0.00000144779000000000	-0.00000015967500000000
-0.00000144767000000000	-0.00000019506100000000
-0.00000144763000000000	-0.00000023049100000000
-0.00000144767000000000	-0.00000026602000000000
-0.00000144768000000000	-0.00000030215100000000
-0.00000144759000000000	-0.00000033881600000000
-0.00000144745000000000	-0.00000037374200000000
-0.00000144740000000000	-0.00000040798300000000
-0.00000144747000000000	-0.00000044324800000000
-0.00000144747000000000	-0.00000047835500000000
-0.00000144729000000000	-0.00000051297200000000
-0.00000144720000000000	-0.00000054719800000000
-0.00000144742000000000	-0.00000057813300000000
-0.00000144790000000000	-0.00000059971500000000
-0.00000144886000000000	-0.00000059975300000000
-0.00000144986000000000	-0.00000059538500000000
-0.00000145083000000000	-0.00000058964000000000
-0.00000145183000000000	-0.00000058414300000000
-0.00000145285000000000	-0.00000058218500000000
-0.00000145390000000000	-0.00000057946600000000
-0.00000145480000000000	-0.00000057744000000000
-0.00000145568000000000	-0.00000057665000000000
-0.00000145670000000000	-0.00000057543700000000
-0.00000145780000000000	-0.00000057361500000000
-0.00000145886000000000	-0.00000057215400000000
-0.00000145981000000000	-0.00000057115200000000
-0.00000146067000000000	-0.00000057145400000000
-0.00000146159000000000	-0.00000057113000000000
-0.00000146258000000000	-0.00000057009100000000
-0.00000146350000000000	-0.00000057055800000000
-0.00000146445000000000	-0.00000057046000000000
-0.00000146543000000000	-0.00000057021900000000
-0.00000146640000000000	-0.00000057082100000000
-0.00000146742000000000	-0.00000057022600000000
-0.00000146839000000000	-0.00000057177800000000
-0.00000146938000000000	-0.00000057235700000000
-0.00000147031000000000	-0.00000057259100000000
-0.00000147115000000000	-0.00000057359200000000
-0.00000147197000000000	-0.00000057375800000000
-0.00000147283000000000	-0.00000057415000000000
-0.00000147379000000000	-0.00000057350200000000
-0.00000147481000000000	-0.00000057233500000000
-0.00000147585000000000	-0.00000057144600000000
-0.00000147692000000000	-0.00000057094900000000
-0.00000147797000000000	-0.00000057059500000000
-0.00000147890000000000	-0.00000057104000000000
-0.00000147976000000000	-0.00000057055800000000
-0.00000148069000000000	-0.00000057003800000000
-0.00000148169000000000	-0.00000057023400000000
-0.00000148255000000000	-0.00000057116000000000
-0.00000148336000000000	-0.00000057125800000000
-0.00000148427000000000	-0.00000057213900000000
-0.00000148539000000000	-0.00000057206400000000
-0.00000148652000000000	-0.00000057232700000000
-0.00000148749000000000	-0.00000057320100000000
-0.00000148837000000000	-0.00000057250000000000
-0.00000148927000000000	-0.00000057259800000000
-0.00000149031000000000	-0.00000057222900000000
-0.00000149140000000000	-0.00000057201900000000
-0.00000149251000000000	-0.00000057094200000000
-0.00000149351000000000	-0.00000057148400000000
-0.00000149438000000000	-0.00000057177800000000
-0.00000149523000000000	-0.00000057104700000000
-0.00000149618000000000	-0.00000057045200000000
-0.00000149724000000000	-0.00000056991000000000
-0.00000149823000000000	-0.00000057037700000000
-0.00000149916000000000	-0.00000057036200000000
-0.00000150006000000000	-0.00000057136300000000
-0.00000150100000000000	-0.00000057228200000000
-0.00000150188000000000	-0.00000057211600000000
-0.00000150268000000000	-0.00000057301300000000
-0.00000150368000000000	-0.00000057312600000000
-0.00000150484000000000	-0.00000057300500000000
-0.00000150587000000000	-0.00000057329100000000
-0.00000150683000000000	-0.00000057226700000000
-0.00000150783000000000	-0.00000057232700000000
-0.00000150888000000000	-0.00000057167200000000
-0.00000150981000000000	-0.00000057170200000000
-0.00000151065000000000	-0.00000057204100000000
-0.00000151158000000000	-0.00000057063300000000
-0.00000151261000000000	-0.00000056975200000000
-0.00000151364000000000	-0.00000057000000000000
-0.00000151462000000000	-0.00000057053500000000
-0.00000151558000000000	-0.00000057086600000000
-0.00000151658000000000	-0.00000057149100000000
-0.00000151750000000000	-0.00000057224400000000
-0.00000151833000000000	-0.00000057244800000000
-0.00000151921000000000	-0.00000057282400000000
-0.00000152016000000000	-0.00000057349400000000
-0.00000152115000000000	-0.00000057337400000000
-0.00000152223000000000	-0.00000057238700000000
-0.00000152333000000000	-0.00000057222900000000
-0.00000152432000000000	-0.00000057225200000000
-0.00000152526000000000	-0.00000057131100000000
-0.00000152624000000000	-0.00000057064800000000
-0.00000152727000000000	-0.00000057052000000000
-0.00000152831000000000	-0.00000057080600000000
-0.00000152934000000000	-0.00000057010600000000
-0.00000153031000000000	-0.00000056989500000000
-0.00000153131000000000	-0.00000057082900000000
-0.00000153237000000000	-0.00000057192100000000
-0.00000153338000000000	-0.00000057289200000000
-0.00000153432000000000	-0.00000057336600000000
-0.00000153532000000000	-0.00000057360000000000
-0.00000153644000000000	-0.00000057228200000000
-0.00000153742000000000	-0.00000057265900000000
-0.00000153825000000000	-0.00000057247800000000
-0.00000153908000000000	-0.00000057228200000000
-0.00000154011000000000	-0.00000057225900000000
-0.00000154119000000000	-0.00000057217700000000
-0.00000154214000000000	-0.00000057169500000000
-0.00000154308000000000	-0.00000057158900000000
-0.00000154415000000000	-0.00000057084400000000
-0.00000154521000000000	-0.00000056997800000000
-0.00000154618000000000	-0.00000057009100000000
-0.00000154712000000000	-0.00000056985700000000
-0.00000154800000000000	-0.00000057072300000000
-0.00000154898000000000	-0.00000057101700000000
-0.00000155004000000000	-0.00000057230500000000
-0.00000155100000000000	-0.00000057209400000000
-0.00000155184000000000	-0.00000057218400000000
-0.00000155284000000000	-0.00000057234200000000
-0.00000155397000000000	-0.00000057309500000000
-0.00000155503000000000	-0.00000057272600000000
-0.00000155604000000000	-0.00000057299800000000
-0.00000155718000000000	-0.00000057203400000000
-0.00000155827000000000	-0.00000057158900000000
-0.00000155920000000000	-0.00000057167200000000
-0.00000156004000000000	-0.00000057168700000000
-0.00000156089000000000	-0.00000057122800000000
-0.00000156186000000000	-0.00000056993300000000
-0.00000156293000000000	-0.00000057018900000000
-0.00000156408000000000	-0.00000057132600000000
-0.00000156520000000000	-0.00000057127300000000
-0.00000156617000000000	-0.00000057125800000000
-0.00000156710000000000	-0.00000057179300000000
-0.00000156799000000000	-0.00000057253800000000
-0.00000156881000000000	-0.00000057317100000000
-0.00000156972000000000	-0.00000057225900000000
-0.00000157074000000000	-0.00000057287700000000
-0.00000157186000000000	-0.00000057175500000000
-0.00000157288000000000	-0.00000057204900000000
-0.00000157387000000000	-0.00000057245500000000
-0.00000157494000000000	-0.00000057130300000000
-0.00000157592000000000	-0.00000057131800000000
-0.00000157687000000000	-0.00000057071600000000
-0.00000157793000000000	-0.00000056974400000000
-0.00000157903000000000	-0.00000057006800000000
-0.00000158008000000000	-0.00000057077600000000
-0.00000158105000000000	-0.00000057063300000000
-0.00000158197000000000	-0.00000057051200000000
-0.00000158288000000000	-0.00000057195800000000
-0.00000158387000000000	-0.00000057226700000000
-0.00000158489000000000	-0.00000057209400000000
-0.00000158583000000000	-0.00000057200400000000
-0.00000158676000000000	-0.00000057283900000000
-0.00000158786000000000	-0.00000057261300000000
-0.00000158896000000000	-0.00000057247000000000
-0.00000158991000000000	-0.00000057213900000000
-0.00000159079000000000	-0.00000057210100000000
-0.00000159179000000000	-0.00000057161900000000
-0.00000159290000000000	-0.00000057095700000000
-0.00000159396000000000	-0.00000057036200000000
-0.00000159485000000000	-0.00000056979000000000
-0.00000159567000000000	-0.00000056935300000000
-0.00000159652000000000	-0.00000057091900000000
-0.00000159756000000000	-0.00000057092700000000
-0.00000159869000000000	-0.00000057107700000000
-0.00000159981000000000	-0.00000057146100000000
-0.00000160088000000000	-0.00000057166500000000
-0.00000160186000000000	-0.00000057278700000000
-0.00000160293000000000	-0.00000057170200000000
-0.00000160403000000000	-0.00000057143900000000
-0.00000160501000000000	-0.00000057239500000000
-0.00000160593000000000	-0.00000057148400000000
-0.00000160690000000000	-0.00000057134100000000
-0.00000160801000000000	-0.00000057110700000000
-0.00000160908000000000	-0.00000057025600000000
-0.00000161001000000000	-0.00000057022600000000
-0.00000161105000000000	-0.00000056960100000000
-0.00000161218000000000	-0.00000056936000000000
-0.00000161315000000000	-0.00000056964600000000
-0.00000161397000000000	-0.00000056956400000000
-0.00000161485000000000	-0.00000057030900000000
-0.00000161588000000000	-0.00000057100200000000
-0.00000161699000000000	-0.00000057126500000000
-0.00000161805000000000	-0.00000057243300000000
-0.00000161908000000000	-0.00000057283900000000
-0.00000162018000000000	-0.00000057262800000000
-0.00000162129000000000	-0.00000057236500000000
-0.00000162225000000000	-0.00000057221400000000
-0.00000162306000000000	-0.00000057207100000000
-0.00000162396000000000	-0.00000057098700000000
-0.00000162504000000000	-0.00000057035400000000
-0.00000162617000000000	-0.00000057012800000000
-0.00000162721000000000	-0.00000056983500000000
-0.00000162816000000000	-0.00000056982000000000
-0.00000162917000000000	-0.00000056860000000000
-0.00000163020000000000	-0.00000056914900000000
-0.00000163124000000000	-0.00000056999300000000
-0.00000163226000000000	-0.00000057019600000000
-0.00000163324000000000	-0.00000057030900000000
-0.00000163420000000000	-0.00000057043700000000
-0.00000163518000000000	-0.00000057075300000000
-0.00000163619000000000	-0.00000057150600000000
-0.00000163723000000000	-0.00000057100900000000
-0.00000163819000000000	-0.00000057192100000000
-0.00000163921000000000	-0.00000057161900000000
-0.00000164029000000000	-0.00000057161900000000
-0.00000164134000000000	-0.00000057104000000000
-0.00000164225000000000	-0.00000057006800000000
-0.00000164307000000000	-0.00000056967700000000
-0.00000164404000000000	-0.00000056881800000000
-0.00000164519000000000	-0.00000056772600000000
-0.00000164632000000000	-0.00000056759800000000
-0.00000164741000000000	-0.00000056829100000000
-0.00000164850000000000	-0.00000056844200000000
-0.00000164952000000000	-0.00000056873500000000
-0.00000165047000000000	-0.00000056983500000000
-0.00000165143000000000	-0.00000057021900000000
-0.00000165233000000000	-0.00000057125800000000
-0.00000165326000000000	-0.00000057082100000000
-0.00000165433000000000	-0.00000057086600000000
-0.00000165546000000000	-0.00000057079100000000
-0.00000165639000000000	-0.00000057093400000000
-0.00000165731000000000	-0.00000056974400000000
-0.00000165842000000000	-0.00000056975200000000
-0.00000165969000000000	-0.00000056835900000000
-0.00000166085000000000	-0.00000056800500000000
-0.00000166179000000000	-0.00000056773400000000
-0.00000166257000000000	-0.00000056781700000000
-0.00000166345000000000	-0.00000056756800000000
-0.00000166455000000000	-0.00000056812500000000
-0.00000166569000000000	-0.00000056887100000000
-0.00000166675000000000	-0.00000056890100000000
-0.00000166770000000000	-0.00000056924000000000
-0.00000166858000000000	-0.00000056957100000000
-0.00000166956000000000	-0.00000057007600000000
-0.00000167064000000000	-0.00000057026400000000
-0.00000167161000000000	-0.00000057012800000000
-0.00000167260000000000	-0.00000056957900000000
-0.00000167380000000000	-0.00000056945800000000
-0.00000167504000000000	-0.00000056903600000000
-0.00000167599000000000	-0.00000056887100000000
-0.00000167682000000000	-0.00000056796000000000
-0.00000167772000000000	-0.00000056707900000000
-0.00000167865000000000	-0.00000056750000000000
-0.00000167963000000000	-0.00000056746300000000
-0.00000168073000000000	-0.00000056692800000000
-0.00000168184000000000	-0.00000056738000000000
-0.00000168291000000000	-0.00000056756100000000
-0.00000168393000000000	-0.00000056866000000000
-0.00000168503000000000	-0.00000056888600000000
-0.00000168613000000000	-0.00000056998500000000
-0.00000168718000000000	-0.00000056989500000000
-0.00000168811000000000	-0.00000056955600000000
-0.00000168903000000000	-0.00000056883300000000
-0.00000169000000000000	-0.00000056841900000000
-0.00000169101000000000	-0.00000056779400000000
-0.00000169205000000000	-0.00000056800500000000
-0.00000169319000000000	-0.00000056793700000000
-0.00000169434000000000	-0.00000056756100000000
-0.00000169537000000000	-0.00000056735000000000
-0.00000169632000000000	-0.00000056674000000000
-0.00000169727000000000	-0.00000056599400000000
-0.00000169823000000000	-0.00000056658900000000
-0.00000169922000000000	-0.00000056704100000000
-0.00000170029000000000	-0.00000056674000000000
-0.00000170132000000000	-0.00000056794500000000
-0.00000170232000000000	-0.00000056878800000000
-0.00000170335000000000	-0.00000056875800000000
-0.00000170431000000000	-0.00000056906700000000
-0.00000170522000000000	-0.00000056854000000000
-0.00000170625000000000	-0.00000056816300000000
-0.00000170746000000000	-0.00000056747000000000
-0.00000170864000000000	-0.00000056744000000000
-0.00000170975000000000	-0.00000056717600000000
-0.00000171086000000000	-0.00000056669400000000
-0.00000171190000000000	-0.00000056597900000000
-0.00000171284000000000	-0.00000056567000000000
-0.00000171383000000000	-0.00000056518100000000
-0.00000171486000000000	-0.00000056594900000000
-0.00000171583000000000	-0.00000056594100000000
-0.00000171673000000000	-0.00000056632600000000
-0.00000171772000000000	-0.00000056773400000000
-0.00000171881000000000	-0.00000056811800000000
-0.00000171992000000000	-0.00000056736500000000
-0.00000172095000000000	-0.00000056714600000000
-0.00000172192000000000	-0.00000056799000000000
-0.00000172296000000000	-0.00000056792900000000
-0.00000172401000000000	-0.00000056778600000000
-0.00000172506000000000	-0.00000056738000000000
-0.00000172613000000000	-0.00000056791400000000
-0.00000172728000000000	-0.00000056640800000000
-0.00000172837000000000	-0.00000056583600000000
-0.00000172945000000000	-0.00000056564000000000
-0.00000173055000000000	-0.00000056497800000000
-0.00000173163000000000	-0.00000056494000000000
-0.00000173266000000000	-0.00000056549700000000
-0.00000173367000000000	-0.00000056575300000000
-0.00000173464000000000	-0.00000056515800000000
-0.00000173553000000000	-0.00000056640800000000
-0.00000173641000000000	-0.00000056768100000000
-0.00000173738000000000	-0.00000056731200000000
-0.00000173843000000000	-0.00000056714600000000
-0.00000173955000000000	-0.00000056799700000000
-0.00000174070000000000	-0.00000056802700000000
-0.00000174181000000000	-0.00000056696600000000
-0.00000174279000000000	-0.00000056670200000000
-0.00000174373000000000	-0.00000056634100000000
-0.00000174471000000000	-0.00000056619800000000
-0.00000174579000000000	-0.00000056549000000000
-0.00000174692000000000	-0.00000056408900000000
-0.00000174798000000000	-0.00000056441300000000
-0.00000174899000000000	-0.00000056442000000000
-0.00000174994000000000	-0.00000056564000000000
-0.00000175100000000000	-0.00000056476700000000
-0.00000175208000000000	-0.00000056564000000000
-0.00000175310000000000	-0.00000056672500000000
-0.00000175406000000000	-0.00000056613000000000
-0.00000175503000000000	-0.00000056570800000000
-0.00000175606000000000	-0.00000056538400000000
-0.00000175701000000000	-0.00000056645400000000
-0.00000175796000000000	-0.00000056710900000000
-0.00000175906000000000	-0.00000056661200000000
-0.00000176022000000000	-0.00000056546700000000
-0.00000176128000000000	-0.00000056545200000000
-0.00000176233000000000	-0.00000056561800000000
-0.00000176348000000000	-0.00000056417200000000
-0.00000176452000000000	-0.00000056408100000000
-0.00000176543000000000	-0.00000056303500000000
-0.00000176629000000000	-0.00000056415700000000
-0.00000176739000000000	-0.00000056403600000000
-0.00000176856000000000	-0.00000056508300000000
-0.00000176960000000000	-0.00000056523400000000
-0.00000177057000000000	-0.00000056561000000000
-0.00000177162000000000	-0.00000056558000000000
-0.00000177262000000000	-0.00000056624300000000
-0.00000177352000000000	-0.00000056597200000000
-0.00000177452000000000	-0.00000056562500000000
-0.00000177573000000000	-0.00000056581300000000
-0.00000177698000000000	-0.00000056555700000000
-0.00000177810000000000	-0.00000056526400000000
-0.00000177918000000000	-0.00000056474400000000
-0.00000178027000000000	-0.00000056405100000000
-0.00000178132000000000	-0.00000056391600000000
-0.00000178232000000000	-0.00000056304200000000
-0.00000178327000000000	-0.00000056327600000000
-0.00000178421000000000	-0.00000056372000000000
-0.00000178515000000000	-0.00000056414900000000
-0.00000178621000000000	-0.00000056476700000000
-0.00000178739000000000	-0.00000056488700000000
-0.00000178833000000000	-0.00000056612200000000
-0.00000178915000000000	-0.00000056640800000000
-0.00000179021000000000	-0.00000056561800000000
-0.00000179147000000000	-0.00000056567000000000
-0.00000179262000000000	-0.00000056540700000000
-0.00000179351000000000	-0.00000056613700000000
-0.00000179446000000000	-0.00000056462400000000
-0.00000179554000000000	-0.00000056391600000000
-0.00000179667000000000	-0.00000056401400000000
-0.00000179774000000000	-0.00000056388600000000
-0.00000179877000000000	-0.00000056329800000000
-0.00000179980000000000	-0.00000056234900000000
-0.00000180085000000000	-0.00000056258300000000
-0.00000180190000000000	-0.00000056309500000000
-0.00000180290000000000	-0.00000056386300000000
-0.00000180387000000000	-0.00000056453300000000
-0.00000180489000000000	-0.00000056562500000000
-0.00000180599000000000	-0.00000056575300000000
-0.00000180707000000000	-0.00000056571600000000
-0.00000180816000000000	-0.00000056548200000000
-0.00000180921000000000	-0.00000056646900000000
-0.00000181021000000000	-0.00000056592600000000
-0.00000181124000000000	-0.00000056483500000000
-0.00000181244000000000	-0.00000056463900000000
-0.00000181368000000000	-0.00000056389300000000
-0.00000181470000000000	-0.00000056411200000000
-0.00000181561000000000	-0.00000056345600000000
-0.00000181656000000000	-0.00000056256800000000
-0.00000181754000000000	-0.00000056241700000000
-0.00000181850000000000	-0.00000056279400000000
-0.00000181952000000000	-0.00000056289900000000
-0.00000182065000000000	-0.00000056260600000000
-0.00000182173000000000	-0.00000056377300000000
-0.00000182266000000000	-0.00000056442800000000
-0.00000182359000000000	-0.00000056439000000000
-0.00000182466000000000	-0.00000056485000000000
-0.00000182581000000000	-0.00000056481200000000
-0.00000182690000000000	-0.00000056495500000000
-0.00000182790000000000	-0.00000056439000000000
-0.00000182888000000000	-0.00000056420200000000
-0.00000182995000000000	-0.00000056448100000000
-0.00000183113000000000	-0.00000056381800000000
-0.00000183227000000000	-0.00000056332100000000
-0.00000183332000000000	-0.00000056222900000000
-0.00000183423000000000	-0.00000056231200000000
-0.00000183516000000000	-0.00000056228200000000
-0.00000183625000000000	-0.00000056217600000000
-0.00000183740000000000	-0.00000056292200000000
-0.00000183848000000000	-0.00000056360000000000
-0.00000183948000000000	-0.00000056451100000000
-0.00000184043000000000	-0.00000056463100000000
-0.00000184132000000000	-0.00000056497800000000
-0.00000184231000000000	-0.00000056482700000000
-0.00000184343000000000	-0.00000056495500000000
-0.00000184454000000000	-0.00000056469900000000
-0.00000184559000000000	-0.00000056453300000000
-0.00000184670000000000	-0.00000056385600000000
-0.00000184777000000000	-0.00000056432200000000
-0.00000184887000000000	-0.00000056364500000000
-0.00000185003000000000	-0.00000056241700000000
-0.00000185122000000000	-0.00000056194300000000
-0.00000185231000000000	-0.00000056192800000000
-0.00000185324000000000	-0.00000056260600000000
-0.00000185413000000000	-0.00000056277900000000
-0.00000185508000000000	-0.00000056235700000000
-0.00000185616000000000	-0.00000056326100000000
-0.00000185744000000000	-0.00000056329100000000
-0.00000185864000000000	-0.00000056456300000000
-0.00000185966000000000	-0.00000056610700000000
-0.00000186068000000000	-0.00000056542900000000
-0.00000186173000000000	-0.00000056527900000000
-0.00000186277000000000	-0.00000056535400000000
-0.00000186380000000000	-0.00000056432200000000
-0.00000186483000000000	-0.00000056366700000000
-0.00000186595000000000	-0.00000056400600000000
-0.00000186717000000000	-0.00000056344900000000
-0.00000186832000000000	-0.00000056214600000000
-0.00000186941000000000	-0.00000056202600000000
-0.00000187045000000000	-0.00000056225200000000
-0.00000187129000000000	-0.00000056311000000000
-0.00000187215000000000	-0.00000056307200000000
-0.00000187317000000000	-0.00000056371200000000
-0.00000187433000000000	-0.00000056382500000000
-0.00000187549000000000	-0.00000056432200000000
-0.00000187659000000000	-0.00000056547500000000
-0.00000187762000000000	-0.00000056542900000000
-0.00000187856000000000	-0.00000056504500000000
-0.00000187957000000000	-0.00000056516600000000
-0.00000188067000000000	-0.00000056524100000000
-0.00000188179000000000	-0.00000056433000000000
-0.00000188281000000000	-0.00000056472900000000
-0.00000188386000000000	-0.00000056416400000000
-0.00000188500000000000	-0.00000056253800000000
-0.00000188609000000000	-0.00000056259000000000
-0.00000188704000000000	-0.00000056277900000000
-0.00000188800000000000	-0.00000056213100000000
-0.00000188914000000000	-0.00000056124200000000
-0.00000189024000000000	-0.00000056178500000000
-0.00000189120000000000	-0.00000056253800000000
-0.00000189214000000000	-0.00000056365200000000
-0.00000189324000000000	-0.00000056433000000000
-0.00000189444000000000	-0.00000056503000000000
-0.00000189561000000000	-0.00000056508300000000
-0.00000189666000000000	-0.00000056488000000000
-0.00000189761000000000	-0.00000056517300000000
-0.00000189859000000000	-0.00000056443500000000
-0.00000189957000000000	-0.00000056456300000000
-0.00000190061000000000	-0.00000056356900000000
-0.00000190174000000000	-0.00000056275600000000
-0.00000190291000000000	-0.00000056252300000000
-0.00000190399000000000	-0.00000056298900000000
-0.00000190495000000000	-0.00000056363000000000
-0.00000190596000000000	-0.00000056261300000000
-0.00000190705000000000	-0.00000056271100000000
-0.00000190813000000000	-0.00000056315500000000
-0.00000190912000000000	-0.00000056414200000000
-0.00000191018000000000	-0.00000056471400000000
-0.00000191138000000000	-0.00000056446500000000
-0.00000191255000000000	-0.00000056486500000000
-0.00000191361000000000	-0.00000056591900000000
-0.00000191460000000000	-0.00000056519600000000
-0.00000191558000000000	-0.00000056481900000000
-0.00000191663000000000	-0.00000056493200000000
-0.00000191779000000000	-0.00000056430000000000
-0.00000191893000000000	-0.00000056416400000000
-0.00000192001000000000	-0.00000056369700000000
-0.00000192105000000000	-0.00000056321500000000
-0.00000192211000000000	-0.00000056258300000000
-0.00000192321000000000	-0.00000056209300000000
-0.00000192428000000000	-0.00000056289200000000
-0.00000192522000000000	-0.00000056333600000000
-0.00000192607000000000	-0.00000056375800000000
-0.00000192710000000000	-0.00000056441300000000
-0.00000192840000000000	-0.00000056459400000000
-0.00000192970000000000	-0.00000056503000000000
-0.00000193073000000000	-0.00000056583600000000
-0.00000193164000000000	-0.00000056588900000000
-0.00000193267000000000	-0.00000056511300000000
-0.00000193379000000000	-0.00000056475900000000
-0.00000193489000000000	-0.00000056447300000000
-0.00000193597000000000	-0.00000056399900000000
-0.00000193708000000000	-0.00000056351700000000
-0.00000193814000000000	-0.00000056356200000000
-0.00000193919000000000	-0.00000056302000000000
-0.00000194027000000000	-0.00000056280900000000
-0.00000194140000000000	-0.00000056305000000000
-0.00000194249000000000	-0.00000056252300000000
-0.00000194348000000000	-0.00000056309500000000
-0.00000194449000000000	-0.00000056373500000000
-0.00000194557000000000	-0.00000056497800000000
-0.00000194677000000000	-0.00000056516600000000
-0.00000194796000000000	-0.00000056527900000000
-0.00000194897000000000	-0.00000056520300000000
-0.00000194984000000000	-0.00000056565500000000
-0.00000195082000000000	-0.00000056588900000000
-0.00000195190000000000	-0.00000056575300000000
-0.00000195292000000000	-0.00000056458600000000
-0.00000195387000000000	-0.00000056470700000000
-0.00000195491000000000	-0.00000056451800000000
-0.00000195605000000000	-0.00000056353900000000
-0.00000195722000000000	-0.00000056301200000000
-0.00000195839000000000	-0.00000056284600000000
-0.00000195954000000000	-0.00000056292900000000
-0.00000196063000000000	-0.00000056396100000000
-0.00000196167000000000	-0.00000056356200000000
-0.00000196263000000000	-0.00000056353900000000
-0.00000196356000000000	-0.00000056481200000000
-0.00000196452000000000	-0.00000056515800000000
-0.00000196554000000000	-0.00000056488700000000
-0.00000196660000000000	-0.00000056536200000000
-0.00000196774000000000	-0.00000056548200000000
-0.00000196895000000000	-0.00000056585100000000
-0.00000197020000000000	-0.00000056494000000000
-0.00000197128000000000	-0.00000056481200000000
-0.00000197232000000000	-0.00000056472900000000
-0.00000197336000000000	-0.00000056405100000000
-0.00000197427000000000	-0.00000056361500000000
-0.00000197519000000000	-0.00000056333600000000
-0.00000197628000000000	-0.00000056244700000000
-0.00000197738000000000	-0.00000056280900000000
-0.00000197841000000000	-0.00000056367500000000
-0.00000197945000000000	-0.00000056389300000000
-0.00000198057000000000	-0.00000056442800000000
-0.00000198177000000000	-0.00000056467600000000
-0.00000198292000000000	-0.00000056500800000000
-0.00000198391000000000	-0.00000056554200000000
-0.00000198491000000000	-0.00000056522600000000
-0.00000198601000000000	-0.00000056542200000000
-0.00000198707000000000	-0.00000056520300000000
-0.00000198806000000000	-0.00000056461600000000
-0.00000198910000000000	-0.00000056475200000000
-0.00000199026000000000	-0.00000056385600000000
-0.00000199140000000000	-0.00000056435300000000
-0.00000199252000000000	-0.00000056390800000000
-0.00000199361000000000	-0.00000056374300000000
-0.00000199472000000000	-0.00000056311800000000
-0.00000199583000000000	-0.00000056328300000000
-0.00000199690000000000	-0.00000056332800000000
-0.00000199798000000000	-0.00000056342600000000
-0.00000199907000000000	-0.00000056436800000000
-0.00000200014000000000	-0.00000056503000000000
-0.00000200119000000000	-0.00000056466900000000
-0.00000200226000000000	-0.00000056509100000000
-0.00000200336000000000	-0.00000056492500000000
-0.00000200444000000000	-0.00000056481900000000
-0.00000200546000000000	-0.00000056475900000000
-0.00000200646000000000	-0.00000056463900000000
-0.00000200749000000000	-0.00000056420900000000
-0.00000200853000000000	-0.00000056408100000000
-0.00000200964000000000	-0.00000056366700000000
-0.00000201080000000000	-0.00000056336600000000
-0.00000201193000000000	-0.00000056221400000000
-0.00000201290000000000	-0.00000056251500000000
-0.00000201380000000000	-0.00000056333600000000
-0.00000201480000000000	-0.00000056340400000000
-0.00000201590000000000	-0.00000056354700000000
-0.00000201701000000000	-0.00000056443500000000
-0.00000201814000000000	-0.00000056458600000000
-0.00000201931000000000	-0.00000056457800000000
-0.00000202051000000000	-0.00000056465400000000
-0.00000202159000000000	-0.00000056494000000000
-0.00000202251000000000	-0.00000056464600000000
-0.00000202337000000000	-0.00000056454800000000
-0.00000202436000000000	-0.00000056408900000000
-0.00000202554000000000	-0.00000056397600000000
-0.00000202680000000000	-0.00000056352400000000
-0.00000202802000000000	-0.00000056315500000000
-0.00000202921000000000	-0.00000056305000000000
-0.00000203035000000000	-0.00000056180700000000
-0.00000203137000000000	-0.00000056177000000000
-0.00000203241000000000	-0.00000056244000000000
-0.00000203351000000000	-0.00000056239500000000
-0.00000203453000000000	-0.00000056378000000000
-0.00000203549000000000	-0.00000056512800000000
-0.00000203646000000000	-0.00000056480400000000
-0.00000203741000000000	-0.00000056494000000000
-0.00000203845000000000	-0.00000056512100000000
-0.00000203964000000000	-0.00000056475900000000
-0.00000204078000000000	-0.00000056492500000000
-0.00000204184000000000	-0.00000056438300000000
-0.00000204302000000000	-0.00000056272600000000
-0.00000204433000000000	-0.00000056231900000000
-0.00000204552000000000	-0.00000056314000000000
-0.00000204642000000000	-0.00000056339600000000
-0.00000204732000000000	-0.00000056219100000000
-0.00000204842000000000	-0.00000056196500000000
-0.00000204956000000000	-0.00000056222100000000
-0.00000205061000000000	-0.00000056284600000000
-0.00000205166000000000	-0.00000056318500000000
-0.00000205271000000000	-0.00000056258300000000
-0.00000205369000000000	-0.00000056311000000000
-0.00000205478000000000	-0.00000056349400000000
-0.00000205597000000000	-0.00000056466100000000
-0.00000205720000000000	-0.00000056411900000000
-0.00000205827000000000	-0.00000056454100000000
-0.00000205926000000000	-0.00000056428500000000
-0.00000206024000000000	-0.00000056384800000000
-0.00000206128000000000	-0.00000056336600000000
-0.00000206242000000000	-0.00000056276400000000
-0.00000206360000000000	-0.00000056268100000000
-0.00000206475000000000	-0.00000056277900000000
-0.00000206593000000000	-0.00000056241000000000
-0.00000206706000000000	-0.00000056182200000000
-0.00000206804000000000	-0.00000056254500000000
-0.00000206900000000000	-0.00000056284600000000
-0.00000207004000000000	-0.00000056271800000000
-0.00000207112000000000	-0.00000056326100000000
-0.00000207222000000000	-0.00000056274900000000
-0.00000207333000000000	-0.00000056219900000000
-0.00000207449000000000	-0.00000056302700000000
-0.00000207562000000000	-0.00000056432200000000
-0.00000207666000000000	-0.00000056341100000000
-0.00000207766000000000	-0.00000056302000000000
-0.00000207877000000000	-0.00000056213900000000
-0.00000207989000000000	-0.00000056177000000000
-0.00000208098000000000	-0.00000056242500000000
-0.00000208221000000000	-0.00000056220600000000
-0.00000208349000000000	-0.00000056014300000000
-0.00000208447000000000	-0.00000056050500000000
-0.00000208529000000000	-0.00000056122000000000
-0.00000208625000000000	-0.00000056094900000000
-0.00000208733000000000	-0.00000056171700000000
-0.00000208849000000000	-0.00000056286900000000
-0.00000208973000000000	-0.00000056227400000000
-0.00000209085000000000	-0.00000056239500000000
-0.00000209174000000000	-0.00000056321500000000
-0.00000209262000000000	-0.00000056351700000000
-0.00000209376000000000	-0.00000056345600000000
-0.00000209512000000000	-0.00000056262800000000
-0.00000209636000000000	-0.00000056200300000000
-0.00000209743000000000	-0.00000056113000000000
-0.00000209844000000000	-0.00000056088100000000
-0.00000209944000000000	-0.00000056154400000000
-0.00000210051000000000	-0.00000056121200000000
-0.00000210156000000000	-0.00000056067000000000
-0.00000210252000000000	-0.00000056049700000000
-0.00000210352000000000	-0.00000056051200000000
-0.00000210476000000000	-0.00000056039900000000
-0.00000210608000000000	-0.00000056103900000000
-0.00000210723000000000	-0.00000056152100000000
-0.00000210816000000000	-0.00000056212400000000
-0.00000210909000000000	-0.00000056303500000000
-0.00000211024000000000	-0.00000056314800000000
-0.00000211146000000000	-0.00000056282400000000
-0.00000211259000000000	-0.00000056271100000000
-0.00000211375000000000	-0.00000056197300000000
-0.00000211487000000000	-0.00000056205600000000
-0.00000211594000000000	-0.00000056187500000000
-0.00000211704000000000	-0.00000056132500000000
-0.00000211816000000000	-0.00000056030900000000
-0.00000211923000000000	-0.00000055995500000000
-0.00000212027000000000	-0.00000055954800000000
-0.00000212130000000000	-0.00000055936000000000
-0.00000212229000000000	-0.00000056055000000000
-0.00000212332000000000	-0.00000055994000000000
-0.00000212435000000000	-0.00000056055700000000
-0.00000212547000000000	-0.00000056146800000000
-0.00000212669000000000	-0.00000056174000000000
-0.00000212792000000000	-0.00000056169400000000
-0.00000212904000000000	-0.00000056259000000000
-0.00000213014000000000	-0.00000056205600000000
-0.00000213123000000000	-0.00000056217600000000
-0.00000213228000000000	-0.00000056153600000000
-0.00000213325000000000	-0.00000056040700000000
-0.00000213430000000000	-0.00000056047400000000
-0.00000213549000000000	-0.00000056012800000000
-0.00000213662000000000	-0.00000055984200000000
-0.00000213757000000000	-0.00000055939800000000
-0.00000213844000000000	-0.00000055933000000000
-0.00000213949000000000	-0.00000055870500000000
-0.00000214073000000000	-0.00000056009000000000
-0.00000214210000000000	-0.00000056007500000000
-0.00000214334000000000	-0.00000056007500000000
-0.00000214436000000000	-0.00000056079800000000
-0.00000214522000000000	-0.00000056161200000000
-0.00000214620000000000	-0.00000056113700000000
-0.00000214740000000000	-0.00000056178500000000
-0.00000214870000000000	-0.00000056209300000000
-0.00000214992000000000	-0.00000056137800000000
-0.00000215105000000000	-0.00000056037700000000
-0.00000215213000000000	-0.00000056045200000000
-0.00000215324000000000	-0.00000056016600000000
-0.00000215440000000000	-0.00000055897600000000
-0.00000215548000000000	-0.00000055875000000000
-0.00000215650000000000	-0.00000055815500000000
-0.00000215760000000000	-0.00000055823800000000
-0.00000215879000000000	-0.00000055842600000000
-0.00000215989000000000	-0.00000055919400000000
-0.00000216087000000000	-0.00000055914100000000
-0.00000216180000000000	-0.00000056024100000000
-0.00000216289000000000	-0.00000056013600000000
-0.00000216412000000000	-0.00000056085800000000
-0.00000216534000000000	-0.00000056152100000000
-0.00000216638000000000	-0.00000056071500000000
-0.00000216728000000000	-0.00000056088100000000
-0.00000216829000000000	-0.00000056135500000000
-0.00000216948000000000	-0.00000056010500000000
-0.00000217064000000000	-0.00000055981900000000
-0.00000217178000000000	-0.00000055917900000000
-0.00000217295000000000	-0.00000055811000000000
-0.00000217406000000000	-0.00000055870500000000
-0.00000217519000000000	-0.00000055766600000000
-0.00000217624000000000	-0.00000055795200000000
-0.00000217723000000000	-0.00000055835100000000
-0.00000217818000000000	-0.00000055911100000000
-0.00000217927000000000	-0.00000055894600000000
-0.00000218047000000000	-0.00000055907400000000
-0.00000218157000000000	-0.00000056011300000000
-0.00000218266000000000	-0.00000056006800000000
-0.00000218383000000000	-0.00000055996200000000
-0.00000218502000000000	-0.00000055988700000000
-0.00000218613000000000	-0.00000055959300000000
-0.00000218719000000000	-0.00000055895300000000
-0.00000218822000000000	-0.00000055895300000000
-0.00000218926000000000	-0.00000055889300000000
-0.00000219038000000000	-0.00000055815500000000
-0.00000219155000000000	-0.00000055808000000000
-0.00000219269000000000	-0.00000055744700000000
-0.00000219376000000000	-0.00000055706300000000
-0.00000219489000000000	-0.00000055714600000000
-0.00000219617000000000	-0.00000055777100000000
-0.00000219737000000000	-0.00000055806500000000
-0.00000219837000000000	-0.00000055855400000000
-0.00000219930000000000	-0.00000055970600000000
-0.00000220031000000000	-0.00000055905100000000
-0.00000220126000000000	-0.00000055975900000000
-0.00000220230000000000	-0.00000055963100000000
-0.00000220350000000000	-0.00000056029400000000
-0.00000220483000000000	-0.00000055888500000000
-0.00000220603000000000	-0.00000055841900000000
-0.00000220709000000000	-0.00000055777800000000
-0.00000220807000000000	-0.00000055803500000000
-0.00000220913000000000	-0.00000055740900000000
-0.00000221032000000000	-0.00000055720600000000
-0.00000221153000000000	-0.00000055658100000000
-0.00000221260000000000	-0.00000055649800000000
-0.00000221353000000000	-0.00000055756800000000
-0.00000221452000000000	-0.00000055777800000000
-0.00000221567000000000	-0.00000055776300000000
-0.00000221693000000000	-0.00000055810200000000
-0.00000221814000000000	-0.00000055875700000000
-0.00000221924000000000	-0.00000055823800000000
-0.00000222021000000000	-0.00000055902900000000
-0.00000222123000000000	-0.00000055955600000000
-0.00000222231000000000	-0.00000055982700000000
-0.00000222344000000000	-0.00000055859200000000
-0.00000222453000000000	-0.00000055762000000000
-0.00000222555000000000	-0.00000055781600000000
-0.00000222673000000000	-0.00000055680000000000
-0.00000222805000000000	-0.00000055602400000000
-0.00000222928000000000	-0.00000055591900000000
-0.00000223030000000000	-0.00000055568500000000
-0.00000223130000000000	-0.00000055640800000000
-0.00000223248000000000	-0.00000055573800000000
-0.00000223368000000000	-0.00000055600900000000
-0.00000223482000000000	-0.00000055718400000000
-0.00000223591000000000	-0.00000055762800000000
-0.00000223695000000000	-0.00000055662600000000
-0.00000223784000000000	-0.00000055793700000000
-0.00000223879000000000	-0.00000055829100000000
-0.00000223993000000000	-0.00000055827600000000
-0.00000224126000000000	-0.00000055831300000000
-0.00000224257000000000	-0.00000055732700000000
-0.00000224369000000000	-0.00000055678400000000
-0.00000224474000000000	-0.00000055693500000000
-0.00000224574000000000	-0.00000055649100000000
-0.00000224663000000000	-0.00000055604700000000
-0.00000224752000000000	-0.00000055640000000000
-0.00000224867000000000	-0.00000055576800000000
-0.00000225003000000000	-0.00000055564000000000
-0.00000225141000000000	-0.00000055567800000000
-0.00000225256000000000	-0.00000055629500000000
-0.00000225353000000000	-0.00000055622000000000
-0.00000225448000000000	-0.00000055673200000000
-0.00000225554000000000	-0.00000055785400000000
-0.00000225677000000000	-0.00000055797400000000
-0.00000225800000000000	-0.00000055815500000000
-0.00000225912000000000	-0.00000055728200000000
-0.00000226008000000000	-0.00000055704800000000
-0.00000226109000000000	-0.00000055661100000000
-0.00000226226000000000	-0.00000055612900000000
-0.00000226352000000000	-0.00000055566200000000
-0.00000226471000000000	-0.00000055648300000000
-0.00000226583000000000	-0.00000055499200000000
-0.00000226678000000000	-0.00000055522600000000
-0.00000226774000000000	-0.00000055486400000000
-0.00000226882000000000	-0.00000055490200000000
-0.00000226992000000000	-0.00000055643800000000
-0.00000227103000000000	-0.00000055594100000000
-0.00000227215000000000	-0.00000055709300000000
-0.00000227340000000000	-0.00000055752200000000
-0.00000227459000000000	-0.00000055729700000000
-0.00000227566000000000	-0.00000055769600000000
-0.00000227675000000000	-0.00000055706300000000
-0.00000227783000000000	-0.00000055735700000000
-0.00000227893000000000	-0.00000055677700000000
-0.00000228005000000000	-0.00000055625000000000
-0.00000228115000000000	-0.00000055584300000000
-0.00000228225000000000	-0.00000055579800000000
-0.00000228341000000000	-0.00000055536100000000
-0.00000228457000000000	-0.00000055510500000000
-0.00000228569000000000	-0.00000055437500000000
-0.00000228678000000000	-0.00000055394500000000
-0.00000228783000000000	-0.00000055483400000000
-0.00000228890000000000	-0.00000055520300000000
-0.00000229003000000000	-0.00000055594100000000
-0.00000229122000000000	-0.00000055584300000000
-0.00000229221000000000	-0.00000055664900000000
-0.00000229313000000000	-0.00000055713800000000
-0.00000229427000000000	-0.00000055797400000000
-0.00000229559000000000	-0.00000055741700000000
-0.00000229675000000000	-0.00000055665600000000
-0.00000229775000000000	-0.00000055691200000000
-0.00000229889000000000	-0.00000055686000000000
-0.00000230017000000000	-0.00000055586600000000
-0.00000230140000000000	-0.00000055503000000000
-0.00000230247000000000	-0.00000055589600000000
-0.00000230358000000000	-0.00000055527800000000
-0.00000230476000000000	-0.00000055419400000000
-0.00000230579000000000	-0.00000055542100000000
-0.00000230676000000000	-0.00000055468300000000
-0.00000230777000000000	-0.00000055543700000000
-0.00000230893000000000	-0.00000055612200000000
-0.00000231004000000000	-0.00000055682200000000
-0.00000231109000000000	-0.00000055667200000000
-0.00000231223000000000	-0.00000055722100000000
-0.00000231347000000000	-0.00000055726600000000
-0.00000231459000000000	-0.00000055707800000000
-0.00000231565000000000	-0.00000055676900000000
-0.00000231681000000000	-0.00000055675400000000
-0.00000231799000000000	-0.00000055615900000000
-0.00000231904000000000	-0.00000055630200000000
-0.00000232005000000000	-0.00000055607700000000
-0.00000232120000000000	-0.00000055509800000000
-0.00000232245000000000	-0.00000055418600000000
-0.00000232364000000000	-0.00000055442700000000
-0.00000232472000000000	-0.00000055510500000000
-0.00000232577000000000	-0.00000055518800000000
-0.00000232691000000000	-0.00000055581300000000
-0.00000232806000000000	-0.00000055698800000000
-0.00000232912000000000	-0.00000055725100000000
-0.00000233018000000000	-0.00000055765800000000
-0.00000233140000000000	-0.00000055731900000000
-0.00000233256000000000	-0.00000055730400000000
-0.00000233355000000000	-0.00000055751500000000
-0.00000233459000000000	-0.00000055747000000000
-0.00000233579000000000	-0.00000055652800000000
-0.00000233696000000000	-0.00000055656600000000
-0.00000233799000000000	-0.00000055612900000000
-0.00000233893000000000	-0.00000055606200000000
-0.00000233995000000000	-0.00000055627200000000
-0.00000234111000000000	-0.00000055551200000000
-0.00000234235000000000	-0.00000055500000000000
-0.00000234361000000000	-0.00000055517300000000
-0.00000234479000000000	-0.00000055548900000000
-0.00000234585000000000	-0.00000055625000000000
-0.00000234698000000000	-0.00000055704800000000
-0.00000234820000000000	-0.00000055750000000000
-0.00000234929000000000	-0.00000055771800000000
-0.00000235025000000000	-0.00000055751500000000
-0.00000235124000000000	-0.00000055797400000000
-0.00000235244000000000	-0.00000055707800000000
-0.00000235370000000000	-0.00000055692000000000
-0.00000235489000000000	-0.00000055612200000000
-0.00000235596000000000	-0.00000055554900000000
-0.00000235697000000000	-0.00000055597100000000
-0.00000235811000000000	-0.00000055552700000000
-0.00000235937000000000	-0.00000055496200000000
-0.00000236054000000000	-0.00000055388500000000
-0.00000236148000000000	-0.00000055368200000000
-0.00000236241000000000	-0.00000055419400000000
-0.00000236350000000000	-0.00000055563200000000
-0.00000236478000000000	-0.00000055670900000000
-0.00000236609000000000	-0.00000055752200000000
-0.00000236729000000000	-0.00000055716100000000
-0.00000236829000000000	-0.00000055788400000000
-0.00000236933000000000	-0.00000055774100000000
-0.00000237051000000000	-0.00000055778600000000
-0.00000237175000000000	-0.00000055667900000000
-0.00000237283000000000	-0.00000055585800000000
-0.00000237372000000000	-0.00000055612900000000
-0.00000237466000000000	-0.00000055625700000000
-0.00000237589000000000	-0.00000055541400000000
-0.00000237720000000000	-0.00000055609900000000
-0.00000237836000000000	-0.00000055534600000000
-0.00000237939000000000	-0.00000055436700000000
-0.00000238044000000000	-0.00000055515800000000
-0.00000238158000000000	-0.00000055643100000000
-0.00000238277000000000	-0.00000055657400000000
-0.00000238396000000000	-0.00000055695000000000
-0.00000238513000000000	-0.00000055651300000000
-0.00000238622000000000	-0.00000055714600000000
-0.00000238733000000000	-0.00000055683000000000
-0.00000238841000000000	-0.00000055714600000000
-0.00000238938000000000	-0.00000055777100000000
-0.00000239038000000000	-0.00000055748500000000
-0.00000239159000000000	-0.00000055672400000000
-0.00000239283000000000	-0.00000055727400000000
-0.00000239397000000000	-0.00000055620500000000
-0.00000239501000000000	-0.00000055569300000000
-0.00000239612000000000	-0.00000055506800000000
-0.00000239727000000000	-0.00000055478900000000
-0.00000239839000000000	-0.00000055503700000000
-0.00000239944000000000	-0.00000055542900000000
-0.00000240047000000000	-0.00000055588100000000
-0.00000240157000000000	-0.00000055714600000000
-0.00000240282000000000	-0.00000055699500000000
-0.00000240405000000000	-0.00000055631800000000
-0.00000240503000000000	-0.00000055787600000000
-0.00000240596000000000	-0.00000055799700000000
-0.00000240703000000000	-0.00000055775600000000
-0.00000240827000000000	-0.00000055780900000000
-0.00000240950000000000	-0.00000055750700000000
-0.00000241063000000000	-0.00000055683000000000
-0.00000241176000000000	-0.00000055617500000000
-0.00000241297000000000	-0.00000055587300000000
-0.00000241417000000000	-0.00000055564000000000
-0.00000241527000000000	-0.00000055587300000000
-0.00000241635000000000	-0.00000055488700000000
-0.00000241745000000000	-0.00000055457100000000
-0.00000241857000000000	-0.00000055518000000000
-0.00000241964000000000	-0.00000055587300000000
-0.00000242072000000000	-0.00000055579000000000
-0.00000242187000000000	-0.00000055673200000000
-0.00000242309000000000	-0.00000055712300000000
-0.00000242423000000000	-0.00000055692800000000
-0.00000242529000000000	-0.00000055705600000000
-0.00000242645000000000	-0.00000055762000000000
-0.00000242768000000000	-0.00000055780900000000
-0.00000242888000000000	-0.00000055629500000000
-0.00000243000000000000	-0.00000055622000000000
-0.00000243117000000000	-0.00000055612200000000
-0.00000243232000000000	-0.00000055643100000000
-0.00000243339000000000	-0.00000055603900000000
-0.00000243444000000000	-0.00000055498500000000
-0.00000243544000000000	-0.00000055393800000000
-0.00000243640000000000	-0.00000055409600000000
-0.00000243759000000000	-0.00000055488700000000
-0.00000243897000000000	-0.00000055646800000000
-0.00000244020000000000	-0.00000055698000000000
-0.00000244125000000000	-0.00000055630200000000
-0.00000244229000000000	-0.00000055692000000000
-0.00000244340000000000	-0.00000055661900000000
-0.00000244446000000000	-0.00000055715300000000
-0.00000244556000000000	-0.00000055663400000000
-0.00000244662000000000	-0.00000055655100000000
-0.00000244768000000000	-0.00000055554200000000
-0.00000244881000000000	-0.00000055676900000000
-0.00000245010000000000	-0.00000055577500000000
-0.00000245118000000000	-0.00000055582800000000
-0.00000245214000000000	-0.00000055564000000000
-0.00000245328000000000	-0.00000055466800000000
-0.00000245458000000000	-0.00000055499200000000
-0.00000245579000000000	-0.00000055547400000000
-0.00000245687000000000	-0.00000055548900000000
-0.00000245801000000000	-0.00000055509000000000
-0.00000245917000000000	-0.00000055539900000000
-0.00000246023000000000	-0.00000055637000000000
-0.00000246124000000000	-0.00000055701800000000
-0.00000246224000000000	-0.00000055651300000000
	
	
