SiO_Calibration1%SampleName
Probe8%ProbeName
20000%MaxDepth
2%step_size_nm
40%StiffnessPRC_nN_per_nm
68.2331%PRC_ADCValue_per_nm
2000%TriggerForce_nN
5000%LoopDelay_uS
2048%NumberOfSamplingPoints
%
%
%
%
%
%
%
%
%
%
%
8500.0000005%XL
6500.0000005%YL

1961.99988542	52092	27046	
1963.99988285646	52128	27070	
1965.9998852727	52080	27095	
1967.99988270916	52076	27120	
1969.9998851254	52076	27145	
1971.99988256186	52080	27170	
1973.99988497809	52092	27194	
1975.99988241456	52124	27219	
1977.99988483079	52096	27244	
1979.99988226725	52092	27269	
1981.99988468349	52112	27294	
1983.99988211995	52092	27318	
1985.99988453619	52092	27343	
1987.99988197265	52108	27368	
1989.99988438888	52108	27393	
1991.99988182535	52080	27417	
1993.99988424158	52112	27442	
1995.99988167804	52112	27467	
1997.99988409428	52108	27492	
1999.99988153074	52112	27516	
2001.99988394698	52096	27541	
2003.99988138344	52096	27566	
2005.9998788199	52092	27591	
2007.99987625636	52092	27615	
2009.9998786726	52092	27640	
2011.99987610906	52124	27665	
2013.99987852529	52096	27690	
2015.99987596175	52108	27714	
2017.99987837799	52080	27739	
2019.99987581445	52064	27764	
2021.99987823069	52064	27788	
2023.99987566715	52096	27813	
2025.99987808339	52064	27838	
2027.99987551985	52112	27863	
2029.99987793608	52112	27887	
2031.99988035232	52048	27912	
2033.99987778878	52080	27937	
2035.99988020502	52108	27961	
2037.99987764148	52108	27986	
2039.99988005771	52096	28011	
2041.99987749418	52112	28035	
2043.99987991041	52112	28060	
2045.99987734687	52108	28085	
2047.99987976311	52092	28109	
2049.99987719957	52108	28134	
2051.99987961581	52144	28159	
2053.99987705227	52080	28184	
2055.9998794685	52064	28208	
2057.99987690496	52096	28233	
2059.9998793212	52080	28258	
2061.99987675766	52124	28282	
2063.9998791739	52112	28307	
2065.99987661036	52080	28331	
2067.9998790266	52112	28356	
2069.99987646306	52096	28381	
2071.99987887929	52112	28405	
2073.99987631575	52080	28430	
2075.99987873199	52112	28455	
2077.99987616845	52092	28479	
2079.99987858469	52112	28504	
2081.99987602115	52096	28529	
2083.99987843739	52080	28553	
2085.99987587385	52092	28578	
2087.99987829008	52076	28603	
2089.99987074677	52124	28627	
2091.99987316301	52124	28652	
2093.99987059947	52096	28676	
2095.9998730157	52144	28701	
2097.99987543194	52096	28726	
2099.9998728684	52076	28750	
2101.99987528464	52108	28775	
2103.9998727211	52112	28799	
2105.99987513733	52112	28824	
2107.9998725738	52096	28849	
2109.99987499003	52112	28873	
2111.99987242649	52096	28898	
2113.99987484273	52124	28922	
2115.99987227919	52076	28947	
2117.99987469543	52124	28972	
2119.99987213189	52108	28996	
2121.99987454812	52108	29021	
2123.99987198458	52108	29045	
2125.99987440082	52096	29070	
2127.99987183728	52076	29095	
2129.99987425352	52080	29119	
2131.99987168998	52092	29144	
2133.99987410622	52080	29168	
2135.99987154268	52108	29193	
2137.99987395891	52124	29217	
2139.99987139537	52112	29242	
2141.99987381161	52112	29266	
2143.99987124807	52108	29291	
2145.99987366431	52096	29316	
2147.99987110077	52112	29340	
2149.99987351701	52080	29365	
2151.99987095347	52112	29389	
2153.9998733697	52076	29414	
2155.99987080616	52096	29438	
2157.9998732224	52112	29463	
2159.99987065886	52112	29487	
2161.9998730751	52080	29512	
2163.99987549133	52096	29536	
2165.9998729278	52124	29561	
2167.99987534403	52124	29585	
2169.99987278049	52112	29610	
2171.99987519673	52112	29635	
2173.99986765342	52124	29659	
2175.99987006965	52096	29684	
2177.99986750611	52064	29708	
2179.99986992235	52096	29733	
2181.99986735881	52096	29757	
2183.99986977505	52092	29782	
2185.99986721151	52144	29806	
2187.99986962774	52160	29831	
2189.9998670642	52124	29855	
2191.99986948044	52108	29880	
2193.9998669169	52108	29904	
2195.99986933314	52092	29929	
2197.9998667696	52144	29953	
2199.99986918584	52080	29978	
2201.9998666223	52096	30002	
2203.99986903853	52108	30027	
2205.99986647499	52128	30051	
2207.99986889123	52076	30075	
2209.99986632769	52080	30100	
2211.99986874393	52092	30124	
2213.99986618039	52080	30149	
2215.99986859663	52128	30173	
2217.99986603309	52124	30198	
2219.99986844932	52096	30222	
2221.99986588578	52096	30247	
2223.99986830202	52080	30271	
2225.99986573848	52112	30296	
2227.99986815472	52096	30320	
2229.99986559118	52124	30345	
2231.99986800742	52092	30369	
2233.99987042365	52108	30393	
2235.99986786011	52092	30418	
2237.99987027635	52108	30442	
2239.99986771281	52108	30467	
2241.99987012905	52108	30491	
2243.99986756551	52112	30516	
2245.99986998174	52156	30540	
2247.99986741821	52092	30564	
2249.99986983444	52096	30589	
2251.9998672709	52128	30613	
2253.99986968714	52092	30638	
2255.99986214382	52124	30662	
2257.99986456006	52112	30687	
2259.99986199652	52096	30711	
2261.99986441276	52108	30735	
2263.99986184922	52092	30760	
2265.99986426546	52124	30784	
2267.99986170192	52124	30809	
2269.99986411815	52112	30833	
2271.99986155461	52124	30857	
2273.99986397085	52096	30882	
2275.99986140731	52108	30906	
2277.99986382355	52096	30931	
2279.99986126001	52144	30955	
2281.99986367625	52064	30979	
2283.99986111271	52108	31004	
2285.99986352894	52108	31028	
2287.9998609654	52076	31053	
2289.99986338164	52112	31077	
2291.9998608181	52096	31101	
2293.99986323434	52080	31126	
2295.9998606708	52092	31150	
2297.99986308704	52076	31174	
2299.99986550327	52128	31199	
2301.99986293973	52108	31223	
2303.99986535597	52080	31248	
2305.99986279243	52096	31272	
2307.99986520867	52048	31296	
2309.99986264513	52096	31321	
2311.99986506136	52128	31345	
2313.99986249783	52080	31369	
2315.99986491406	52080	31394	
2317.99986235052	52112	31418	
2319.99986476676	52096	31442	
2321.99986220322	52112	31467	
2323.99986461946	52076	31491	
2325.99986205592	52096	31515	
2327.99986447215	52140	31540	
2329.99986190862	52080	31564	
2331.99986432485	52124	31588	
2333.99986176131	52096	31613	
2335.99986417755	52112	31637	
2337.99986161401	52096	31661	
2339.99985905047	52108	31686	
2341.99985648693	52076	31710	
2343.99985890317	52108	31734	
2345.99985633963	52064	31759	
2347.99985875587	52096	31783	
2349.99985619233	52124	31807	
2351.99985860856	52076	31832	
2353.99985604502	52112	31856	
2355.99985846126	52076	31880	
2357.99985589772	52096	31904	
2359.99985831396	52060	31929	
2361.99985575042	52096	31953	
2363.99985816666	52080	31977	
2365.99985560312	52096	32002	
2367.99985801935	52076	32026	
2369.99986043559	52080	32050	
2371.99985787205	52124	32075	
2373.99986028829	52044	32099	
2375.99985772475	52096	32123	
2377.99986014098	52108	32147	
2379.99985757745	52092	32172	
2381.99985999368	52060	32196	
2383.99985743014	52096	32220	
2385.99985984638	52096	32244	
2387.99985728284	52108	32269	
2389.99985969908	52080	32293	
2391.99985713554	52108	32317	
2393.99985955177	52112	32342	
2395.99985698824	52140	32366	
2397.99985940447	52076	32390	
2399.99985684093	52080	32414	
2401.99985925717	52092	32439	
2403.99985669363	52076	32463	
2405.99985910987	52112	32487	
2407.99985654633	52076	32511	
2409.99985896256	52060	32536	
2411.99985639902	52092	32560	
2413.99985881526	52108	32584	
2415.99985625172	52060	32608	
2417.99985866796	52080	32633	
2419.99985610442	52092	32657	
2421.99985852066	52080	32681	
2423.99985097734	52080	32705	
2425.99985339358	52108	32729	
2427.99985083004	52076	32754	
2429.99985324628	52080	32778	
2431.99985068274	52096	32802	
2433.99985309897	52108	32826	
2435.99985551521	52080	32851	
2437.99985295167	52064	32875	
2439.99985536791	52092	32899	
2441.99985280437	52092	32923	
2443.9998552206	52092	32947	
2445.99985265707	52108	32972	
2447.9998550733	52096	32996	
2449.99985250976	52076	33020	
2451.999854926	52108	33044	
2453.99985236246	52076	33068	
2455.9998547787	52080	33093	
2457.99985221516	52080	33117	
2459.99985463139	52124	33141	
2461.99985206786	52108	33165	
2463.99985448409	52096	33189	
2465.99985192055	52080	33214	
2467.99985433679	52092	33238	
2469.99985177325	52076	33262	
2471.99985418949	52112	33286	
2473.99985162595	52092	33310	
2475.99985404218	52080	33335	
2477.99985147864	52096	33359	
2479.99985389488	52128	33383	
2481.99985133134	52092	33407	
2483.99985374758	52112	33431	
2485.99985118404	52108	33455	
2487.99985360028	52048	33480	
2489.99985103674	52096	33504	
2491.99985345297	52112	33528	
2493.99985088943	52096	33552	
2495.99985330567	52080	33576	
2497.99985074213	52092	33600	
2499.99985315837	52076	33625	
2501.99985557461	52076	33649	
2503.99985301107	52080	33673	
2505.9998554273	52080	33697	
2507.99984788399	52112	33721	
2509.99985030022	52108	33745	
2511.99984773669	52096	33769	
2513.99985015292	52108	33794	
2515.99984758938	52060	33818	
2517.99985000562	52092	33842	
2519.99984744208	52124	33866	
2521.99984985832	52080	33890	
2523.99984729478	52048	33914	
2525.99984971101	52092	33938	
2527.99984714748	52092	33963	
2529.99984956371	52064	33987	
2531.99984700017	52092	34011	
2533.99984941641	52108	34035	
2535.99984685287	52096	34059	
2537.99984926911	52124	34083	
2539.99984670557	52080	34107	
2541.9998491218	52080	34131	
2543.99984655826	52092	34156	
2545.9998489745	52140	34180	
2547.99984641096	52092	34204	
2549.9998488272	52108	34228	
2551.99984626366	52080	34252	
2553.9998486799	52128	34276	
2555.99984611636	52096	34300	
2557.99984853259	52092	34324	
2559.99984596905	52076	34348	
2561.99984838529	52076	34372	
2563.99984582175	52112	34397	
2565.99984823799	52092	34421	
2567.99984567445	52128	34445	
2569.99984809069	52080	34469	
2571.99985050692	52096	34493	
2573.99984794338	52064	34517	
2575.99985035962	52064	34541	
2577.99984779608	52080	34565	
2579.99985021232	52076	34589	
2581.99984764878	52112	34613	
2583.99985006501	52080	34637	
2585.99984750148	52092	34661	
2587.99984991771	52080	34686	
2589.9998423744	52064	34710	
2591.99984479063	52060	34734	
2593.9998422271	52064	34758	
2595.99984464333	52092	34782	
2597.99984207979	52080	34806	
2599.99984449603	52124	34830	
2601.99984193249	52060	34854	
2603.99984434873	52096	34878	
2605.99984178519	52092	34902	
2607.99984420142	52076	34926	
2609.99984163788	52096	34950	
2611.99984405412	52096	34974	
2613.99984149058	52076	34998	
2615.99984390682	52096	35022	
2617.99984134328	52112	35046	
2619.99984375952	52076	35070	
2621.99984119598	52092	35094	
2623.99984361221	52108	35118	
2625.99984104867	52124	35143	
2627.99984346491	52108	35167	
2629.99984090137	52060	35191	
2631.99984331761	52096	35215	
2633.99984075407	52108	35239	
2635.99984317031	52048	35263	
2637.99984558654	52108	35287	
2639.999843023	52092	35311	
2641.99984543924	52092	35335	
2643.9998428757	52112	35359	
2645.99984529194	52080	35383	
2647.9998427284	52096	35407	
2649.99984514463	52140	35431	
2651.9998425811	52092	35455	
2653.99984499733	52076	35479	
2655.99984243379	52124	35503	
2657.99984485003	52080	35527	
2659.99984228649	52076	35551	
2661.99984470273	52108	35575	
2663.99984213919	52076	35599	
2665.99984455542	52108	35623	
2667.99984199189	52140	35647	
2669.99984440812	52124	35671	
2671.99984184458	52096	35695	
2673.99983928104	52096	35719	
2675.9998367175	52096	35743	
2677.99983913374	52108	35767	
2679.9998365702	52080	35791	
2681.99983898644	52108	35815	
2683.9998364229	52108	35839	
2685.99983883914	52096	35863	
2687.9998362756	52044	35887	
2689.99983869183	52092	35911	
2691.99983612829	52080	35935	
2693.99983854453	52080	35959	
2695.99983598099	52080	35983	
2697.99983839723	52112	36007	
2699.99983583369	52096	36031	
2701.99983824993	52128	36055	
2703.99983568639	52096	36079	
2705.99983810262	52048	36102	
2707.99984051886	52060	36126	
2709.99983795532	52064	36150	
2711.99984037156	52080	36174	
2713.99983780802	52092	36198	
2715.99984022426	52064	36222	
2717.99983766072	52092	36246	
2719.99984007695	52124	36270	
2721.99983751341	52064	36294	
2723.99983992965	52112	36318	
2725.99983736611	52080	36342	
2727.99983978235	52096	36366	
2729.99983721881	52080	36390	
2731.99983963504	52112	36414	
2733.99983707151	52108	36438	
2735.99983948774	52044	36462	
2737.9998369242	52076	36486	
2739.99983934044	52064	36510	
2741.9998367769	52044	36534	
2743.99983919314	52092	36557	
2745.9998366296	52064	36581	
2747.99983904583	52080	36605	
2749.9998364823	52032	36629	
2751.99983889853	52080	36653	
2753.99983633499	52096	36677	
2755.99983875123	52096	36701	
2757.99983120791	52080	36725	
2759.99983362415	52076	36749	
2761.99983106061	52064	36773	
2763.99983347685	52092	36797	
2765.99983091331	52048	36821	
2767.99983332955	52076	36845	
2769.99983076601	52124	36868	
2771.99983318224	52080	36892	
2773.99983559848	52064	36916	
2775.99983303494	52080	36940	
2777.99983545118	52096	36964	
2779.99983288764	52080	36988	
2781.99983530388	52080	37012	
2783.99983274034	52032	37036	
2785.99983515657	52028	37060	
2787.99983259303	52096	37084	
2789.99983500927	52044	37107	
2791.99983244573	52108	37131	
2793.99983486197	52112	37155	
2795.99983229843	52092	37179	
2797.99983471466	52048	37203	
2799.99983215113	52076	37227	
2801.99983456736	52064	37251	
2803.99983200382	52092	37275	
2805.99983442006	52060	37299	
2807.99983185652	52096	37322	
2809.99983427276	52076	37346	
2811.99983170922	52096	37370	
2813.99983412545	52092	37394	
2815.99983156192	52096	37418	
2817.99983397815	52092	37442	
2819.99983141461	52064	37466	
2821.99983383085	52096	37490	
2823.99983126731	52076	37513	
2825.99983368355	52124	37537	
2827.99983112001	52064	37561	
2829.99983353624	52092	37585	
2831.9998309727	52048	37609	
2833.99983338894	52124	37633	
2835.9998308254	52064	37657	
2837.99983324164	52092	37680	
2839.99983565788	52064	37704	
2841.99982811456	52080	37728	
2843.9998305308	52096	37752	
2845.99982796726	52108	37776	
2847.99983038349	52064	37800	
2849.99982781996	52076	37824	
2851.99983023619	52096	37847	
2853.99982767265	52060	37871	
2855.99983008889	52108	37895	
2857.99982752535	52092	37919	
2859.99982994159	52076	37943	
2861.99982737805	52076	37967	
2863.99982979428	52076	37990	
2865.99982723075	52064	38014	
2867.99982964698	52064	38038	
2869.99982708344	52060	38062	
2871.99982949968	52092	38086	
2873.99982693614	52064	38110	
2875.99982935238	52096	38133	
2877.99982678884	52076	38157	
2879.99982920507	52076	38181	
2881.99982664154	52064	38205	
2883.99982905777	52048	38229	
2885.99982649423	52080	38253	
2887.99982891047	52076	38276	
2889.99982634693	52044	38300	
2891.99982876317	52108	38324	
2893.99982619963	52076	38348	
2895.99982861586	52060	38372	
2897.99982605232	52044	38395	
2899.99982846856	52112	38419	
2901.99982590502	52092	38443	
2903.99982832126	52060	38467	
2905.99982575772	52080	38491	
2907.99982817396	52064	38514	
2909.99983059019	52092	38538	
2911.99982802665	52092	38562	
2913.99983044289	52076	38586	
2915.99982787935	52064	38610	
2917.99983029559	52080	38633	
2919.99982773205	52080	38657	
2921.99983014829	52092	38681	
2923.99982758475	52044	38705	
2925.99982502121	52096	38729	
2927.99982245767	52064	38752	
2929.9998248739	52096	38776	
2931.99982231037	52060	38800	
2933.9998247266	52064	38824	
2935.99982216306	52080	38848	
2937.9998245793	52096	38871	
2939.99982201576	52096	38895	
2941.999824432	52064	38919	
2943.99982186846	52076	38943	
2945.99982428469	52080	38966	
2947.99982172116	52076	38990	
2949.99982413739	52080	39014	
2951.99982157385	52044	39038	
2953.99982399009	52080	39061	
2955.99982142655	52076	39085	
2957.99982384279	52096	39109	
2959.99982127925	52064	39133	
2961.99982369548	52064	39157	
2963.99982113194	52096	39180	
2965.99982354818	52080	39204	
2967.99982098464	52076	39228	
2969.99982340088	52108	39252	
2971.99982083734	52060	39275	
2973.99982325358	52076	39299	
2975.99982566981	52076	39323	
2977.99982310627	52096	39347	
2979.99982552251	52060	39370	
2981.99982295897	52076	39394	
2983.99982537521	52092	39418	
2985.99982281167	52076	39442	
2987.99982522791	52092	39465	
2989.99982266437	52092	39489	
2991.9998250806	52076	39513	
2993.99982251706	52092	39537	
2995.9998249333	52092	39560	
2997.99982236976	52096	39584	
2999.999824786	52080	39608	
3001.99982222246	52060	39631	
3003.99982463869	52092	39655	
3005.99982207516	52108	39679	
3007.99981951162	52108	39703	
3009.99981694808	52080	39726	
3011.99981936431	52092	39750	
3013.99981680078	52080	39774	
3015.99981921701	52048	39798	
3017.99981665347	52076	39821	
3019.99981906971	52064	39845	
3021.99981650617	52076	39869	
3023.99981892241	52060	39892	
3025.99981635887	52080	39916	
3027.9998187751	52064	39940	
3029.99981621156	52108	39964	
3031.9998186278	52076	39987	
3033.99981606426	52076	40011	
3035.9998184805	52064	40035	
3037.99981591696	52092	40058	
3039.9998183332	52048	40082	
3041.99981576966	52060	40106	
3043.99981818589	52096	40130	
3045.99982060213	52064	40153	
3047.99981803859	52060	40177	
3049.99982045483	52076	40201	
3051.99981789129	52080	40224	
3053.99982030753	52064	40248	
3055.99981774399	52064	40272	
3057.99982016022	52076	40295	
3059.99981759668	52096	40319	
3061.99982001292	52060	40343	
3063.99981744938	52092	40366	
3065.99981986562	52076	40390	
3067.99981730208	52076	40414	
3069.99981971831	52076	40438	
3071.99981715478	52048	40461	
3073.99981957101	52076	40485	
3075.99981700747	52060	40509	
3077.99981942371	52064	40532	
3079.99981686017	52080	40556	
3081.99981927641	52076	40580	
3083.99981671287	52092	40603	
3085.9998191291	52064	40627	
3087.99981656557	52080	40651	
3089.9998189818	52092	40674	
3091.99981143849	52048	40698	
3093.99981385472	52092	40722	
3095.99981129118	52064	40745	
3097.99981370742	52060	40769	
3099.99981114388	52096	40793	
3101.99981356012	52076	40816	
3103.99981099658	52076	40840	
3105.99981341282	52096	40864	
3107.99981084928	52096	40887	
3109.99981326551	52092	40911	
3111.99981568175	52076	40935	
3113.99981311821	52096	40958	
3115.99981553445	52064	40982	
3117.99981297091	52080	41006	
3119.99981538715	52080	41029	
3121.99981282361	52048	41053	
3123.99981523984	52032	41077	
3125.9998126763	52076	41100	
3127.99981509254	52096	41124	
3129.999812529	52092	41147	
3131.99981494524	52076	41171	
3133.9998123817	52092	41195	
3135.99981479794	52076	41218	
3137.9998122344	52076	41242	
3139.99981465063	52076	41266	
3141.99981208709	52108	41289	
3143.99981450333	52080	41313	
3145.99981193979	52064	41337	
3147.99981435603	52112	41360	
3149.99981179249	52048	41384	
3151.99981420872	52064	41408	
3153.99981164519	52096	41431	
3155.99981406142	52060	41455	
3157.99981149788	52064	41478	
3159.99981391412	52048	41502	
3161.99981135058	52064	41526	
3163.99981376682	52064	41549	
3165.99981120328	52080	41573	
3167.99981361951	52060	41597	
3169.99981105598	52080	41620	
3171.99981347221	52060	41644	
3173.99981090867	52080	41667	
3175.99980834513	52080	41691	
3177.99981076137	52060	41715	
3179.99980819783	52076	41738	
3181.99981061407	52064	41762	
3183.99980805053	52112	41785	
3185.99981046677	52064	41809	
3187.99980790323	52076	41833	
3189.99981031946	52064	41856	
3191.99980775592	52076	41880	
3193.99981017216	52060	41903	
3195.99980760862	52064	41927	
3197.99981002486	52044	41951	
3199.99980746132	52096	41974	
3201.99980987756	52060	41998	
3203.99980731402	52092	42021	
3205.99980973025	52060	42045	
3207.99980716671	52108	42069	
3209.99980958295	52092	42092	
3211.99980701941	52076	42116	
3213.99980943565	52064	42139	
3215.99980687211	52124	42163	
3217.99980928834	52108	42187	
3219.99980672481	52076	42210	
3221.99980914104	52092	42234	
3223.9998065775	52076	42257	
3225.99980899374	52076	42281	
3227.9998064302	52080	42305	
3229.99980884644	52032	42328	
3231.9998062829	52080	42352	
3233.99980869913	52076	42375	
3235.9998061356	52060	42399	
3237.99980855183	52076	42422	
3239.99980598829	52108	42446	
3241.99980840453	52044	42470	
3243.99980584099	52080	42493	
3245.99980825723	52076	42517	
3247.99981067346	52080	42540	
3249.99980810992	52092	42564	
3251.99981052616	52080	42587	
3253.99980796262	52048	42611	
3255.99981037886	52060	42635	
3257.99980781532	52096	42658	
3259.99980525178	52108	42682	
3261.99980268824	52076	42705	
3263.99980510448	52080	42729	
3265.99980254094	52064	42752	
3267.99980495718	52080	42776	
3269.99980239364	52076	42799	
3271.99980480987	52076	42823	
3273.99980224633	52108	42847	
3275.99980466257	52060	42870	
3277.99980209903	52080	42894	
3279.99980451527	52092	42917	
3281.99980195173	52080	42941	
3283.99980436796	52092	42964	
3285.99980180443	52092	42988	
3287.99980422066	52060	43011	
3289.99980165712	52076	43035	
3291.99980407336	52076	43059	
3293.99980150982	52060	43082	
3295.99980392606	52076	43106	
3297.99980136252	52092	43129	
3299.99980377875	52060	43153	
3301.99980121522	52076	43176	
3303.99980363145	52064	43200	
3305.99980106791	52060	43223	
3307.99980348415	52060	43247	
3309.99980092061	52076	43270	
3311.99980333685	52112	43294	
3313.99980575308	52096	43317	
3315.99980318954	52080	43341	
3317.99980560578	52064	43364	
3319.99980304224	52060	43388	
3321.99980545848	52124	43412	
3323.99980289494	52064	43435	
3325.99980531118	52048	43459	
3327.99980274764	52064	43482	
3329.99980516387	52124	43506	
3331.99980260033	52092	43529	
3333.99980501657	52076	43553	
3335.99980245303	52076	43576	
3337.99980486927	52064	43600	
3339.99980230573	52076	43623	
3341.99979974219	52076	43647	
3343.99979717865	52076	43670	
3345.99979959489	52080	43694	
3347.99979703135	52076	43717	
3349.99979944758	52096	43741	
3351.99979688405	52092	43764	
3353.99979930028	52048	43788	
3355.99979673674	52096	43811	
3357.99979915298	52076	43835	
3359.99979658944	52060	43858	
3361.99979900568	52064	43882	
3363.99979644214	52048	43905	
3365.99979885837	52048	43929	
3367.99979629484	52060	43952	
3369.99979871107	52092	43976	
3371.99979614753	52096	43999	
3373.99979856377	52108	44023	
3375.99979600023	52060	44046	
3377.99979841647	52048	44070	
3379.99979585293	52112	44093	
3381.99979826916	52080	44117	
3383.9998006854	52064	44140	
3385.99979812186	52140	44164	
3387.9998005381	52124	44187	
3389.99979797456	52080	44211	
3391.9998003908	52060	44234	
3393.99979782726	52096	44258	
3395.99980024349	52064	44281	
3397.99979767995	52080	44305	
3399.99980009619	52096	44328	
3401.99979753265	52064	44352	
3403.99979994889	52076	44375	
3405.99979738535	52092	44399	
3407.99979980159	52080	44422	
3409.99979723805	52048	44446	
3411.99979965428	52076	44469	
3413.99979709074	52032	44493	
3415.99979950698	52048	44516	
3417.99979694344	52092	44539	
3419.99979935968	52124	44563	
3421.99979679614	52060	44586	
3423.99979921237	52064	44610	
3425.99979166906	52076	44633	
3427.9997940853	52080	44657	
3429.99979152176	52048	44680	
3431.99979393799	52076	44704	
3433.99979137446	52064	44727	
3435.99979379069	52064	44751	
3437.99979122715	52080	44774	
3439.99979364339	52112	44798	
3441.99979107985	52060	44821	
3443.99979349609	52080	44844	
3445.99979093255	52092	44868	
3447.99979334878	52048	44891	
3449.99979576502	52032	44915	
3451.99979320148	52060	44938	
3453.99979561772	52076	44962	
3455.99979305418	52076	44985	
3457.99979547042	52096	45009	
3459.99979290688	52076	45032	
3461.99979532311	52060	45056	
3463.99979275957	52112	45079	
3465.99979517581	52064	45102	
3467.99979261227	52048	45126	
3469.99979502851	52080	45149	
3471.99979246497	52048	45173	
3473.99979488121	52064	45196	
3475.99979231767	52060	45220	
3477.9997947339	52048	45243	
3479.99979217036	52076	45267	
3481.9997945866	52108	45290	
3483.99979202306	52064	45313	
3485.9997944393	52048	45337	
3487.99979187576	52048	45360	
3489.99979429199	52076	45384	
3491.99979172846	52064	45407	
3493.99979414469	52076	45431	
3495.99979158115	52060	45454	
3497.99979399739	52060	45477	
3499.99979143385	52080	45501	
3501.99979385009	52108	45524	
3503.99979128655	52092	45548	
3505.99979370278	52076	45571	
3507.99979113925	52044	45595	
3509.99978857571	52080	45618	
3511.99978601217	52064	45641	
3513.9997884284	52076	45665	
3515.99979084464	52060	45688	
3517.9997882811	52076	45712	
3519.99979069734	52064	45735	
3521.9997881338	52080	45758	
3523.99979055004	52044	45782	
3525.9997879865	52048	45805	
3527.99979040273	52076	45829	
3529.99978783919	52092	45852	
3531.99979025543	52048	45876	
3533.99978769189	52048	45899	
3535.99979010813	52032	45922	
3537.99978754459	52080	45946	
3539.99978996083	52112	45969	
3541.99978739729	52044	45993	
3543.99978981352	52064	46016	
3545.99978724998	52060	46039	
3547.99978966622	52064	46063	
3549.99978710268	52028	46086	
3551.99978951892	52080	46110	
3553.99978695538	52060	46133	
3555.99978937162	52032	46156	
3557.99978680808	52032	46180	
3559.99978922431	52064	46203	
3561.99978666077	52064	46227	
3563.99978907701	52092	46250	
3565.99978651347	52060	46273	
3567.99978892971	52060	46297	
3569.99978636617	52108	46320	
3571.9997887824	52076	46344	
3573.99978621887	52076	46367	
3575.9997886351	52060	46390	
3577.99978607156	52092	46414	
3579.9997884878	52060	46437	
3581.99978592426	52064	46461	
3583.9997883405	52096	46484	
3585.99979075673	52080	46507	
3587.99978819319	52092	46531	
3589.99979060943	52080	46554	
3591.99978804589	52048	46577	
3593.99978548235	52080	46601	
3595.99978291881	52096	46624	
3597.99978533505	52076	46648	
3599.99978277151	52044	46671	
3601.99978518775	52080	46694	
3603.99978262421	52092	46718	
3605.99978504045	52064	46741	
3607.99978247691	52048	46764	
3609.99978489314	52096	46788	
3611.9997823296	52048	46811	
3613.99978474584	52076	46835	
3615.9997821823	52108	46858	
3617.99978459854	52064	46881	
3619.999782035	52064	46905	
3621.99978445124	52060	46928	
3623.9997818877	52064	46951	
3625.99978430393	52096	46975	
3627.99978174039	52048	46998	
3629.99978415663	52064	47021	
3631.99978159309	52060	47045	
3633.99978400933	52096	47068	
3635.99978144579	52060	47092	
3637.99978386202	52108	47115	
3639.99978129849	52064	47138	
3641.99978371472	52092	47162	
3643.99978115118	52064	47185	
3645.99978356742	52076	47208	
3647.99978100388	52060	47232	
3649.99978342012	52080	47255	
3651.99978583635	52096	47278	
3653.99978327281	52092	47302	
3655.99978568905	52076	47325	
3657.99978312551	52048	47348	
3659.99978554175	52112	47372	
3661.99978297821	52076	47395	
3663.99978539445	52064	47418	
3665.99978283091	52076	47442	
3667.99978524714	52060	47465	
3669.9997826836	52080	47489	
3671.99978509984	52092	47512	
3673.9997825363	52064	47535	
3675.99978495254	52060	47559	
3677.99977740922	52080	47582	
3679.99977982546	52044	47605	
3681.99977726192	52092	47629	
3683.99977967816	52092	47652	
3685.99977711462	52076	47675	
3687.99977953086	52080	47699	
3689.99977696732	52096	47722	
3691.99977938355	52096	47745	
3693.99977682001	52080	47769	
3695.99977923625	52080	47792	
3697.99977667271	52076	47815	
3699.99977908895	52060	47839	
3701.99977652541	52044	47862	
3703.99977894164	52108	47885	
3705.99977637811	52080	47909	
3707.99977879434	52048	47932	
3709.9997762308	52092	47955	
3711.99977864704	52060	47978	
3713.9997760835	52076	48002	
3715.99977849974	52096	48025	
3717.9997759362	52064	48048	
3719.99977835243	52076	48072	
3721.99978076867	52076	48095	
3723.99977820513	52064	48118	
3725.99978062137	52076	48142	
3727.99977805783	52064	48165	
3729.99978047407	52108	48188	
3731.99977791053	52044	48212	
3733.99978032676	52048	48235	
3735.99977776322	52080	48258	
3737.99978017946	52080	48282	
3739.99977761592	52080	48305	
3741.99978003216	52016	48328	
3743.99977746862	52064	48352	
3745.99977988486	52080	48375	
3747.99977732132	52080	48398	
3749.99977973755	52060	48421	
3751.99977717401	52064	48445	
3753.99977959025	52044	48468	
3755.99977702671	52064	48491	
3757.99977944295	52080	48515	
3759.99977189963	52096	48538	
3761.99977431587	52064	48561	
3763.99977175233	52048	48585	
3765.99977416857	52092	48608	
3767.99977160503	52092	48631	
3769.99977402126	52048	48654	
3771.99977145773	52092	48678	
3773.99977387396	52060	48701	
3775.99977131042	52048	48724	
3777.99977372666	52076	48748	
3779.99977116312	52064	48771	
3781.99977357936	52060	48794	
3783.99977101582	52080	48818	
3785.99977343205	52060	48841	
3787.99977584829	52064	48864	
3789.99977328475	52032	48887	
3791.99977570099	52080	48911	
3793.99977313745	52076	48934	
3795.99977555369	52048	48957	
3797.99977299015	52044	48981	
3799.99977540638	52048	49004	
3801.99977284284	52060	49027	
3803.99977525908	52032	49050	
3805.99977269554	52048	49074	
3807.99977511178	52060	49097	
3809.99977254824	52048	49120	
3811.99977496448	52032	49144	
3813.99977240094	52044	49167	
3815.99977481717	52096	49190	
3817.99977225363	52044	49213	
3819.99977466987	52080	49237	
3821.99977210633	52028	49260	
3823.99977452257	52064	49283	
3825.99977195903	52060	49306	
3827.99977437527	52080	49330	
3829.99977181173	52016	49353	
3831.99977422796	52044	49376	
3833.99977166442	52044	49400	
3835.99977408066	52028	49423	
3837.99977151712	52032	49446	
3839.99977393336	52060	49469	
3841.99977136982	52048	49493	
3843.99976880628	52064	49516	
3845.99976624274	52044	49539	
3847.99976865898	52092	49562	
3849.99976609544	52064	49586	
3851.99976851167	52076	49609	
3853.99977092791	52096	49632	
3855.99976836437	51996	49655	
3857.99977078061	52044	49679	
3859.99976821707	52064	49702	
3861.99977063331	52092	49725	
3863.99976806977	52048	49748	
3865.999770486	52048	49772	
3867.99976792246	52076	49795	
3869.9997703387	52044	49818	
3871.99976777516	52060	49841	
3873.9997701914	52032	49865	
3875.99976762786	52092	49888	
3877.9997700441	52000	49911	
3879.99976748056	52092	49934	
3881.99976989679	52080	49958	
3883.99976733325	52012	49981	
3885.99976974949	52044	50004	
3887.99976718595	52064	50027	
3889.99976960219	52044	50051	
3891.99976703865	52060	50074	
3893.99976945489	52080	50097	
3895.99976689135	52064	50120	
3897.99976930758	52060	50144	
3899.99976674404	52048	50167	
3901.99976916028	52064	50190	
3903.99976659674	52076	50213	
3905.99976901298	52060	50237	
3907.99976644944	52048	50260	
3909.99976886567	52060	50283	
3911.99976630214	52028	50306	
3913.99976871837	52076	50330	
3915.99976615483	52028	50353	
3917.99976857107	52012	50376	
3919.99976600753	52048	50399	
3921.99976842377	52048	50423	
3923.99977084	52060	50446	
3925.99976827646	52048	50469	
3927.99976571293	52044	50492	
3929.99976314939	52000	50515	
3931.99976556562	52076	50539	
3933.99976300208	52060	50562	
3935.99976541832	52032	50585	
3937.99976285478	52032	50608	
3939.99976527102	52032	50632	
3943.99976512372	52064	50678	
3945.99976256018	52080	50701	
3947.99976497641	52092	50724	
3949.99976241287	52044	50748	
3951.99976482911	52060	50771	
3953.99976226557	52060	50794	
3955.99976468181	52044	50817	
3957.99976211827	52064	50841	
3959.99976453451	52032	50864	
3961.99976197097	52064	50887	
3963.9997643872	52060	50910	
3965.99976182366	52012	50933	
3967.9997642399	51472	50957	
3969.99976167636	52172	50980	
3971.9997640926	52412	51003	
3973.99976152906	52224	51026	
3975.99976394529	52336	51049	
3977.99976138176	52816	51073	
3979.99976379799	52604	51096	
3981.99976123445	52876	51119	
3983.99976365069	53392	51142	
3985.99976108715	53856	51166	
3987.99976350339	52940	51189	
3989.99976591962	54172	51212	
3991.99976335608	54272	51235	
3993.99976577232	53888	51258	
3995.99976320878	54288	51282	
3997.99976562502	54800	51305	
3999.99976306148	55216	51328	
4001.99976547772	54444	51351	
4003.99976291418	55516	51374	
4005.99976533041	55472	51398	
4007.99976276687	54972	51421	
4009.99976518311	55740	51444	
4007.99976276687	55996	51406	
4005.99976533041	55580	51369	
4003.99976291418	55516	51331	
4001.99976547772	55216	51294	
3999.99976306148	55580	51257	
3997.99976562502	55132	51219	
3995.99976320878	55036	51182	
3993.99976577232	54816	51144	
3991.99976335608	54780	51107	
3989.99976591962	54688	51069	
3987.99976350339	54448	51032	
3985.99976108715	54076	50995	
3983.99976365069	53996	50957	
3981.99976123445	53532	50920	
3979.99976379799	54000	50883	
3977.99976138176	53424	50845	
3975.99976394529	53024	50808	
3973.99976152906	53520	50771	
3971.9997640926	52832	50733	
3969.99976167636	52812	50696	
3967.9997642399	52880	50659	
3965.99976182366	52556	50622	
3963.9997643872	52272	50584	
3961.99976197097	51804	50547	
3959.99976453451	52028	50510	
3957.99976211827	52160	50473	
3955.99976468181	51980	50435	
3953.99976226557	51664	50398	
3951.99976482911	51968	50361	
3949.99976241287	52060	50324	
3947.99976497641	52044	50287	
3945.99976256018	52048	50250	
3943.99976512372	52060	50212	
3941.99976270748	52032	50175	
3939.99976527102	52076	50138	
3937.99976285478	52012	50101	
3935.99976541832	52048	50064	
3933.99976300208	52044	50027	
3931.99976556562	52048	49990	
3929.99976314939	52060	49953	
3927.99976571293	52028	49916	
3925.99976827646	52060	49879	
3923.99977084	52060	49842	
3921.99976842377	52016	49805	
3919.99976600753	52076	49768	
3917.99976857107	52060	49731	
3915.99976615483	52048	49694	
3913.99976871837	52048	49657	
3911.99976630214	52060	49620	
3909.99976886567	52076	49583	
3907.99976644944	52044	49546	
3905.99976901298	52060	49509	
3903.99976659674	52060	49472	
3901.99976916028	52016	49435	
3899.99976674404	52096	49398	
3897.99976930758	52048	49361	
3895.99976689135	52080	49324	
3893.99976945489	52048	49288	
3891.99976703865	52064	49251	
3889.99976960219	52064	49214	
3887.99976718595	52048	49177	
3885.99976974949	52064	49140	
3883.99976733325	52048	49103	
3881.99976989679	52032	49067	
3879.99976748056	52108	49030	
3877.9997700441	52028	48993	
3875.99976762786	52060	48956	
3873.9997701914	52064	48920	
3871.99976777516	52060	48883	
3869.9997703387	52092	48846	
3867.99976792246	52108	48809	
3865.999770486	52048	48773	
3863.99976806977	52092	48736	
3861.99977063331	52060	48699	
3859.99976821707	52044	48663	
3857.99977078061	52076	48626	
3855.99976836437	52064	48589	
3853.99977092791	52092	48553	
3851.99976851167	52080	48516	
3849.99976609544	52076	48479	
3847.99976865898	52048	48443	
3845.99976624274	52076	48406	
3843.99976880628	52044	48369	
3841.99977136982	52076	48333	
3839.99977393336	52060	48296	
3837.99977151712	52032	48260	
3835.99977408066	52092	48223	
3833.99977166442	52064	48187	
3831.99977422796	52060	48150	
3829.99977181173	52016	48114	
3827.99977437527	52064	48077	
3825.99977195903	52048	48041	
3823.99977452257	52064	48004	
3821.99977210633	52060	47968	
3819.99977466987	52080	47931	
3817.99977225363	52032	47895	
3815.99977481717	52060	47858	
3813.99977240094	52048	47822	
3811.99977496448	52064	47785	
3809.99977254824	52048	47749	
3807.99977511178	52064	47713	
3805.99977269554	52044	47676	
3803.99977525908	52080	47640	
3801.99977284284	52092	47603	
3799.99977540638	52064	47567	
3797.99977299015	52048	47531	
3795.99977555369	52096	47494	
3793.99977313745	52032	47458	
3791.99977570099	52076	47422	
3789.99977328475	52048	47385	
3787.99977584829	52076	47349	
3785.99977343205	52092	47313	
3783.99977101582	52048	47276	
3781.99977357936	52076	47240	
3779.99977116312	52092	47204	
3777.99977372666	52076	47168	
3775.99977131042	52092	47131	
3773.99977387396	52060	47095	
3771.99977145773	52076	47059	
3769.99977402126	52076	47023	
3767.99977160503	52076	46986	
3765.99977416857	52096	46950	
3763.99977175233	52076	46914	
3761.99977431587	52108	46878	
3759.99977189963	52060	46842	
3757.99977944295	52048	46806	
3755.99977702671	52080	46769	
3753.99977959025	52048	46733	
3751.99977717401	52016	46697	
3749.99977973755	52080	46661	
3747.99977732132	52060	46625	
3745.99977988486	52064	46589	
3743.99977746862	52044	46553	
3741.99978003216	52080	46517	
3739.99977761592	52048	46481	
3737.99978017946	52064	46445	
3735.99977776322	52064	46409	
3733.99978032676	52060	46372	
3731.99977791053	52044	46336	
3729.99978047407	52048	46300	
3727.99977805783	52060	46264	
3725.99978062137	52064	46228	
3723.99977820513	52108	46192	
3721.99978076867	52044	46156	
3719.99977835243	52080	46120	
3717.9997759362	52076	46085	
3715.99977849974	52096	46049	
3713.9997760835	52124	46013	
3711.99977864704	52076	45977	
3709.9997762308	52076	45941	
3707.99977879434	52076	45905	
3705.99977637811	52076	45869	
3703.99977894164	52076	45833	
3701.99977652541	52080	45797	
3699.99977908895	52076	45761	
3697.99977667271	52076	45725	
3695.99977923625	52108	45690	
3693.99977682001	52124	45654	
3691.99977938355	52044	45618	
3689.99977696732	52124	45582	
3687.99977953086	52080	45546	
3685.99977711462	52092	45510	
3683.99977967816	52108	45475	
3681.99977726192	52076	45439	
3679.99977982546	52076	45403	
3677.99977740922	52064	45367	
3675.99978495254	52064	45332	
3673.9997825363	52076	45296	
3671.99978509984	52048	45260	
3669.9997826836	52080	45224	
3667.99978524714	52080	45189	
3665.99978283091	52048	45153	
3663.99978539445	52092	45117	
3661.99978297821	52060	45081	
3659.99978554175	52076	45046	
3657.99978312551	52124	45010	
3655.99978568905	52096	44974	
3653.99978327281	52076	44939	
3651.99978583635	52080	44903	
3649.99978342012	52064	44868	
3647.99978100388	52080	44832	
3645.99978356742	52124	44796	
3643.99978115118	52048	44761	
3641.99978371472	52060	44725	
3639.99978129849	52048	44689	
3637.99978386202	52016	44654	
3635.99978144579	52096	44618	
3633.99978400933	52108	44583	
3631.99978159309	52108	44547	
3629.99978415663	52108	44512	
3627.99978174039	52080	44476	
3625.99978430393	52076	44441	
3623.9997818877	52076	44405	
3621.99978445124	52064	44370	
3619.999782035	52080	44334	
3617.99978459854	52064	44299	
3615.9997821823	52092	44263	
3613.99978474584	52128	44228	
3611.9997823296	52092	44192	
3609.99978489314	52092	44157	
3607.99978247691	52076	44121	
3605.99978504045	52076	44086	
3603.99978262421	52076	44050	
3601.99978518775	52060	44015	
3599.99978277151	52076	43980	
3597.99978533505	52064	43944	
3595.99978291881	52044	43909	
3593.99978548235	52076	43873	
3591.99978804589	52076	43838	
3589.99979060943	52060	43803	
3587.99978819319	52048	43767	
3585.99979075673	52080	43732	
3583.9997883405	52092	43697	
3581.99978592426	52064	43661	
3579.9997884878	52092	43626	
3577.99978607156	52092	43591	
3575.9997886351	52076	43555	
3573.99978621887	52092	43520	
3571.9997887824	52096	43485	
3569.99978636617	52096	43449	
3567.99978892971	52064	43414	
3565.99978651347	52048	43379	
3563.99978907701	52080	43344	
3561.99978666077	52060	43308	
3559.99978922431	52080	43273	
3557.99978680808	52092	43238	
3555.99978937162	52108	43203	
3553.99978695538	52096	43168	
3551.99978951892	52112	43132	
3549.99978710268	52064	43097	
3547.99978966622	52076	43062	
3545.99978724998	52080	43027	
3543.99978981352	52092	42992	
3541.99978739729	52080	42956	
3539.99978996083	52092	42921	
3537.99978754459	52108	42886	
3535.99979010813	52076	42851	
3533.99978769189	52108	42816	
3531.99979025543	52060	42781	
3529.99978783919	52080	42746	
3527.99979040273	52096	42711	
3525.9997879865	52108	42676	
3523.99979055004	52108	42640	
3521.9997881338	52064	42605	
3519.99979069734	52060	42570	
3517.9997882811	52092	42535	
3515.99979084464	52064	42500	
3513.9997884284	52108	42465	
3511.99978601217	52108	42430	
3509.99978857571	52096	42395	
3507.99979113925	52096	42360	
3505.99979370278	52092	42325	
3503.99979128655	52112	42290	
3501.99979385009	52096	42255	
3499.99979143385	52096	42220	
3497.99979399739	52076	42185	
3495.99979158115	52112	42150	
3493.99979414469	52076	42115	
3491.99979172846	52108	42080	
3489.99979429199	52108	42045	
3487.99979187576	52112	42011	
3485.9997944393	52092	41976	
3483.99979202306	52096	41941	
3481.9997945866	52064	41906	
3479.99979217036	52092	41871	
3477.9997947339	52092	41836	
3475.99979231767	52092	41801	
3473.99979488121	52092	41766	
3471.99979246497	52108	41731	
3469.99979502851	52096	41697	
3467.99979261227	52064	41662	
3465.99979517581	52060	41627	
3463.99979275957	52032	41592	
3461.99979532311	52076	41557	
3459.99979290688	52080	41522	
3457.99979547042	52076	41488	
3455.99979305418	52080	41453	
3453.99979561772	52108	41418	
3451.99979320148	52108	41383	
3449.99979576502	52064	41349	
3447.99979334878	52048	41314	
3445.99979093255	52060	41279	
3443.99979349609	52080	41244	
3441.99979107985	52096	41210	
3439.99979364339	52112	41175	
3437.99979122715	52048	41140	
3435.99979379069	52080	41105	
3433.99979137446	52080	41071	
3431.99979393799	52112	41036	
3429.99979152176	52076	41001	
3427.9997940853	52080	40967	
3425.99979166906	52076	40932	
3423.99979921237	52140	40897	
3421.99979679614	52076	40863	
3419.99979935968	52076	40828	
3417.99979694344	52092	40793	
3415.99979950698	52060	40759	
3413.99979709074	52060	40724	
3411.99979965428	52076	40690	
3409.99979723805	52096	40655	
3407.99979980159	52064	40620	
3405.99979738535	52108	40586	
3403.99979994889	52064	40551	
3401.99979753265	52064	40517	
3399.99980009619	52092	40482	
3397.99979767995	52096	40447	
3395.99980024349	52076	40413	
3393.99979782726	52064	40378	
3391.9998003908	52080	40344	
3389.99979797456	52096	40309	
3387.9998005381	52092	40275	
3385.99979812186	52092	40240	
3383.9998006854	52064	40206	
3381.99979826916	52092	40171	
3379.99979585293	52108	40137	
3377.99979841647	52060	40102	
3375.99979600023	52048	40068	
3373.99979856377	52064	40033	
3371.99979614753	52076	39999	
3369.99979871107	52096	39965	
3367.99979629484	52096	39930	
3365.99979885837	52092	39896	
3363.99979644214	52092	39861	
3361.99979900568	52112	39827	
3359.99979658944	52096	39792	
3357.99979915298	52064	39758	
3355.99979673674	52080	39724	
3353.99979930028	52064	39689	
3351.99979688405	52060	39655	
3349.99979944758	52096	39621	
3347.99979703135	52080	39586	
3345.99979959489	52092	39552	
3343.99979717865	52076	39517	
3341.99979974219	52092	39483	
3339.99980230573	52096	39449	
3337.99980486927	52112	39415	
3335.99980245303	52060	39380	
3333.99980501657	52080	39346	
3331.99980260033	52092	39312	
3329.99980516387	52080	39277	
3327.99980274764	52080	39243	
3325.99980531118	52096	39209	
3323.99980289494	52092	39174	
3321.99980545848	52096	39140	
3319.99980304224	52076	39106	
3317.99980560578	52108	39072	
3315.99980318954	52096	39038	
3313.99980575308	52108	39003	
3311.99980333685	52076	38969	
3309.99980092061	52076	38935	
3307.99980348415	52080	38901	
3305.99980106791	52124	38866	
3303.99980363145	52108	38832	
3301.99980121522	52092	38798	
3299.99980377875	52076	38764	
3297.99980136252	52096	38730	
3295.99980392606	52076	38696	
3293.99980150982	52080	38661	
3291.99980407336	52076	38627	
3289.99980165712	52108	38593	
3287.99980422066	52076	38559	
3285.99980180443	52112	38525	
3283.99980436796	52076	38491	
3281.99980195173	52080	38457	
3279.99980451527	52064	38423	
3277.99980209903	52092	38388	
3275.99980466257	52096	38354	
3273.99980224633	52112	38320	
3271.99980480987	52092	38286	
3269.99980239364	52060	38252	
3267.99980495718	52112	38218	
3265.99980254094	52092	38184	
3263.99980510448	52064	38150	
3261.99980268824	52108	38116	
3259.99980525178	52124	38082	
3257.99980781532	52076	38048	
3255.99981037886	52092	38014	
3253.99980796262	52080	37980	
3251.99981052616	52064	37946	
3249.99980810992	52112	37912	
3247.99981067346	52096	37878	
3245.99980825723	52112	37844	
3243.99980584099	52092	37810	
3241.99980840453	52080	37776	
3239.99980598829	52096	37742	
3237.99980855183	52076	37708	
3235.9998061356	52076	37674	
3233.99980869913	52076	37640	
3231.9998062829	52064	37606	
3229.99980884644	52108	37573	
3227.9998064302	52076	37539	
3225.99980899374	52112	37505	
3223.9998065775	52092	37471	
3221.99980914104	52060	37437	
3219.99980672481	52064	37403	
3217.99980928834	52096	37369	
3215.99980687211	52048	37335	
3213.99980943565	52080	37301	
3211.99980701941	52080	37268	
3209.99980958295	52124	37234	
3207.99980716671	52140	37200	
3205.99980973025	52060	37166	
3203.99980731402	52080	37132	
3201.99980987756	52076	37098	
3199.99980746132	52080	37065	
3197.99981002486	52080	37031	
3195.99980760862	52048	36997	
3193.99981017216	52144	36963	
3191.99980775592	52124	36930	
3189.99981031946	52096	36896	
3187.99980790323	52076	36862	
3185.99981046677	52096	36828	
3183.99980805053	52080	36795	
3181.99981061407	52080	36761	
3179.99980819783	52108	36727	
3177.99981076137	52092	36693	
3175.99980834513	52128	36660	
3173.99981090867	52124	36626	
3171.99981347221	52076	36592	
3169.99981105598	52076	36558	
3167.99981361951	52060	36525	
3165.99981120328	52076	36491	
3163.99981376682	52076	36457	
3161.99981135058	52080	36424	
3159.99981391412	52080	36390	
3157.99981149788	52128	36356	
3155.99981406142	52080	36323	
3153.99981164519	52076	36289	
3151.99981420872	52076	36255	
3149.99981179249	52076	36222	
3147.99981435603	52048	36188	
3145.99981193979	52092	36155	
3143.99981450333	52076	36121	
3141.99981208709	52092	36087	
3139.99981465063	52080	36054	
3137.9998122344	52092	36020	
3135.99981479794	52124	35987	
3133.9998123817	52076	35953	
3131.99981494524	52108	35920	
3129.999812529	52096	35886	
3127.99981509254	52112	35852	
3125.9998126763	52080	35819	
3123.99981523984	52096	35785	
3121.99981282361	52060	35752	
3119.99981538715	52064	35718	
3117.99981297091	52092	35685	
3115.99981553445	52080	35651	
3113.99981311821	52096	35618	
3111.99981568175	52108	35584	
3109.99981326551	52096	35551	
3107.99981084928	52060	35517	
3105.99981341282	52096	35484	
3103.99981099658	52080	35450	
3101.99981356012	52064	35417	
3099.99981114388	52064	35383	
3097.99981370742	52140	35350	
3095.99981129118	52076	35317	
3093.99981385472	52092	35283	
3091.99981143849	52080	35250	
3089.9998189818	52124	35216	
3087.99981656557	52064	35183	
3085.9998191291	52096	35149	
3083.99981671287	52076	35116	
3081.99981927641	52092	35083	
3079.99981686017	52128	35049	
3077.99981942371	52108	35016	
3075.99981700747	52092	34982	
3073.99981957101	52092	34949	
3071.99981715478	52092	34916	
3069.99981971831	52092	34882	
3067.99981730208	52076	34849	
3065.99981986562	52076	34816	
3063.99981744938	52108	34782	
3061.99982001292	52108	34749	
3059.99981759668	52112	34716	
3057.99982016022	52096	34682	
3055.99981774399	52092	34649	
3053.99982030753	52092	34616	
3051.99981789129	52080	34582	
3049.99982045483	52080	34549	
3047.99981803859	52108	34516	
3045.99982060213	52092	34483	
3043.99981818589	52108	34449	
3041.99981576966	52144	34416	
3039.9998183332	52076	34383	
3037.99981591696	52080	34350	
3035.9998184805	52080	34316	
3033.99981606426	52128	34283	
3031.9998186278	52108	34250	
3029.99981621156	52108	34217	
3027.9998187751	52096	34183	
3025.99981635887	52092	34150	
3023.99981892241	52124	34117	
3021.99981650617	52096	34084	
3019.99981906971	52064	34051	
3017.99981665347	52048	34018	
3015.99981921701	52108	33984	
3013.99981680078	52124	33951	
3011.99981936431	52096	33918	
3009.99981694808	52108	33885	
3007.99981951162	52064	33852	
3005.99982207516	52124	33819	
3003.99982463869	52124	33785	
3001.99982222246	52076	33752	
2999.999824786	52096	33719	
2997.99982236976	52080	33686	
2995.9998249333	52060	33653	
2993.99982251706	52092	33620	
2991.9998250806	52108	33587	
2989.99982266437	52092	33554	
2987.99982522791	52092	33521	
2985.99982281167	52108	33488	
2983.99982537521	52124	33455	
2981.99982295897	52092	33422	
2979.99982552251	52048	33389	
2977.99982310627	52076	33356	
2975.99982566981	52092	33324	
2973.99982325358	52108	33291	
2971.99982083734	52096	33258	
2969.99982340088	52060	33225	
2967.99982098464	52096	33192	
2965.99982354818	52080	33160	
2963.99982113194	52080	33127	
2961.99982369548	52060	33094	
2959.99982127925	52092	33062	
2957.99982384279	52080	33029	
2955.99982142655	52096	32996	
2953.99982399009	52076	32964	
2951.99982157385	52092	32931	
2949.99982413739	52080	32899	
2947.99982172116	52128	32866	
2945.99982428469	52092	32834	
2943.99982186846	52080	32801	
2941.999824432	52076	32769	
2939.99982201576	52096	32736	
2937.9998245793	52092	32704	
2935.99982216306	52108	32671	
2933.9998247266	52124	32639	
2931.99982231037	52108	32607	
2929.9998248739	52060	32574	
2927.99982245767	52112	32542	
2925.99982502121	52048	32510	
2923.99982758475	52092	32477	
2921.99983014829	52076	32445	
2919.99982773205	52092	32413	
2917.99983029559	52076	32381	
2915.99982787935	52092	32349	
2913.99983044289	52096	32316	
2911.99982802665	52112	32284	
2909.99983059019	52128	32252	
2907.99982817396	52144	32220	
2905.99982575772	52092	32188	
2903.99982832126	52080	32156	
2901.99982590502	52080	32124	
2899.99982846856	52096	32092	
2897.99982605232	52080	32060	
2895.99982861586	52064	32028	
2893.99982619963	52092	31996	
2891.99982876317	52096	31964	
2889.99982634693	52092	31932	
2887.99982891047	52108	31900	
2885.99982649423	52124	31868	
2883.99982905777	52096	31836	
2881.99982664154	52096	31804	
2879.99982920507	52096	31773	
2877.99982678884	52124	31741	
2875.99982935238	52096	31709	
2873.99982693614	52060	31677	
2871.99982949968	52080	31645	
2869.99982708344	52076	31614	
2867.99982964698	52064	31582	
2865.99982723075	52108	31550	
2863.99982979428	52080	31519	
2861.99982737805	52128	31487	
2859.99982994159	52108	31455	
2857.99982752535	52080	31424	
2855.99983008889	52096	31392	
2853.99982767265	52080	31360	
2851.99983023619	52108	31329	
2849.99982781996	52076	31297	
2847.99983038349	52076	31266	
2845.99982796726	52092	31234	
2843.9998305308	52080	31203	
2841.99982811456	52080	31171	
2839.99983565788	52096	31140	
2837.99983324164	52064	31108	
2835.9998308254	52076	31077	
2833.99983338894	52080	31046	
2831.9998309727	52092	31014	
2829.99983353624	52064	30983	
2827.99983112001	52064	30951	
2825.99983368355	52092	30920	
2823.99983126731	52092	30889	
2821.99983383085	52048	30857	
2819.99983141461	52092	30826	
2817.99983397815	52080	30795	
2815.99983156192	52112	30764	
2813.99983412545	52112	30732	
2811.99983170922	52128	30701	
2809.99983427276	52108	30670	
2807.99983185652	52064	30639	
2805.99983442006	52076	30608	
2803.99983200382	52076	30577	
2801.99983456736	52080	30545	
2799.99983215113	52064	30514	
2797.99983471466	52048	30483	
2795.99983229843	52124	30452	
2793.99983486197	52108	30421	
2791.99983244573	52064	30390	
2789.99983500927	52076	30359	
2787.99983259303	52060	30328	
2785.99983515657	52064	30297	
2783.99983274034	52092	30266	
2781.99983530388	52112	30235	
2779.99983288764	52060	30204	
2777.99983545118	52076	30173	
2775.99983303494	52112	30142	
2773.99983559848	52080	30111	
2771.99983318224	52092	30080	
2769.99983076601	52076	30050	
2767.99983332955	52048	30019	
2765.99983091331	52092	29988	
2763.99983347685	52080	29957	
2761.99983106061	52076	29926	
2759.99983362415	52096	29896	
2757.99983120791	52096	29865	
2755.99983875123	52076	29834	
2753.99983633499	52064	29803	
2751.99983889853	52092	29773	
2749.9998364823	52092	29742	
2747.99983904583	52092	29711	
2745.9998366296	52108	29681	
2743.99983919314	52060	29650	
2741.9998367769	52096	29619	
2739.99983934044	52096	29589	
2737.9998369242	52080	29558	
2735.99983948774	52092	29527	
2733.99983707151	52092	29497	
2731.99983963504	52140	29466	
2729.99983721881	52108	29436	
2727.99983978235	52112	29405	
2725.99983736611	52128	29375	
2723.99983992965	52140	29344	
2721.99983751341	52112	29314	
2719.99984007695	52080	29283	
2717.99983766072	52112	29253	
2715.99984022426	52112	29222	
2713.99983780802	52092	29192	
2711.99984037156	52076	29162	
2709.99983795532	52108	29131	
2707.99984051886	52096	29101	
2705.99983810262	52092	29070	
2703.99983568639	52108	29040	
2701.99983824993	52112	29010	
2699.99983583369	52112	28979	
2697.99983839723	52076	28949	
2695.99983598099	52124	28919	
2693.99983854453	52092	28888	
2691.99983612829	52108	28858	
2689.99983869183	52092	28828	
2687.9998362756	52108	28798	
2685.99983883914	52096	28768	
2683.9998364229	52096	28737	
2681.99983898644	52096	28707	
2679.9998365702	52080	28677	
2677.99983913374	52092	28647	
2675.9998367175	52080	28617	
2673.99983928104	52096	28586	
2671.99984184458	52080	28556	
2669.99984440812	52096	28526	
2667.99984199189	52096	28496	
2665.99984455542	52112	28466	
2663.99984213919	52096	28436	
2661.99984470273	52128	28406	
2659.99984228649	52108	28376	
2657.99984485003	52096	28346	
2655.99984243379	52092	28316	
2653.99984499733	52092	28286	
2651.9998425811	52140	28256	
2649.99984514463	52124	28226	
2647.9998427284	52080	28196	
2645.99984529194	52080	28166	
2643.9998428757	52092	28136	
2641.99984543924	52108	28106	
2639.999843023	52080	28076	
2637.99984558654	52112	28046	
2635.99984317031	52096	28017	
2633.99984075407	52124	27987	
2631.99984331761	52108	27957	
2629.99984090137	52108	27927	
2627.99984346491	52080	27897	
2625.99984104867	52096	27867	
2623.99984361221	52064	27838	
2621.99984119598	52112	27808	
2619.99984375952	52108	27778	
2617.99984134328	52112	27748	
2615.99984390682	52112	27719	
2613.99984149058	52080	27689	
2611.99984405412	52124	27659	
2609.99984163788	52112	27629	
2607.99984420142	52108	27600	
2605.99984178519	52112	27570	
2603.99984434873	52096	27540	
2601.99984193249	52080	27511	
2599.99984449603	52096	27481	
2597.99984207979	52076	27451	
2595.99984464333	52092	27422	
2593.9998422271	52080	27392	
2591.99984479063	52112	27363	
2589.9998423744	52112	27333	
2587.99984991771	52096	27304	
2585.99984750148	52076	27274	
2583.99985006501	52080	27244	
2581.99984764878	52076	27215	
2579.99985021232	52096	27185	
2577.99984779608	52092	27156	
2575.99985035962	52060	27126	
2573.99984794338	52076	27097	
2571.99985050692	52108	27068	
2569.99984809069	52112	27038	
2567.99984567445	52112	27009	
2565.99984823799	52092	26979	
2563.99984582175	52108	26950	
2561.99984838529	52144	26920	
2559.99984596905	52112	26891	
2557.99984853259	52108	26862	
2555.99984611636	52080	26832	
2553.9998486799	52124	26803	
2551.99984626366	52108	26774	
2549.9998488272	52080	26744	
2547.99984641096	52096	26715	
2545.9998489745	52096	26686	
2543.99984655826	52096	26656	
2541.9998491218	52128	26627	
2539.99984670557	52096	26598	
2537.99984926911	52108	26569	
2535.99984685287	52144	26539	
2533.99984941641	52108	26510	
2531.99984700017	52092	26481	
2529.99984956371	52128	26452	
2527.99984714748	52108	26422	
2525.99984971101	52076	26393	
2523.99984729478	52096	26364	
2521.99984985832	52112	26335	
2519.99984744208	52096	26306	
2517.99985000562	52092	26277	
2515.99984758938	52124	26247	
2513.99985015292	52128	26218	
2511.99984773669	52112	26189	
2509.99985030022	52124	26160	
2507.99984788399	52108	26131	
2505.9998554273	52112	26102	
2503.99985301107	52092	26073	
2501.99985557461	52124	26044	
2499.99985315837	52128	26015	
2497.99985074213	52108	25986	
2495.99985330567	52112	25957	
2493.99985088943	52156	25928	
2491.99985345297	52108	25899	
2489.99985103674	52092	25870	
2487.99985360028	52124	25841	
2485.99985118404	52128	25812	
2483.99985374758	52096	25783	
2481.99985133134	52112	25754	
2479.99985389488	52144	25725	
2477.99985147864	52124	25696	
2475.99985404218	52108	25667	
2473.99985162595	52108	25638	
2471.99985418949	52124	25609	
2469.99985177325	52092	25581	
2467.99985433679	52080	25552	
2465.99985192055	52108	25523	
2463.99985448409	52064	25494	
2461.99985206786	52092	25465	
2459.99985463139	52112	25436	
2457.99985221516	52108	25408	
2455.9998547787	52128	25379	
2453.99985236246	52140	25350	
2451.999854926	52108	25321	
2449.99985250976	52096	25292	
2447.9998550733	52080	25264	
2445.99985265707	52096	25235	
2443.9998552206	52076	25206	
2441.99985280437	52096	25178	
2439.99985536791	52080	25149	
2437.99985295167	52080	25120	
2435.99985551521	52128	25091	
2433.99985309897	52096	25063	
2431.99985068274	52128	25034	
2429.99985324628	52096	25005	
2427.99985083004	52140	24977	
2425.99985339358	52076	24948	
2423.99985097734	52108	24919	
2421.99985852066	52080	24891	
2419.99985610442	52092	24862	
2417.99985866796	52124	24834	
2415.99985625172	52124	24805	
2413.99985881526	52112	24776	
2411.99985639902	52108	24748	
2409.99985896256	52060	24719	
2407.99985654633	52140	24691	
2405.99985910987	52160	24662	
2403.99985669363	52112	24634	
2401.99985925717	52144	24605	
2399.99985684093	52124	24577	
2397.99985940447	52112	24548	
2395.99985698824	52112	24520	
2393.99985955177	52092	24491	
2391.99985713554	52112	24463	
2389.99985969908	52108	24434	
2387.99985728284	52112	24406	
2385.99985984638	52112	24377	
2383.99985743014	52140	24349	
2381.99985999368	52124	24321	
2379.99985757745	52096	24292	
2377.99986014098	52128	24264	
2375.99985772475	52080	24235	
2373.99986028829	52096	24207	
2371.99985787205	52128	24179	
2369.99986043559	52096	24150	
2367.99985801935	52112	24122	
2365.99985560312	52112	24094	
2363.99985816666	52160	24065	
2361.99985575042	52092	24037	
2359.99985831396	52108	24009	
2357.99985589772	52112	23980	
2355.99985846126	52092	23952	
2353.99985604502	52096	23924	
2351.99985860856	52092	23895	
2349.99985619233	52092	23867	
2347.99985875587	52144	23839	
2345.99985633963	52112	23811	
2343.99985890317	52144	23782	
2341.99985648693	52140	23754	
2339.99985905047	52112	23726	
2337.99986161401	52124	23698	
2335.99986417755	52144	23670	
2333.99986176131	52140	23641	
2331.99986432485	52144	23613	
2329.99986190862	52092	23585	
2327.99986447215	52128	23557	
2325.99986205592	52092	23529	
2323.99986461946	52080	23501	
2321.99986220322	52096	23472	
2319.99986476676	52128	23444	
2317.99986235052	52128	23416	
2315.99986491406	52108	23388	
2313.99986249783	52108	23360	
2311.99986506136	52080	23332	
2309.99986264513	52080	23304	
2307.99986520867	52092	23276	
2305.99986279243	52108	23248	
2303.99986535597	52096	23220	
2301.99986293973	52092	23191	
2299.99986550327	52108	23163	
2297.99986308704	52112	23135	
2295.9998606708	52128	23107	
2293.99986323434	52092	23079	
2291.9998608181	52096	23051	
2289.99986338164	52048	23023	
2287.9998609654	52112	22995	
2285.99986352894	52156	22967	
2283.99986111271	52124	22939	
2281.99986367625	52156	22912	
2279.99986126001	52124	22884	
2277.99986382355	52092	22856	
2275.99986140731	52080	22828	
2273.99986397085	52124	22800	
2271.99986155461	52096	22772	
2269.99986411815	52080	22744	
2267.99986170192	52092	22716	
2265.99986426546	52112	22688	
2263.99986184922	52108	22660	
2261.99986441276	52112	22632	
2259.99986199652	52060	22605	
2257.99986456006	52064	22577	
2255.99986214382	52112	22549	
2253.99986968714	52124	22521	
2251.9998672709	52096	22493	
2249.99986983444	52144	22465	
2247.99986741821	52108	22438	
2245.99986998174	52112	22410	
2243.99986756551	52096	22382	
2241.99987012905	52108	22354	
2239.99986771281	52108	22326	
2237.99987027635	52108	22299	
2235.99986786011	52096	22271	
2233.99987042365	52092	22243	
2231.99986800742	52096	22215	
2229.99986559118	52112	22188	
2227.99986815472	52112	22160	
2225.99986573848	52096	22132	
2223.99986830202	52124	22104	
2221.99986588578	52112	22077	
2219.99986844932	52096	22049	
2217.99986603309	52092	22021	
2215.99986859663	52076	21994	
2213.99986618039	52124	21966	
2211.99986874393	52140	21938	
2209.99986632769	52076	21911	
2207.99986889123	52096	21883	
2205.99986647499	52108	21855	
2203.99986903853	52124	21828	
2201.9998666223	52096	21800	
2199.99986918584	52096	21772	
2197.9998667696	52092	21745	
2195.99986933314	52108	21717	
2193.9998669169	52128	21690	
2191.99986948044	52112	21662	
2189.9998670642	52112	21634	
2187.99986962774	52128	21607	
2185.99986721151	52160	21579	
2183.99986977505	52140	21552	
2181.99986735881	52156	21524	
2179.99986992235	52096	21497	
2177.99986750611	52124	21469	
2175.99987006965	52124	21442	
2173.99986765342	52124	21414	
2171.99987519673	52140	21387	
2169.99987278049	52108	21359	
2167.99987534403	52156	21332	
2165.9998729278	52108	21304	
2163.99987549133	52112	21277	
2161.9998730751	52128	21249	
2159.99987065886	52160	21222	
2157.9998732224	52112	21194	
2155.99987080616	52092	21167	
2153.9998733697	52108	21139	
2151.99987095347	52124	21112	
2149.99987351701	52108	21085	
2147.99987110077	52112	21057	
2145.99987366431	52124	21030	
2143.99987124807	52124	21002	
2141.99987381161	52112	20975	
2139.99987139537	52108	20948	
2137.99987395891	52140	20920	
2135.99987154268	52108	20893	
2133.99987410622	52140	20865	
2131.99987168998	52112	20838	
2129.99987425352	52108	20811	
2127.99987183728	52140	20783	
2125.99987440082	52140	20756	
2123.99987198458	52140	20729	
2121.99987454812	52108	20701	
2119.99987213189	52092	20674	
2117.99987469543	52080	20647	
2115.99987227919	52112	20619	
2113.99987484273	52128	20592	
2111.99987242649	52108	20565	
2109.99987499003	52128	20538	
2107.9998725738	52112	20510	
2105.99987513733	52144	20483	
2103.9998727211	52096	20456	
2101.99987528464	52140	20429	
2099.9998728684	52140	20401	
2097.99987543194	52108	20374	
2095.9998730157	52156	20347	
2093.99987059947	52156	20320	
2091.99987316301	52124	20292	
2089.99987074677	52112	20265	
2087.99987829008	52128	20238	
2085.99987587385	52092	20211	
2083.99987843739	52140	20184	
2081.99987602115	52144	20156	
2079.99987858469	52128	20129	
2077.99987616845	52128	20102	
2075.99987873199	52144	20075	
2073.99987631575	52108	20048	
2071.99987887929	52124	20021	
2069.99987646306	52124	19994	
2067.9998790266	52128	19966	
2065.99987661036	52144	19939	
2063.9998791739	52112	19912	
2061.99987675766	52128	19885	
2059.9998793212	52156	19858	
2057.99987690496	52128	19831	
2055.9998794685	52160	19804	
2053.99987705227	52092	19777	
2051.99987961581	52108	19750	
2049.99987719957	52160	19723	
2047.99987976311	52156	19696	
2045.99987734687	52108	19668	
2043.99987991041	52108	19641	
2041.99987749418	52140	19614	
2039.99988005771	52112	19587	
2037.99987764148	52124	19560	
2035.99988020502	52112	19533	
2033.99987778878	52108	19506	
2031.99988035232	52128	19479	
2029.99987793608	52124	19452	
2027.99987551985	52140	19425	
2025.99987808339	52112	19398	
2023.99987566715	52124	19371	
2021.99987823069	52080	19344	
2019.99987581445	52144	19317	
2017.99987837799	52144	19290	
2015.99987596175	52124	19264	
2013.99987852529	52124	19237	
2011.99987610906	52156	19210	
2009.9998786726	52124	19183	
2007.99987625636	52064	19156	
2005.9998788199	52112	19129	
2003.99988138344	52144	19102	
2001.99988394698	52140	19075	
1999.99988153074	52128	19048	
1997.99988409428	52128	19021	
1995.99988167804	52124	18994	
1993.99988424158	52124	18967	
1991.99988182535	52112	18941	
1989.99988438888	52128	18914	
1987.99988197265	52128	18887	
1985.99988453619	52108	18860	
1983.99988211995	52124	18833	
1981.99988468349	52144	18806	
1979.99988226725	52124	18780	
1977.99988483079	52108	18753	
1975.99988241456	52124	18726	
1973.99988497809	52156	18699	
1971.99988256186	52156	18672	
1969.9998851254	52172	18645	
1967.99988270916	52128	18619	
1965.9998852727	52140	18592	
