Graphite%SampleName
Probe8%ProbeName
20000%MaxDepth
1%step_size_nm
40%StiffnessPRC_nN_per_nm
76.9866%PRC_ADCValue_per_nm
2500%TriggerForce_nN
5000%LoopDelay_uS
2048%NumberOfSamplingPoints
%
%
%
%
%
%
%
%
%
%
%
8500.0000005%XL
6500.0000005%YL

2594.99984094533	52144	34769	
2595.99984464333	52144	34781	
2596.99984336156	52172	34793	
2597.99984207979	52124	34805	
2598.99984079802	52140	34817	
2599.99984449603	52124	34829	
2600.99984321426	52128	34841	
2601.99984193249	52128	34853	
2602.99984065072	52128	34865	
2603.99984434873	52124	34877	
2604.99984306696	52112	34889	
2605.99984178519	52092	34901	
2606.99984548319	52112	34913	
2607.99984420142	52128	34925	
2608.99984291965	52124	34937	
2609.99984163788	52144	34949	
2610.99984533589	52124	34961	
2611.99984405412	52112	34973	
2612.99984277235	52156	34985	
2613.99984149058	52128	34998	
2614.99984518859	52140	35010	
2615.99984390682	52128	35022	
2616.99984262505	52156	35034	
2617.99984134328	52172	35046	
2618.99984504129	52112	35058	
2619.99984375952	52128	35070	
2620.99984247775	52156	35082	
2621.99984119598	52156	35094	
2622.99984489398	52156	35106	
2623.99984361221	52124	35118	
2624.99984233044	52144	35130	
2625.99984104867	52124	35142	
2626.99984474668	52140	35154	
2627.99984346491	52140	35166	
2628.99984218314	52128	35178	
2629.99984090137	52108	35190	
2630.99984459938	52144	35202	
2631.99984331761	52140	35214	
2632.99984203584	52172	35226	
2633.99984075407	52124	35238	
2634.99984445208	52140	35250	
2635.99984317031	52128	35262	
2636.99984188854	52128	35274	
2637.99984558654	52128	35286	
2638.99984430477	52160	35298	
2639.999843023	52140	35310	
2640.99984174123	52112	35322	
2641.99984543924	52144	35334	
2642.99984415747	52096	35346	
2643.9998428757	52128	35358	
2644.99984159393	52144	35370	
2645.99984529194	52124	35382	
2646.99984401017	52108	35394	
2647.9998427284	52128	35406	
2648.99984144663	52128	35418	
2649.99984514463	52172	35430	
2650.99984386287	52156	35442	
2651.9998425811	52108	35454	
2652.99984129933	52172	35466	
2653.99984499733	52112	35478	
2654.99984371556	52128	35490	
2655.99984243379	52156	35502	
2656.99984115202	52140	35514	
2657.99984485003	52140	35526	
2658.99984356826	52156	35538	
2659.99984228649	52144	35550	
2660.99984100472	52144	35562	
2661.99984470273	52140	35574	
2662.99984342096	52128	35586	
2663.99984213919	52112	35598	
2664.99984085742	52124	35610	
2665.99984455542	52140	35622	
2666.99984327366	52156	35634	
2667.99984199189	52124	35646	
2668.99984071012	52176	35658	
2669.99984440812	52144	35670	
2670.99984312635	52144	35682	
2671.99984184458	52124	35694	
2672.99984554259	52140	35706	
2673.99983928104	52128	35718	
2674.99983799927	52124	35730	
2675.9998367175	52156	35742	
2676.99984041551	52144	35754	
2677.99983913374	52096	35766	
2678.99983785197	52156	35778	
2679.9998365702	52108	35790	
2680.99984026821	52128	35802	
2681.99983898644	52128	35814	
2682.99983770467	52112	35826	
2683.9998364229	52112	35838	
2684.99984012091	52124	35850	
2685.99983883914	52144	35862	
2686.99983755737	52108	35874	
2687.9998362756	52188	35886	
2688.9998399736	52156	35898	
2689.99983869183	52124	35910	
2690.99983741006	52124	35922	
2691.99983612829	52112	35934	
2692.9998398263	52140	35946	
2693.99983854453	52128	35958	
2694.99983726276	52144	35970	
2695.99983598099	52156	35982	
2696.999839679	52156	35994	
2697.99983839723	52144	36006	
2698.99983711546	52112	36018	
2699.99983583369	52144	36030	
2700.9998395317	52108	36042	
2701.99983824993	52108	36054	
2702.99983696816	52124	36066	
2703.99983568639	52112	36078	
2704.99983938439	52140	36090	
2705.99983810262	52112	36102	
2706.99983682085	52160	36114	
2707.99984051886	52108	36126	
2708.99983923709	52128	36138	
2709.99983795532	52108	36150	
2710.99983667355	52112	36162	
2711.99984037156	52092	36174	
2712.99983908979	52124	36186	
2713.99983780802	52096	36198	
2714.99983652625	52096	36210	
2715.99984022426	52140	36222	
2716.99983894249	52124	36234	
2717.99983766072	52096	36246	
2718.99983637895	52156	36257	
2719.99984007695	52144	36269	
2720.99983879518	52108	36281	
2721.99983751341	52108	36293	
2722.99983623164	52112	36305	
2723.99983992965	52156	36317	
2724.99983864788	52128	36329	
2725.99983736611	52108	36341	
2726.99983608434	52144	36353	
2727.99983978235	52112	36365	
2728.99983850058	52112	36377	
2729.99983721881	52128	36389	
2730.99983593704	52064	36401	
2731.99983963504	52124	36413	
2732.99983835328	52128	36425	
2733.99983707151	52108	36437	
2734.99983578974	52128	36449	
2735.99983948774	52108	36461	
2736.99983820597	52140	36473	
2737.9998369242	52144	36485	
2738.99984062221	52128	36497	
2739.99983934044	52140	36509	
2740.99983805867	52124	36521	
2741.9998367769	52128	36533	
2742.99984047491	52124	36545	
2743.99983919314	52124	36557	
2744.99983791137	52112	36569	
2745.9998366296	52140	36581	
2746.9998403276	52156	36593	
2747.99983904583	52144	36605	
2748.99983776407	52128	36617	
2749.9998364823	52140	36629	
2750.9998401803	52124	36641	
2751.99983889853	52128	36652	
2752.99983761676	52108	36664	
2753.99983633499	52140	36676	
2754.999840033	52156	36688	
2755.99983875123	52124	36700	
2756.99983746946	52092	36712	
2757.99983120791	52112	36724	
2758.99983490592	52112	36736	
2759.99983362415	52112	36748	
2760.99983234238	52140	36760	
2761.99983106061	52172	36772	
2762.99983475862	52108	36784	
2763.99983347685	52172	36796	
2764.99983219508	52124	36808	
2765.99983091331	52124	36820	
2766.99983461132	52128	36832	
2767.99983332955	52092	36844	
2768.99983204778	52140	36856	
2769.99983076601	52128	36868	
2770.99983446401	52128	36880	
2771.99983318224	52124	36892	
2772.99983190047	52124	36904	
2773.99983559848	52112	36916	
2774.99983431671	52112	36928	
2775.99983303494	52112	36939	
2776.99983175317	52156	36951	
2777.99983545118	52128	36963	
2778.99983416941	52128	36975	
2779.99983288764	52124	36987	
2780.99983160587	52128	36999	
2781.99983530388	52144	37011	
2782.99983402211	52176	37023	
2783.99983274034	52144	37035	
2784.99983145857	52096	37047	
2785.99983515657	52188	37059	
2786.9998338748	52092	37071	
2787.99983259303	52172	37083	
2788.99983131126	52156	37095	
2789.99983500927	52124	37107	
2790.9998337275	52128	37119	
2791.99983244573	52156	37131	
2792.99983116396	52176	37143	
2793.99983486197	52128	37155	
2794.9998335802	52160	37167	
2795.99983229843	52140	37178	
2796.99983101666	52128	37190	
2797.99983471466	52140	37202	
2798.9998334329	52108	37214	
2799.99983215113	52124	37226	
2800.99983086936	52140	37238	
2801.99983456736	52112	37250	
2802.99983328559	52144	37262	
2803.99983200382	52128	37274	
2804.99983072205	52144	37286	
2805.99983442006	52140	37298	
2806.99983313829	52112	37310	
2807.99983185652	52128	37322	
2808.99983555453	52128	37334	
2809.99983427276	52156	37346	
2810.99983299099	52124	37358	
2811.99983170922	52140	37370	
2812.99983540722	52156	37381	
2813.99983412545	52092	37393	
2814.99983284369	52124	37405	
2815.99983156192	52112	37417	
2816.99983525992	52124	37429	
2817.99983397815	52108	37441	
2818.99983269638	52140	37453	
2819.99983141461	52156	37465	
2820.99983511262	52080	37477	
2821.99983383085	52128	37489	
2822.99983254908	52156	37501	
2823.99983126731	52144	37513	
2824.99983496532	52144	37525	
2825.99983368355	52124	37537	
2826.99983240178	52124	37549	
2827.99983112001	52112	37560	
2828.99983481801	52096	37572	
2829.99983353624	52112	37584	
2830.99983225447	52140	37596	
2831.9998309727	52112	37608	
2832.99983467071	52128	37620	
2833.99983338894	52112	37632	
2834.99983210717	52108	37644	
2835.9998308254	52140	37656	
2836.99983452341	52112	37668	
2837.99983324164	52160	37680	
2838.99983195987	52140	37692	
2839.99983565788	52156	37704	
2840.99982939633	52128	37716	
2841.99982811456	52140	37727	
2842.99982683279	52128	37739	
2843.9998305308	52092	37751	
2844.99982924903	52096	37763	
2845.99982796726	52080	37775	
2846.99982668549	52156	37787	
2847.99983038349	52112	37799	
2848.99982910173	52124	37811	
2849.99982781996	52144	37823	
2850.99982653819	52128	37835	
2851.99983023619	52128	37847	
2852.99982895442	52124	37859	
2853.99982767265	52128	37871	
2854.99982639088	52108	37882	
2855.99983008889	52108	37894	
2856.99982880712	52140	37906	
2857.99982752535	52128	37918	
2858.99982624358	52140	37930	
2859.99982994159	52096	37942	
2860.99982865982	52092	37954	
2861.99982737805	52128	37966	
2862.99982609628	52092	37978	
2863.99982979428	52108	37990	
2864.99982851251	52124	38002	
2865.99982723075	52128	38014	
2866.99982594898	52156	38026	
2867.99982964698	52128	38037	
2868.99982836521	52128	38049	
2869.99982708344	52124	38061	
2870.99982580167	52144	38073	
2871.99982949968	52112	38085	
2872.99982821791	52144	38097	
2873.99982693614	52112	38109	
2874.99983063415	52124	38121	
2875.99982935238	52144	38133	
2876.99982807061	52140	38145	
2877.99982678884	52140	38157	
2878.99983048684	52188	38168	
2879.99982920507	52124	38180	
2880.9998279233	52096	38192	
2881.99982664154	52124	38204	
2882.99983033954	52140	38216	
2883.99982905777	52128	38228	
2884.999827776	52128	38240	
2885.99982649423	52124	38252	
2886.99983019224	52112	38264	
2887.99982891047	52092	38276	
2888.9998276287	52128	38288	
2889.99982634693	52124	38299	
2890.99983004494	52124	38311	
2891.99982876317	52128	38323	
2892.9998274814	52112	38335	
2893.99982619963	52124	38347	
2894.99982989763	52140	38359	
2895.99982861586	52124	38371	
2896.99982733409	52124	38383	
2897.99982605232	52144	38395	
2898.99982975033	52124	38407	
2899.99982846856	52144	38419	
2900.99982718679	52124	38430	
2901.99982590502	52080	38442	
2902.99982960303	52124	38454	
2903.99982832126	52156	38466	
2904.99982703949	52108	38478	
2905.99982575772	52124	38490	
2906.99982945573	52128	38502	
2907.99982817396	52128	38514	
2908.99982689219	52112	38526	
2909.99983059019	52112	38538	
2910.99982930842	52108	38549	
2911.99982802665	52124	38561	
2912.99982674488	52128	38573	
2913.99983044289	52124	38585	
2914.99982916112	52064	38597	
2915.99982787935	52108	38609	
2916.99982659758	52112	38621	
2917.99983029559	52108	38633	
2918.99982901382	52108	38645	
2919.99982773205	52112	38657	
2920.99982645028	52112	38668	
2921.99983014829	52112	38680	
2922.99982886652	52124	38692	
2923.99982758475	52128	38704	
2924.9998213232	52144	38716	
2925.99982502121	52124	38728	
2926.99982373944	52144	38740	
2927.99982245767	52124	38752	
2928.9998211759	52108	38764	
2929.9998248739	52092	38775	
2930.99982359213	52080	38787	
2931.99982231037	52112	38799	
2932.9998210286	52108	38811	
2933.9998247266	52124	38823	
2934.99982344483	52112	38835	
2935.99982216306	52160	38847	
2936.99982088129	52128	38859	
2937.9998245793	52112	38871	
2938.99982329753	52124	38883	
2939.99982201576	52144	38894	
2940.99982073399	52112	38906	
2941.999824432	52096	38918	
2942.99982315023	52092	38930	
2943.99982186846	52160	38942	
2944.99982556646	52096	38954	
2945.99982428469	52128	38966	
2946.99982300292	52108	38978	
2947.99982172116	52140	38990	
2948.99982541916	52124	39001	
2949.99982413739	52096	39013	
2950.99982285562	52112	39025	
2951.99982157385	52108	39037	
2952.99982527186	52144	39049	
2953.99982399009	52128	39061	
2954.99982270832	52140	39073	
2955.99982142655	52124	39085	
2956.99982512456	52156	39096	
2957.99982384279	52156	39108	
2958.99982256102	52124	39120	
2959.99982127925	52140	39132	
2960.99982497725	52124	39144	
2961.99982369548	52128	39156	
2962.99982241371	52160	39168	
2963.99982113194	52124	39180	
2964.99982482995	52128	39192	
2965.99982354818	52108	39203	
2966.99982226641	52124	39215	
2967.99982098464	52124	39227	
2968.99982468265	52112	39239	
2969.99982340088	52128	39251	
2970.99982211911	52112	39263	
2971.99982083734	52108	39275	
2972.99982453535	52092	39287	
2973.99982325358	52124	39298	
2974.99982197181	52128	39310	
2975.99982566981	52144	39322	
2976.99982438804	52108	39334	
2977.99982310627	52124	39346	
2978.9998218245	52112	39358	
2979.99982552251	52140	39370	
2980.99982424074	52160	39382	
2981.99982295897	52124	39393	
2982.9998216772	52128	39405	
2983.99982537521	52156	39417	
2984.99982409344	52112	39429	
2985.99982281167	52156	39441	
2986.9998215299	52108	39453	
2987.99982522791	52140	39465	
2988.99982394614	52096	39477	
2989.99982266437	52156	39488	
2990.9998213826	52096	39500	
2991.9998250806	52096	39512	
2992.99982379883	52144	39524	
2993.99982251706	52128	39536	
2994.99982123529	52108	39548	
2995.9998249333	52140	39560	
2996.99982365153	52144	39571	
2997.99982236976	52092	39583	
2998.99982108799	52092	39595	
2999.999824786	52140	39607	
3000.99982350423	52144	39619	
3001.99982222246	52112	39631	
3002.99982094069	52144	39643	
3003.99982463869	52140	39655	
3004.99982335693	52124	39666	
3005.99982207516	52128	39678	
3006.99982079339	52096	39690	
3007.99981951162	52108	39702	
3008.99981822985	52112	39714	
3009.99981694808	52128	39726	
3010.99982064608	52108	39738	
3011.99981936431	52108	39749	
3012.99981808254	52112	39761	
3013.99981680078	52108	39773	
3014.99982049878	52140	39785	
3015.99981921701	52124	39797	
3016.99981793524	52128	39809	
3017.99981665347	52112	39821	
3018.99982035148	52140	39832	
3019.99981906971	52128	39844	
3020.99981778794	52112	39856	
3021.99981650617	52172	39868	
3022.99982020418	52128	39880	
3023.99981892241	52076	39892	
3024.99981764064	52112	39904	
3025.99981635887	52096	39915	
3026.99982005687	52124	39927	
3027.9998187751	52112	39939	
3028.99981749333	52128	39951	
3029.99981621156	52156	39963	
3030.99981990957	52140	39975	
3031.9998186278	52124	39987	
3032.99981734603	52108	39998	
3033.99981606426	52124	40010	
3034.99981976227	52112	40022	
3035.9998184805	52172	40034	
3036.99981719873	52076	40046	
3037.99981591696	52128	40058	
3038.99981961497	52112	40070	
3040.99981705143	52172	40093	
3041.99981576966	52112	40105	
3042.99981946766	52124	40117	
3043.99981818589	52112	40129	
3044.99981690412	52156	40141	
3045.99982060213	52128	40153	
3046.99981932036	52092	40164	
3047.99981803859	52156	40176	
3048.99981675682	52096	40188	
3049.99982045483	52144	40200	
3050.99981917306	52128	40212	
3051.99981789129	52160	40224	
3052.99981660952	52112	40236	
3053.99982030753	52092	40247	
3054.99981902576	52128	40259	
3055.99981774399	52128	40271	
3056.99981646222	52112	40283	
3057.99982016022	52124	40295	
3058.99981887845	52140	40307	
3059.99981759668	52128	40318	
3060.99981631491	52144	40330	
3061.99982001292	52140	40342	
3062.99981873115	52108	40354	
3063.99981744938	52128	40366	
3064.99981616761	52092	40378	
3065.99981986562	52108	40390	
3066.99981858385	52144	40401	
3067.99981730208	52108	40413	
3068.99981602031	52124	40425	
3069.99981971831	52096	40437	
3070.99981843655	52112	40449	
3071.99981715478	52108	40461	
3072.99981587301	52108	40472	
3073.99981957101	52124	40484	
3074.99981828924	52108	40496	
3075.99981700747	52112	40508	
3076.99982070548	52096	40520	
3077.99981942371	52108	40532	
3078.99981814194	52156	40543	
3079.99981686017	52124	40555	
3080.99982055818	52092	40567	
3081.99981927641	52108	40579	
3082.99981799464	52096	40591	
3083.99981671287	52140	40603	
3084.99982041087	52160	40615	
3085.9998191291	52156	40626	
3086.99981784734	52096	40638	
3087.99981656557	52140	40650	
3088.99982026357	52096	40662	
3089.9998189818	52124	40674	
3090.99981770003	52108	40686	
3091.99981143849	52144	40697	
3092.99981513649	52140	40709	
3093.99981385472	52112	40721	
3094.99981257295	52108	40733	
3095.99981129118	52140	40745	
3096.99981498919	52112	40757	
3097.99981370742	52128	40768	
3098.99981242565	52108	40780	
3099.99981114388	52092	40792	
3100.99981484189	52096	40804	
3101.99981356012	52128	40816	
3102.99981227835	52096	40828	
3103.99981099658	52080	40839	
3104.99981469459	52128	40851	
3105.99981341282	52112	40863	
3106.99981213105	52092	40875	
3107.99981084928	52112	40887	
3108.99981454728	52128	40899	
3109.99981326551	52092	40910	
3110.99981198374	52108	40922	
3111.99981568175	52108	40934	
3112.99981439998	52096	40946	
3113.99981311821	52080	40958	
3114.99981183644	52096	40969	
3115.99981553445	52112	40981	
3116.99981425268	52156	40993	
3117.99981297091	52156	41005	
3118.99981168914	52108	41017	
3119.99981538715	52108	41029	
3120.99981410538	52096	41040	
3121.99981282361	52108	41052	
3122.99981154184	52140	41064	
3123.99981523984	52124	41076	
3124.99981395807	52140	41088	
3125.9998126763	52140	41100	
3126.99981139453	52124	41111	
3127.99981509254	52108	41123	
3128.99981381077	52124	41135	
3129.999812529	52108	41147	
3130.99981124723	52128	41159	
3131.99981494524	52108	41170	
3132.99981366347	52080	41182	
3133.9998123817	52128	41194	
3134.99981109993	52124	41206	
3135.99981479794	52124	41218	
3136.99981351617	52140	41230	
3137.9998122344	52144	41241	
3138.99981095263	52112	41253	
3139.99981465063	52124	41265	
3140.99981336886	52092	41277	
3141.99981208709	52108	41289	
3142.99981080532	52128	41301	
3143.99981450333	52124	41312	
3144.99981322156	52128	41324	
3145.99981193979	52156	41336	
3146.9998156378	52096	41348	
3147.99981435603	52128	41360	
3148.99981307426	52124	41371	
3149.99981179249	52096	41383	
3150.99981549049	52124	41395	
3151.99981420872	52140	41407	
3152.99981292696	52108	41419	
3153.99981164519	52108	41430	
3154.99981534319	52156	41442	
3155.99981406142	52124	41454	
3156.99981277965	52140	41466	
3157.99981149788	52124	41478	
3158.99981519589	52128	41490	
3159.99981391412	52108	41501	
3160.99981263235	52076	41513	
3161.99981135058	52124	41525	
3162.99981504859	52112	41537	
3163.99981376682	52124	41549	
3164.99981248505	52128	41560	
3165.99981120328	52124	41572	
3166.99981490128	52092	41584	
3167.99981361951	52128	41596	
3168.99981233775	52080	41608	
3169.99981105598	52124	41619	
3170.99981475398	52144	41631	
3171.99981347221	52108	41643	
3172.99981219044	52112	41655	
3173.99981090867	52156	41667	
3174.9998096269	52140	41679	
3175.99980834513	52096	41690	
3176.99980706336	52124	41702	
3177.99981076137	52096	41714	
3178.9998094796	52112	41726	
3179.99980819783	52124	41738	
3180.99980691606	52144	41749	
3181.99981061407	52092	41761	
3182.9998093323	52140	41773	
3183.99980805053	52140	41785	
3184.99980676876	52092	41797	
3185.99981046677	52092	41808	
3186.999809185	52124	41820	
3187.99980790323	52112	41832	
3188.99980662146	52112	41844	
3189.99981031946	52128	41856	
3190.99980903769	52124	41867	
3191.99980775592	52112	41879	
3192.99980647415	52176	41891	
3193.99981017216	52112	41903	
3194.99980889039	52108	41915	
3195.99980760862	52128	41926	
3196.99980632685	52128	41938	
3197.99981002486	52128	41950	
3198.99980874309	52092	41962	
3199.99980746132	52124	41974	
3200.99980617955	52112	41985	
3201.99980987756	52112	41997	
3202.99980859579	52128	42009	
3203.99980731402	52096	42021	
3204.99980603225	52124	42033	
3205.99980973025	52112	42044	
3206.99980844848	52128	42056	
3207.99980716671	52124	42068	
3208.99980588494	52144	42080	
3209.99980958295	52092	42092	
3210.99980830118	52096	42103	
3211.99980701941	52128	42115	
3212.99981071742	52128	42127	
3213.99980943565	52096	42139	
3214.99980815388	52112	42151	
3215.99980687211	52096	42162	
3216.99981057011	52092	42174	
3217.99980928834	52124	42186	
3218.99980800658	52124	42198	
3219.99980672481	52124	42210	
3220.99981042281	52144	42221	
3221.99980914104	52124	42233	
3222.99980785927	52128	42245	
3223.9998065775	52124	42257	
3224.99981027551	52112	42269	
3225.99980899374	52096	42280	
3226.99980771197	52096	42292	
3227.9998064302	52140	42304	
3228.99981012821	52140	42316	
3229.99980884644	52108	42327	
3230.99980756467	52124	42339	
3231.9998062829	52128	42351	
3232.9998099809	52140	42363	
3233.99980869913	52108	42375	
3234.99980741737	52112	42386	
3235.9998061356	52092	42398	
3236.9998098336	52128	42410	
3237.99980855183	52112	42422	
3238.99980727006	52128	42434	
3239.99980598829	52080	42445	
3240.9998096863	52112	42457	
3241.99980840453	52124	42469	
3242.99980712276	52124	42481	
3243.99980584099	52112	42493	
3244.999809539	52124	42504	
3245.99980825723	52140	42516	
3246.99980697546	52112	42528	
3247.99981067346	52092	42540	
3248.99980939169	52112	42551	
3249.99980810992	52160	42563	
3250.99980682815	52156	42575	
3251.99981052616	52080	42587	
3252.99980924439	52096	42599	
3253.99980796262	52096	42610	
3254.99980668085	52112	42622	
3255.99981037886	52112	42634	
3256.99980909709	52112	42646	
3257.99980781532	52108	42658	
3258.99980155377	52112	42669	
3259.99980525178	52108	42681	
3260.99980397001	52172	42693	
3261.99980268824	52124	42705	
3262.99980140647	52108	42716	
3263.99980510448	52092	42728	
3264.99980382271	52128	42740	
3265.99980254094	52096	42752	
3266.99980125917	52092	42764	
3267.99980495718	52096	42775	
3268.99980367541	52112	42787	
3269.99980239364	52128	42799	
3270.99980111187	52112	42811	
3271.99980480987	52096	42822	
3272.9998035281	52108	42834	
3273.99980224633	52124	42846	
3274.99980096456	52128	42858	
3275.99980466257	52144	42870	
3276.9998033808	52124	42881	
3277.99980209903	52144	42893	
3278.99980081726	52092	42905	
3279.99980451527	52144	42917	
3280.9998032335	52140	42928	
3281.99980195173	52096	42940	
3282.99980564973	52128	42952	
3283.99980436796	52140	42964	
3284.99980308619	52108	42976	
3285.99980180443	52096	42987	
3286.99980550243	52124	42999	
3287.99980422066	52108	43011	
3288.99980293889	52092	43023	
3289.99980165712	52124	43034	
3290.99980535513	52176	43046	
3291.99980407336	52112	43058	
3292.99980279159	52140	43070	
3293.99980150982	52124	43081	
3294.99980520783	52144	43093	
3295.99980392606	52096	43105	
3296.99980264429	52124	43117	
3297.99980136252	52144	43129	
3298.99980506052	52128	43140	
3299.99980377875	52096	43152	
3300.99980249698	52112	43164	
3301.99980121522	52124	43176	
3302.99980491322	52096	43187	
3303.99980363145	52080	43199	
3304.99980234968	52092	43211	
3305.99980106791	52128	43223	
3306.99980476592	52124	43234	
3307.99980348415	52112	43246	
3308.99980220238	52112	43258	
3309.99980092061	52128	43270	
3310.99980461862	52112	43282	
3311.99980333685	52128	43293	
3312.99980205508	52108	43305	
3313.99980575308	52124	43317	
3314.99980447131	52112	43329	
3315.99980318954	52096	43340	
3316.99980190777	52112	43352	
3317.99980560578	52112	43364	
3318.99980432401	52096	43376	
3319.99980304224	52108	43387	
3320.99980176047	52156	43399	
3321.99980545848	52112	43411	
3322.99980417671	52080	43423	
3323.99980289494	52092	43434	
3324.99980161317	52080	43446	
3325.99980531118	52124	43458	
3326.99980402941	52140	43470	
3327.99980274764	52092	43482	
3328.99980146587	52096	43493	
3329.99980516387	52140	43505	
3330.9998038821	52112	43517	
3331.99980260033	52128	43529	
3332.99980131856	52124	43540	
3333.99980501657	52124	43552	
3334.9998037348	52112	43564	
3335.99980245303	52144	43576	
3336.99980117126	52128	43587	
3337.99980486927	52108	43599	
3338.9998035875	52128	43611	
3339.99980230573	52112	43623	
3340.99980102396	52076	43634	
3341.99979974219	52112	43646	
3342.99979846042	52080	43658	
3343.99979717865	52140	43670	
3344.99979589688	52124	43681	
3345.99979959489	52108	43693	
3346.99979831312	52096	43705	
3347.99979703135	52096	43717	
3348.99980072935	52140	43728	
3349.99979944758	52096	43740	
3350.99979816581	52096	43752	
3351.99979688405	52108	43764	
3352.99980058205	52060	43775	
3353.99979930028	52080	43787	
3354.99979801851	52124	43799	
3355.99979673674	52076	43811	
3356.99980043475	52096	43822	
3357.99979915298	52080	43834	
3358.99979787121	52112	43846	
3359.99979658944	52112	43858	
3360.99980028745	52092	43869	
3361.99979900568	52124	43881	
3362.99979772391	52076	43893	
3363.99979644214	52108	43905	
3364.99980014014	52124	43916	
3365.99979885837	52124	43928	
3366.9997975766	52096	43940	
3367.99979629484	52108	43952	
3368.99979999284	52108	43963	
3369.99979871107	52092	43975	
3370.9997974293	52096	43987	
3371.99979614753	52124	43999	
3372.99979984554	52124	44010	
3373.99979856377	52128	44022	
3374.999797282	52108	44034	
3375.99979600023	52156	44046	
3376.99979969824	52128	44057	
3377.99979841647	52108	44069	
3378.9997971347	52112	44081	
3379.99979585293	52096	44093	
3380.99979955093	52124	44104	
3381.99979826916	52076	44116	
3382.99979698739	52128	44128	
3383.9998006854	52096	44140	
3384.99979940363	52108	44151	
3385.99979812186	52080	44163	
3386.99979684009	52108	44175	
3387.9998005381	52092	44187	
3388.99979925633	52092	44198	
3389.99979797456	52092	44210	
3390.99979669279	52124	44222	
3391.9998003908	52112	44234	
3392.99979910903	52112	44245	
3393.99979782726	52096	44257	
3394.99979654549	52092	44269	
3395.99980024349	52124	44281	
3396.99979896172	52092	44292	
3397.99979767995	52112	44304	
3398.99979639818	52076	44316	
3399.99980009619	52044	44328	
3400.99979881442	52096	44339	
3401.99979753265	52112	44351	
3402.99979625088	52080	44363	
3403.99979994889	52080	44375	
3404.99979866712	52080	44386	
3405.99979738535	52092	44398	
3406.99979610358	52096	44410	
3407.99979980159	52092	44421	
3408.99979851982	52124	44433	
3409.99979723805	52112	44445	
3410.99979595628	52092	44457	
3411.99979965428	52108	44468	
3412.99979837251	52124	44480	
3413.99979709074	52108	44492	
3414.99980078875	52096	44504	
3415.99979950698	52092	44515	
3416.99979822521	52076	44527	
3417.99979694344	52124	44539	
3418.99980064145	52124	44551	
3419.99979935968	52096	44562	
3420.99979807791	52128	44574	
3421.99979679614	52108	44586	
3422.99980049414	52080	44598	
3423.99979921237	52144	44609	
3424.99979793061	52140	44621	
3425.99979166906	52096	44633	
3426.99979536707	52076	44644	
3427.9997940853	52124	44656	
3428.99979280353	52112	44668	
3429.99979152176	52108	44680	
3430.99979521976	52112	44691	
3431.99979393799	52128	44703	
3432.99979265622	52096	44715	
3433.99979137446	52096	44727	
3434.99979507246	52124	44738	
3435.99979379069	52080	44750	
3436.99979250892	52080	44762	
3437.99979122715	52076	44774	
3438.99979492516	52076	44785	
3439.99979364339	52096	44797	
3440.99979236162	52144	44809	
3441.99979107985	52080	44820	
3442.99979477786	52092	44832	
3443.99979349609	52096	44844	
3444.99979221432	52112	44856	
3445.99979093255	52092	44867	
3446.99979463055	52108	44879	
3447.99979334878	52096	44891	
3448.99979206701	52124	44903	
3449.99979576502	52112	44914	
3450.99979448325	52156	44926	
3451.99979320148	52124	44938	
3452.99979191971	52112	44949	
3453.99979561772	52108	44961	
3454.99979433595	52108	44973	
3455.99979305418	52108	44985	
3456.99979177241	52140	44996	
3457.99979547042	52108	45008	
3458.99979418865	52092	45020	
3459.99979290688	52124	45032	
3460.99979162511	52096	45043	
3461.99979532311	52096	45055	
3462.99979404134	52080	45067	
3463.99979275957	52060	45078	
3464.9997914778	52108	45090	
3465.99979517581	52064	45102	
3466.99979389404	52080	45114	
3467.99979261227	52092	45125	
3468.9997913305	52112	45137	
3469.99979502851	52092	45149	
3470.99979374674	52092	45160	
3471.99979246497	52112	45172	
3472.9997911832	52080	45184	
3473.99979488121	52080	45196	
3474.99979359944	52092	45207	
3475.99979231767	52108	45219	
3476.9997910359	52124	45231	
3477.9997947339	52064	45243	
3478.99979345213	52092	45254	
3479.99979217036	52124	45266	
3480.99979088859	52096	45278	
3481.9997945866	52108	45289	
3482.99979330483	52076	45301	
3483.99979202306	52080	45313	
3484.99979572107	52112	45325	
3485.9997944393	52080	45336	
3486.99979315753	52060	45348	
3487.99979187576	52128	45360	
3488.99979557376	52112	45371	
3489.99979429199	52112	45383	
3490.99979301023	52108	45395	
3491.99979172846	52096	45407	
3492.99979542646	52112	45418	
3493.99979414469	52140	45430	
3494.99979286292	52076	45442	
3495.99979158115	52108	45453	
3496.99979527916	52092	45465	
3497.99979399739	52080	45477	
3498.99979271562	52108	45489	
3499.99979143385	52076	45500	
3500.99979513186	52124	45512	
3501.99979385009	52108	45524	
3502.99979256832	52124	45535	
3503.99979128655	52080	45547	
3504.99979498455	52064	45559	
3505.99979370278	52092	45571	
3506.99979242102	52108	45582	
3507.99979113925	52128	45594	
3508.99978985748	52080	45606	
3509.99978857571	52076	45617	
3510.99978729394	52092	45629	
3511.99978601217	52092	45641	
3512.99978971017	52128	45653	
3513.9997884284	52112	45664	
3514.99978714663	52076	45676	
3515.99979084464	52092	45688	
3516.99978956287	52112	45699	
3517.9997882811	52112	45711	
3518.99978699933	52108	45723	
3519.99979069734	52108	45735	
3520.99978941557	52092	45746	
3521.9997881338	52096	45758	
3522.99978685203	52096	45770	
3523.99979055004	52112	45781	
3524.99978926827	52096	45793	
3525.9997879865	52108	45805	
3526.99978670473	52096	45816	
3527.99979040273	52112	45828	
3528.99978912096	52108	45840	
3529.99978783919	52096	45852	
3530.99978655742	52112	45863	
3531.99979025543	52080	45875	
3532.99978897366	52108	45887	
3533.99978769189	52108	45898	
3534.99978641012	52092	45910	
3535.99979010813	52108	45922	
3536.99978882636	52080	45934	
3537.99978754459	52124	45945	
3538.99978626282	52048	45957	
3539.99978996083	52096	45969	
3540.99978867906	52080	45980	
3541.99978739729	52080	45992	
3542.99978611552	52092	46004	
3543.99978981352	52096	46015	
3544.99978853175	52092	46027	
3545.99978724998	52128	46039	
3546.99978596821	52096	46051	
3547.99978966622	52080	46062	
3548.99978838445	52076	46074	
3549.99978710268	52080	46086	
3550.99979080069	52096	46097	
3551.99978951892	52096	46109	
3552.99978823715	52092	46121	
3553.99978695538	52092	46132	
3554.99979065338	52112	46144	
3555.99978937162	52144	46156	
3556.99978808985	52080	46168	
3557.99978680808	52092	46179	
3558.99979050608	51680	46191	
3559.99978922431	51616	46203	
3560.99978794254	51776	46214	
3561.99978666077	51532	46226	
3562.99979035878	51980	46238	
3563.99978907701	51792	46249	
3564.99978779524	51520	46261	
3565.99978651347	52656	46273	
3566.99979021148	52412	46285	
3567.99978892971	51872	46296	
3568.99978764794	51980	46308	
3569.99978636617	52636	46320	
3570.99979006417	52268	46331	
3571.9997887824	52380	46343	
3572.99978750064	52812	46355	
3573.99978621887	53184	46366	
3574.99978991687	52256	46378	
3575.9997886351	52748	46390	
3576.99978735333	53196	46401	
3577.99978607156	53344	46413	
3578.99978976957	52640	46425	
3579.9997884878	53648	46437	
3580.99978720603	53504	46448	
3581.99978592426	52992	46460	
3582.99978962227	53504	46472	
3583.9997883405	53756	46483	
3584.99978705873	53616	46495	
3585.99979075673	53628	46507	
3586.99978947496	53964	46518	
3587.99978819319	54048	46530	
3588.99978691143	53724	46542	
3589.99979060943	54048	46553	
3590.99978932766	54576	46565	
3591.99978804589	54480	46577	
3592.99978178435	53916	46589	
3593.99978548235	54624	46600	
3594.99978420058	55004	46612	
3595.99978291881	54416	46624	
3596.99978163704	54672	46635	
3597.99978533505	55360	46647	
3598.99978405328	54940	46659	
3599.99978277151	55180	46670	
3600.99978148974	55376	46682	
3601.99978518775	55232	46694	
3602.99978390598	54956	46705	
3603.99978262421	55712	46717	
3604.99978134244	55836	46729	
3605.99978504045	55184	46741	
3606.99978375868	55420	46752	
3607.99978247691	56380	46764	
3608.99978119514	56016	46776	
3609.99978489314	55312	46787	
3610.99978361137	56096	46799	
3611.9997823296	56508	46811	
3612.99978104783	55852	46822	
3613.99978474584	56288	46834	
3614.99978346407	56668	46846	
3615.9997821823	56588	46857	
3616.99978090053	56268	46869	
3617.99978459854	56604	46881	
3618.99978331677	57036	46892	
3617.99978459854	56768	46874	
3616.99978090053	56652	46855	
3615.9997821823	57020	46836	
3614.99978346407	56720	46818	
3613.99978474584	56384	46799	
3612.99978104783	56412	46780	
3611.9997823296	56732	46762	
3610.99978361137	56828	46743	
3609.99978489314	55916	46724	
3608.99978119514	56256	46706	
3607.99978247691	56236	46687	
3606.99978375868	56288	46668	
3605.99978504045	55932	46650	
3604.99978134244	55980	46631	
3603.99978262421	55996	46612	
3602.99978390598	55856	46594	
3601.99978518775	55808	46575	
3600.99978148974	55772	46556	
3599.99978277151	55568	46538	
3598.99978405328	55356	46519	
3597.99978533505	55436	46500	
3596.99978163704	55260	46482	
3595.99978291881	55100	46463	
3594.99978420058	55532	46445	
3593.99978548235	55120	46426	
3592.99978178435	54908	46407	
3591.99978804589	55040	46389	
3590.99978932766	55324	46370	
3589.99979060943	54256	46352	
3588.99978691143	54668	46333	
3587.99978819319	54384	46314	
3586.99978947496	54828	46296	
3585.99979075673	54224	46277	
3584.99978705873	54432	46258	
3583.9997883405	54316	46240	
3582.99978962227	54160	46221	
3581.99978592426	54144	46203	
3580.99978720603	54208	46184	
3579.9997884878	53724	46166	
3578.99978976957	54048	46147	
3577.99978607156	53680	46128	
3576.99978735333	53356	46110	
3575.9997886351	53580	46091	
3574.99978991687	53468	46073	
3573.99978621887	53520	46054	
3572.99978750064	53324	46036	
3571.9997887824	52992	46017	
3570.99979006417	53260	45998	
3569.99978636617	53452	45980	
3568.99978764794	52752	45961	
3567.99978892971	52960	45943	
3566.99979021148	53164	45924	
3565.99978651347	52672	45906	
3564.99978779524	52444	45887	
3563.99978907701	52732	45869	
3562.99979035878	52832	45850	
3561.99978666077	52080	45832	
3560.99978794254	52028	45813	
3559.99978922431	52720	45794	
3558.99979050608	51868	45776	
3557.99978680808	51776	45757	
3556.99978808985	51964	45739	
3555.99978937162	52192	45720	
3554.99979065338	51452	45702	
3553.99978695538	51740	45683	
3552.99978823715	51616	45665	
3551.99978951892	51772	45646	
3550.99979080069	51884	45628	
3549.99978710268	51696	45609	
3548.99978838445	51836	45591	
3547.99978966622	52012	45572	
3546.99978596821	51968	45554	
3545.99978724998	52000	45535	
3544.99978853175	52096	45517	
3543.99978981352	52124	45498	
3542.99978611552	52080	45480	
3541.99978739729	52096	45461	
3540.99978867906	52080	45443	
3539.99978996083	52140	45424	
3538.99978626282	52124	45406	
3537.99978754459	52096	45388	
3536.99978882636	52092	45369	
3535.99979010813	52144	45351	
3534.99978641012	52080	45332	
3533.99978769189	52092	45314	
3532.99978897366	52092	45295	
3531.99979025543	52064	45277	
3530.99978655742	52096	45258	
3529.99978783919	52092	45240	
3528.99978912096	52112	45221	
3527.99979040273	52108	45203	
3526.99978670473	52080	45185	
3525.9997879865	52064	45166	
3524.99978926827	52108	45148	
3523.99979055004	52096	45129	
3522.99978685203	52108	45111	
3521.9997881338	52096	45092	
3520.99978941557	52108	45074	
3519.99979069734	52048	45056	
3518.99978699933	52112	45037	
3517.9997882811	52128	45019	
3516.99978956287	52096	45000	
3515.99979084464	52108	44982	
3514.99978714663	52076	44964	
3513.9997884284	52108	44945	
3512.99978971017	52080	44927	
3511.99978601217	52128	44908	
3510.99978729394	52080	44890	
3509.99978857571	52096	44872	
3508.99978985748	52144	44853	
3507.99979113925	52096	44835	
3506.99979242102	52108	44816	
3505.99979370278	52108	44798	
3504.99979498455	52076	44780	
3503.99979128655	52112	44761	
3502.99979256832	52096	44743	
3501.99979385009	52112	44725	
3500.99979513186	52112	44706	
3499.99979143385	52080	44688	
3498.99979271562	52096	44669	
3497.99979399739	52080	44651	
3496.99979527916	52112	44633	
3495.99979158115	52108	44614	
3494.99979286292	52112	44596	
3493.99979414469	52096	44578	
3492.99979542646	52076	44559	
3491.99979172846	52064	44541	
3490.99979301023	52092	44523	
3489.99979429199	52092	44504	
3488.99979557376	52076	44486	
3487.99979187576	52096	44468	
3486.99979315753	52124	44449	
3485.9997944393	52092	44431	
3484.99979572107	52108	44413	
3483.99979202306	52124	44394	
3482.99979330483	52076	44376	
3481.9997945866	52076	44358	
3480.99979088859	52096	44339	
3479.99979217036	52108	44321	
3478.99979345213	52076	44303	
3477.9997947339	52124	44284	
3476.9997910359	52092	44266	
3475.99979231767	52124	44248	
3474.99979359944	52096	44230	
3473.99979488121	52124	44211	
3472.9997911832	52108	44193	
3471.99979246497	52108	44175	
3470.99979374674	52092	44156	
3469.99979502851	52092	44138	
3468.9997913305	52108	44120	
3467.99979261227	52096	44102	
3466.99979389404	52112	44083	
3465.99979517581	52112	44065	
3464.9997914778	52080	44047	
3463.99979275957	52064	44028	
3462.99979404134	52092	44010	
3461.99979532311	52092	43992	
3460.99979162511	52092	43974	
3459.99979290688	52124	43955	
3458.99979418865	52080	43937	
3457.99979547042	52108	43919	
3456.99979177241	52080	43901	
3455.99979305418	52108	43882	
3454.99979433595	52108	43864	
3453.99979561772	52112	43846	
3452.99979191971	52112	43828	
3451.99979320148	52112	43809	
3450.99979448325	52080	43791	
3449.99979576502	52076	43773	
3448.99979206701	52076	43755	
3447.99979334878	52076	43736	
3446.99979463055	52080	43718	
3445.99979093255	52080	43700	
3444.99979221432	52140	43682	
3443.99979349609	52076	43664	
3442.99979477786	52080	43645	
3441.99979107985	52112	43627	
3440.99979236162	52092	43609	
3439.99979364339	52076	43591	
3438.99979492516	52080	43573	
3437.99979122715	52092	43554	
3436.99979250892	52108	43536	
3435.99979379069	52080	43518	
3434.99979507246	52096	43500	
3433.99979137446	52064	43482	
3432.99979265622	52080	43463	
3431.99979393799	52112	43445	
3430.99979521976	52092	43427	
3429.99979152176	52076	43409	
3428.99979280353	52080	43391	
3427.9997940853	52092	43372	
3426.99979536707	52076	43354	
3425.99979166906	52108	43336	
3424.99979793061	52108	43318	
3423.99979921237	52096	43300	
3422.99980049414	52080	43282	
3421.99979679614	52076	43263	
3420.99979807791	52080	43245	
3419.99979935968	52080	43227	
3418.99980064145	52092	43209	
3417.99979694344	52092	43191	
3416.99979822521	52080	43173	
3415.99979950698	52112	43155	
3414.99980078875	52108	43136	
3413.99979709074	52124	43118	
3412.99979837251	52092	43100	
3411.99979965428	52108	43082	
3410.99979595628	52096	43064	
3409.99979723805	52092	43046	
3408.99979851982	52076	43028	
3407.99979980159	52108	43009	
3406.99979610358	52096	42991	
3405.99979738535	52080	42973	
3404.99979866712	52108	42955	
3403.99979994889	52096	42937	
3402.99979625088	52076	42919	
3401.99979753265	52044	42901	
3400.99979881442	52124	42883	
3399.99980009619	52128	42865	
3398.99979639818	52108	42846	
3397.99979767995	52076	42828	
3396.99979896172	52124	42810	
3395.99980024349	52096	42792	
3394.99979654549	52124	42774	
3393.99979782726	52112	42756	
3392.99979910903	52092	42738	
3391.9998003908	52064	42720	
3390.99979669279	52096	42702	
3389.99979797456	52096	42684	
3388.99979925633	52080	42666	
3387.9998005381	52076	42647	
3386.99979684009	52108	42629	
3385.99979812186	52080	42611	
3384.99979940363	52108	42593	
3383.9998006854	52140	42575	
3382.99979698739	52112	42557	
3381.99979826916	52080	42539	
3380.99979955093	52080	42521	
3379.99979585293	52124	42503	
3378.9997971347	52096	42485	
3377.99979841647	52076	42467	
3376.99979969824	52108	42449	
3375.99979600023	52092	42431	
3374.999797282	52092	42413	
3373.99979856377	52092	42395	
3372.99979984554	52096	42377	
3371.99979614753	52092	42359	
3370.9997974293	52076	42340	
3369.99979871107	52096	42322	
3368.99979999284	52076	42304	
3367.99979629484	52112	42286	
3366.9997975766	52108	42268	
3365.99979885837	52112	42250	
3364.99980014014	52092	42232	
3363.99979644214	52092	42214	
3362.99979772391	52080	42196	
3361.99979900568	52092	42178	
3360.99980028745	52112	42160	
3359.99979658944	52108	42142	
3358.99979787121	52092	42124	
3357.99979915298	52080	42106	
3356.99980043475	52096	42088	
3355.99979673674	52076	42070	
3354.99979801851	52092	42052	
3353.99979930028	52096	42034	
3352.99980058205	52096	42016	
3351.99979688405	52112	41998	
3350.99979816581	52140	41980	
3349.99979944758	52140	41962	
3348.99980072935	52140	41944	
3347.99979703135	52128	41926	
3346.99979831312	52092	41908	
3345.99979959489	52140	41890	
3344.99979589688	52108	41872	
3343.99979717865	52064	41854	
3342.99979846042	52080	41837	
3341.99979974219	52124	41819	
3340.99980102396	52096	41801	
3339.99980230573	52080	41783	
3338.9998035875	52112	41765	
3337.99980486927	52080	41747	
3336.99980117126	52112	41729	
3335.99980245303	52064	41711	
3334.9998037348	52092	41693	
3333.99980501657	52112	41675	
3332.99980131856	52128	41657	
3331.99980260033	52080	41639	
3330.9998038821	52124	41621	
3329.99980516387	52080	41603	
3328.99980146587	52108	41585	
3327.99980274764	52112	41567	
3326.99980402941	52092	41549	
3325.99980531118	52096	41531	
3324.99980161317	52096	41514	
3323.99980289494	52112	41496	
3322.99980417671	52092	41478	
3321.99980545848	52112	41460	
3320.99980176047	52108	41442	
3319.99980304224	52096	41424	
3318.99980432401	52124	41406	
3317.99980560578	52140	41388	
3316.99980190777	52096	41370	
3315.99980318954	52108	41352	
3314.99980447131	52064	41334	
3313.99980575308	52124	41316	
3312.99980205508	52108	41299	
3311.99980333685	52112	41281	
3310.99980461862	52092	41263	
3309.99980092061	52096	41245	
3308.99980220238	52124	41227	
3307.99980348415	52096	41209	
3306.99980476592	52112	41191	
3305.99980106791	52076	41173	
3304.99980234968	52112	41156	
3303.99980363145	52076	41138	
3302.99980491322	52092	41120	
3301.99980121522	52076	41102	
3300.99980249698	52140	41084	
3299.99980377875	52096	41066	
3298.99980506052	52092	41048	
3297.99980136252	52108	41030	
3296.99980264429	52080	41013	
3295.99980392606	52128	40995	
3294.99980520783	52124	40977	
3293.99980150982	52112	40959	
3292.99980279159	52112	40941	
3291.99980407336	52128	40923	
3290.99980535513	52108	40905	
3289.99980165712	52092	40888	
3288.99980293889	52092	40870	
3287.99980422066	52112	40852	
3286.99980550243	52108	40834	
3285.99980180443	52156	40816	
3284.99980308619	52112	40798	
3283.99980436796	52096	40781	
3282.99980564973	52096	40763	
3281.99980195173	52124	40745	
3280.9998032335	52080	40727	
3279.99980451527	52092	40709	
3278.99980081726	52092	40692	
3277.99980209903	52124	40674	
3276.9998033808	52112	40656	
3275.99980466257	52112	40638	
3274.99980096456	52124	40620	
3273.99980224633	52096	40603	
3272.9998035281	52124	40585	
3271.99980480987	52140	40567	
3270.99980111187	52128	40549	
3269.99980239364	52140	40531	
3268.99980367541	52076	40514	
3267.99980495718	52092	40496	
3266.99980125917	52096	40478	
3265.99980254094	52108	40460	
3264.99980382271	52108	40442	
3263.99980510448	52096	40425	
3262.99980140647	52096	40407	
3261.99980268824	52080	40389	
3260.99980397001	52096	40371	
3259.99980525178	52124	40353	
3258.99980155377	52092	40336	
3257.99980781532	52128	40318	
3256.99980909709	52124	40300	
3255.99981037886	52096	40282	
3254.99980668085	52096	40265	
3253.99980796262	52096	40247	
3252.99980924439	52112	40229	
3251.99981052616	52140	40211	
3250.99980682815	52112	40194	
3249.99980810992	52128	40176	
3248.99980939169	52108	40158	
3247.99981067346	52112	40140	
3246.99980697546	52128	40123	
3245.99980825723	52108	40105	
3244.999809539	52080	40087	
3243.99980584099	52108	40069	
3242.99980712276	52112	40052	
3241.99980840453	52128	40034	
3240.9998096863	52124	40016	
3239.99980598829	52080	39999	
3238.99980727006	52112	39981	
3237.99980855183	52112	39963	
3236.9998098336	52156	39945	
3235.9998061356	52112	39928	
3234.99980741737	52096	39910	
3233.99980869913	52096	39892	
3232.9998099809	52092	39875	
3231.9998062829	52112	39857	
3230.99980756467	52124	39839	
3229.99980884644	52096	39821	
3228.99981012821	52076	39804	
3227.9998064302	52140	39786	
3226.99980771197	52092	39768	
3225.99980899374	52108	39751	
3224.99981027551	52128	39733	
3223.9998065775	52112	39715	
3222.99980785927	52144	39698	
3221.99980914104	52112	39680	
3220.99981042281	52096	39662	
3219.99980672481	52092	39644	
3218.99980800658	52112	39627	
3217.99980928834	52080	39609	
3216.99981057011	52112	39591	
3215.99980687211	52112	39574	
3214.99980815388	52096	39556	
3213.99980943565	52156	39538	
3212.99981071742	52128	39521	
3211.99980701941	52064	39503	
3210.99980830118	52140	39485	
3209.99980958295	52144	39468	
3208.99980588494	52140	39450	
3207.99980716671	52144	39432	
3206.99980844848	52160	39415	
3205.99980973025	52108	39397	
3204.99980603225	52108	39380	
3203.99980731402	52140	39362	
3202.99980859579	52092	39344	
3201.99980987756	52112	39327	
3200.99980617955	52144	39309	
3199.99980746132	52092	39291	
3198.99980874309	52112	39274	
3197.99981002486	52128	39256	
3196.99980632685	52128	39238	
3195.99980760862	52128	39221	
3194.99980889039	52112	39203	
3193.99981017216	52124	39186	
3192.99980647415	52112	39168	
3191.99980775592	52096	39150	
3190.99980903769	52108	39133	
3189.99981031946	52112	39115	
3188.99980662146	52108	39097	
3187.99980790323	52096	39080	
3186.999809185	52112	39062	
3185.99981046677	52128	39045	
3184.99980676876	52096	39027	
3183.99980805053	52092	39009	
3182.9998093323	52108	38992	
3181.99981061407	52108	38974	
3180.99980691606	52156	38957	
3179.99980819783	52128	38939	
3178.9998094796	52108	38921	
3177.99981076137	52128	38904	
3176.99980706336	52112	38886	
3175.99980834513	52144	38869	
3174.9998096269	52156	38851	
3173.99981090867	52108	38833	
3172.99981219044	52112	38816	
3171.99981347221	52124	38798	
3170.99981475398	52144	38781	
3169.99981105598	52140	38763	
3168.99981233775	52108	38746	
3167.99981361951	52124	38728	
3166.99981490128	52108	38710	
3165.99981120328	52092	38693	
3164.99981248505	52124	38675	
3163.99981376682	52128	38658	
3162.99981504859	52124	38640	
3161.99981135058	52112	38623	
3160.99981263235	52156	38605	
3159.99981391412	52112	38588	
3158.99981519589	52112	38570	
3157.99981149788	52112	38552	
3156.99981277965	52140	38535	
3155.99981406142	52108	38517	
3154.99981534319	52160	38500	
3153.99981164519	52112	38482	
3152.99981292696	52160	38465	
3151.99981420872	52140	38447	
3150.99981549049	52140	38430	
3149.99981179249	52140	38412	
3148.99981307426	52108	38395	
3147.99981435603	52144	38377	
3146.9998156378	52096	38360	
3145.99981193979	52108	38342	
3144.99981322156	52112	38325	
3143.99981450333	52172	38307	
3142.99981080532	52092	38290	
3141.99981208709	52096	38272	
3140.99981336886	52108	38255	
3139.99981465063	52112	38237	
3138.99981095263	52124	38220	
3137.9998122344	52140	38202	
3136.99981351617	52108	38185	
3135.99981479794	52140	38167	
3134.99981109993	52144	38150	
3133.9998123817	52092	38132	
3132.99981366347	52060	38115	
3131.99981494524	52096	38097	
3130.99981124723	52096	38080	
3129.999812529	52112	38062	
3128.99981381077	52112	38045	
3127.99981509254	52080	38027	
3126.99981139453	52112	38010	
3125.9998126763	52128	37992	
3124.99981395807	52140	37975	
3123.99981523984	52124	37957	
3122.99981154184	52108	37940	
3121.99981282361	52124	37922	
3120.99981410538	52108	37905	
3119.99981538715	52096	37887	
3118.99981168914	52108	37870	
3117.99981297091	52140	37852	
3116.99981425268	52080	37835	
3115.99981553445	52144	37817	
3114.99981183644	52096	37800	
3113.99981311821	52124	37783	
3112.99981439998	52140	37765	
3111.99981568175	52140	37748	
3110.99981198374	52140	37730	
3109.99981326551	52076	37713	
3108.99981454728	52140	37695	
3107.99981084928	52112	37678	
3106.99981213105	52092	37660	
3105.99981341282	52144	37643	
3104.99981469459	52112	37626	
3103.99981099658	52108	37608	
3102.99981227835	52156	37591	
3101.99981356012	52144	37573	
3100.99981484189	52128	37556	
3099.99981114388	52096	37538	
3098.99981242565	52096	37521	
3097.99981370742	52112	37504	
3096.99981498919	52112	37486	
3095.99981129118	52156	37469	
3094.99981257295	52140	37451	
3093.99981385472	52108	37434	
3092.99981513649	52096	37417	
3091.99981143849	52092	37399	
3090.99981770003	52144	37382	
3089.9998189818	52124	37364	
3088.99982026357	52108	37347	
3087.99981656557	52096	37330	
3086.99981784734	52096	37312	
3085.9998191291	52108	37295	
3084.99982041087	52092	37277	
3083.99981671287	52112	37260	
3082.99981799464	52124	37243	
3081.99981927641	52080	37225	
3080.99982055818	52112	37208	
3079.99981686017	52160	37190	
3078.99981814194	52112	37173	
3077.99981942371	52144	37156	
3076.99982070548	52140	37138	
3075.99981700747	52124	37121	
3074.99981828924	52096	37104	
3073.99981957101	52108	37086	
3072.99981587301	52096	37069	
3071.99981715478	52092	37051	
3070.99981843655	52096	37034	
3069.99981971831	52128	37017	
3068.99981602031	52128	36999	
3067.99981730208	52108	36982	
3066.99981858385	52076	36965	
3065.99981986562	52108	36947	
3064.99981616761	52140	36930	
3063.99981744938	52108	36913	
3062.99981873115	52124	36895	
3061.99982001292	52112	36878	
3060.99981631491	52128	36861	
3059.99981759668	52156	36843	
3058.99981887845	52112	36826	
3057.99982016022	52112	36809	
3056.99981646222	52124	36791	
3055.99981774399	52124	36774	
3054.99981902576	52128	36757	
3053.99982030753	52092	36739	
3052.99981660952	52108	36722	
3051.99981789129	52108	36705	
3050.99981917306	52124	36687	
3049.99982045483	52144	36670	
3048.99981675682	52140	36653	
3047.99981803859	52108	36635	
3046.99981932036	52092	36618	
3045.99982060213	52108	36601	
3044.99981690412	52112	36583	
3043.99981818589	52096	36566	
3042.99981946766	52096	36549	
3041.99981576966	52128	36531	
3040.99981705143	52124	36514	
3039.9998183332	52108	36497	
3038.99981961497	52096	36480	
3037.99981591696	52172	36462	
3036.99981719873	52144	36445	
3035.9998184805	52156	36428	
3034.99981976227	52140	36410	
3033.99981606426	52112	36393	
3032.99981734603	52108	36376	
3031.9998186278	52112	36359	
3030.99981990957	52172	36341	
3029.99981621156	52144	36324	
3028.99981749333	52112	36307	
3027.9998187751	52124	36289	
3026.99982005687	52096	36272	
3025.99981635887	52144	36255	
3024.99981764064	52128	36238	
3023.99981892241	52092	36220	
3022.99982020418	52096	36203	
3021.99981650617	52144	36186	
3020.99981778794	52096	36169	
3019.99981906971	52108	36151	
3018.99982035148	52128	36134	
3017.99981665347	52128	36117	
3016.99981793524	52112	36099	
3015.99981921701	52112	36082	
3014.99982049878	52108	36065	
3013.99981680078	52144	36048	
3012.99981808254	52124	36031	
3011.99981936431	52156	36013	
3010.99982064608	52128	35996	
3009.99981694808	52140	35979	
3008.99981822985	52108	35962	
3007.99981951162	52096	35944	
3006.99982079339	52140	35927	
3005.99982207516	52112	35910	
3004.99982335693	52128	35893	
3003.99982463869	52108	35875	
3002.99982094069	52140	35858	
3001.99982222246	52096	35841	
3000.99982350423	52096	35824	
2999.999824786	52108	35806	
2998.99982108799	52140	35789	
2997.99982236976	52160	35772	
2996.99982365153	52108	35755	
2995.9998249333	52128	35738	
2994.99982123529	52092	35720	
2993.99982251706	52108	35703	
2992.99982379883	52140	35686	
2991.9998250806	52112	35669	
2990.9998213826	52128	35652	
2989.99982266437	52108	35634	
2988.99982394614	52124	35617	
2987.99982522791	52092	35600	
2986.9998215299	52124	35583	
2985.99982281167	52112	35566	
2984.99982409344	52128	35548	
2983.99982537521	52124	35531	
2982.9998216772	52124	35514	
2981.99982295897	52140	35497	
2980.99982424074	52108	35480	
2979.99982552251	52124	35462	
2978.9998218245	52112	35445	
2977.99982310627	52124	35428	
2976.99982438804	52124	35411	
2975.99982566981	52096	35394	
2974.99982197181	52124	35377	
2973.99982325358	52108	35359	
2972.99982453535	52128	35342	
2971.99982083734	52112	35325	
2970.99982211911	52128	35308	
2969.99982340088	52144	35291	
2968.99982468265	52188	35274	
2967.99982098464	52108	35256	
2966.99982226641	52124	35239	
2965.99982354818	52112	35222	
2964.99982482995	52172	35205	
2963.99982113194	52144	35188	
2962.99982241371	52108	35171	
2961.99982369548	52112	35154	
2960.99982497725	52112	35136	
2959.99982127925	52128	35119	
2958.99982256102	52144	35102	
2957.99982384279	52124	35085	
2956.99982512456	52112	35068	
2955.99982142655	52144	35051	
2954.99982270832	52112	35034	
2953.99982399009	52144	35016	
2952.99982527186	52140	34999	
2951.99982157385	52108	34982	
2950.99982285562	52128	34965	
2949.99982413739	52144	34948	
2948.99982541916	52092	34931	
2947.99982172116	52128	34914	
2946.99982300292	52112	34897	
2945.99982428469	52128	34879	
2944.99982556646	52112	34862	
2943.99982186846	52140	34845	
2942.99982315023	52124	34828	
2941.999824432	52108	34811	
2940.99982073399	52124	34794	
2939.99982201576	52108	34777	
2938.99982329753	52124	34760	
2937.9998245793	52128	34743	
2936.99982088129	52092	34725	
2935.99982216306	52108	34708	
2934.99982344483	52156	34691	
2933.9998247266	52124	34674	
2932.9998210286	52096	34657	
2931.99982231037	52140	34640	
2930.99982359213	52128	34623	
2929.9998248739	52128	34606	
2928.9998211759	52124	34589	
2927.99982245767	52128	34572	
2926.99982373944	52172	34555	
2925.99982502121	52140	34538	
2924.9998213232	52108	34520	
2923.99982758475	52112	34503	
2922.99982886652	52124	34486	
2921.99983014829	52140	34469	
2920.99982645028	52140	34452	
2919.99982773205	52124	34435	
2918.99982901382	52076	34418	
2917.99983029559	52112	34401	
2916.99982659758	52124	34384	
2915.99982787935	52124	34367	
2914.99982916112	52144	34350	
2913.99983044289	52160	34333	
2912.99982674488	52124	34316	
2911.99982802665	52096	34299	
2910.99982930842	52140	34282	
2909.99983059019	52096	34265	
2908.99982689219	52140	34247	
2907.99982817396	52172	34230	
2906.99982945573	52112	34213	
2905.99982575772	52108	34196	
2904.99982703949	52140	34179	
2903.99982832126	52156	34162	
2902.99982960303	52096	34145	
2901.99982590502	52092	34128	
2900.99982718679	52112	34111	
2899.99982846856	52140	34094	
2898.99982975033	52124	34077	
2897.99982605232	52096	34060	
2896.99982733409	52128	34043	
2895.99982861586	52128	34026	
2894.99982989763	52140	34009	
2893.99982619963	52128	33992	
2892.9998274814	52140	33975	
2891.99982876317	52128	33958	
2890.99983004494	52156	33941	
2889.99982634693	52096	33924	
2888.9998276287	52140	33907	
2887.99982891047	52176	33890	
2886.99983019224	52124	33873	
2885.99982649423	52108	33856	
2884.999827776	52108	33839	
2883.99982905777	52096	33822	
2882.99983033954	52128	33805	
2881.99982664154	52112	33788	
2880.9998279233	52128	33771	
2879.99982920507	52160	33754	
2878.99983048684	52112	33737	
2877.99982678884	52112	33720	
2876.99982807061	52092	33703	
2875.99982935238	52128	33686	
2874.99983063415	52124	33669	
2873.99982693614	52108	33652	
2872.99982821791	52144	33635	
2871.99982949968	52128	33618	
2870.99982580167	52124	33601	
2869.99982708344	52140	33584	
2868.99982836521	52140	33567	
2867.99982964698	52144	33550	
2866.99982594898	52128	33533	
2865.99982723075	52112	33516	
2864.99982851251	52124	33499	
2863.99982979428	52140	33482	
2862.99982609628	52128	33465	
2861.99982737805	52140	33448	
2860.99982865982	52156	33431	
2859.99982994159	52156	33414	
2858.99982624358	52172	33398	
2857.99982752535	52156	33381	
2856.99982880712	52096	33364	
2855.99983008889	52140	33347	
2854.99982639088	52112	33330	
2853.99982767265	52124	33313	
2852.99982895442	52112	33296	
2851.99983023619	52128	33279	
2850.99982653819	52160	33262	
2849.99982781996	52156	33245	
2848.99982910173	52112	33228	
2847.99983038349	52128	33211	
2846.99982668549	52156	33194	
2845.99982796726	52140	33177	
2844.99982924903	52172	33160	
2843.9998305308	52112	33143	
2842.99982683279	52128	33127	
2841.99982811456	52144	33110	
2840.99982939633	52140	33093	
2839.99983565788	52128	33076	
2838.99983195987	52124	33059	
2837.99983324164	52108	33042	
2836.99983452341	52128	33025	
2835.9998308254	52140	33008	
2834.99983210717	52124	32991	
2833.99983338894	52144	32974	
2832.99983467071	52124	32957	
2831.9998309727	52172	32940	
2830.99983225447	52160	32924	
2829.99983353624	52128	32907	
2828.99983481801	52124	32890	
2827.99983112001	52140	32873	
2826.99983240178	52172	32856	
2825.99983368355	52140	32839	
2824.99983496532	52112	32822	
2823.99983126731	52128	32805	
2822.99983254908	52144	32788	
2821.99983383085	52124	32771	
2820.99983511262	52156	32755	
2819.99983141461	52140	32738	
2818.99983269638	52124	32721	
2817.99983397815	52128	32704	
2816.99983525992	52140	32687	
2815.99983156192	52124	32670	
2814.99983284369	52092	32653	
2813.99983412545	52140	32636	
2812.99983540722	52140	32620	
2811.99983170922	52144	32603	
2810.99983299099	52096	32586	
2809.99983427276	52076	32569	
2808.99983555453	52128	32552	
2807.99983185652	52128	32535	
2806.99983313829	52112	32518	
2805.99983442006	52128	32502	
2804.99983072205	52128	32485	
2803.99983200382	52160	32468	
2802.99983328559	52124	32451	
2801.99983456736	52144	32434	
2800.99983086936	52128	32417	
2799.99983215113	52092	32400	
2798.9998334329	52128	32384	
2797.99983471466	52124	32367	
2796.99983101666	52128	32350	
2795.99983229843	52096	32333	
2794.9998335802	52124	32316	
2793.99983486197	52144	32299	
2792.99983116396	52160	32283	
2791.99983244573	52144	32266	
2790.9998337275	52124	32249	
2789.99983500927	52140	32232	
2788.99983131126	52140	32215	
2787.99983259303	52128	32198	
2786.9998338748	52140	32182	
2785.99983515657	52112	32165	
2784.99983145857	52172	32148	
2783.99983274034	52124	32131	
2782.99983402211	52156	32114	
2781.99983530388	52112	32097	
2780.99983160587	52160	32081	
2779.99983288764	52140	32064	
2778.99983416941	52140	32047	
2777.99983545118	52096	32030	
2776.99983175317	52108	32013	
2775.99983303494	52140	31997	
2774.99983431671	52096	31980	
2773.99983559848	52144	31963	
2772.99983190047	52128	31946	
2771.99983318224	52144	31929	
2770.99983446401	52144	31913	
2769.99983076601	52128	31896	
2768.99983204778	52112	31879	
2767.99983332955	52128	31862	
2766.99983461132	52144	31845	
2765.99983091331	52112	31829	
2764.99983219508	52144	31812	
2763.99983347685	52144	31795	
2762.99983475862	52124	31778	
2761.99983106061	52096	31761	
2760.99983234238	52140	31745	
2759.99983362415	52112	31728	
2758.99983490592	52124	31711	
2757.99983120791	52156	31694	
2756.99983746946	52156	31678	
2755.99983875123	52096	31661	
2754.999840033	52144	31644	
2753.99983633499	52144	31627	
2752.99983761676	52140	31611	
2751.99983889853	52124	31594	
2750.9998401803	52124	31577	
2749.9998364823	52144	31560	
2748.99983776407	52092	31543	
2747.99983904583	52160	31527	
2746.9998403276	52192	31510	
2745.9998366296	52124	31493	
2744.99983791137	52124	31476	
2743.99983919314	52128	31460	
2742.99984047491	52140	31443	
2741.9998367769	52112	31426	
2740.99983805867	52144	31409	
2739.99983934044	52124	31393	
2738.99984062221	52144	31376	
2737.9998369242	52144	31359	
2736.99983820597	52140	31342	
2735.99983948774	52144	31326	
2734.99983578974	52176	31309	
2733.99983707151	52140	31292	
2732.99983835328	52156	31276	
2731.99983963504	52160	31259	
2730.99983593704	52128	31242	
2729.99983721881	52140	31225	
2728.99983850058	52176	31209	
2727.99983978235	52144	31192	
2726.99983608434	52156	31175	
2725.99983736611	52144	31158	
2724.99983864788	52124	31142	
2723.99983992965	52144	31125	
2722.99983623164	52156	31108	
2721.99983751341	52144	31092	
2720.99983879518	52172	31075	
2719.99984007695	52160	31058	
2718.99983637895	52156	31041	
2717.99983766072	52160	31025	
2716.99983894249	52172	31008	
2715.99984022426	52124	30991	
2714.99983652625	52128	30975	
2713.99983780802	52128	30958	
2712.99983908979	52112	30941	
2711.99984037156	52140	30925	
2710.99983667355	52144	30908	
2709.99983795532	52156	30891	
2708.99983923709	52128	30874	
2707.99984051886	52096	30858	
2706.99983682085	52140	30841	
2705.99983810262	52140	30824	
2704.99983938439	52160	30808	
2703.99983568639	52140	30791	
2702.99983696816	52124	30774	
2701.99983824993	52128	30758	
2700.9998395317	52124	30741	
2699.99983583369	52176	30724	
2698.99983711546	52112	30708	
2697.99983839723	52156	30691	
2696.999839679	52140	30674	
2695.99983598099	52144	30658	
2694.99983726276	52124	30641	
2693.99983854453	52176	30624	
2692.9998398263	52144	30608	
2691.99983612829	52144	30591	
2690.99983741006	52144	30574	
2689.99983869183	52140	30558	
2688.9998399736	52124	30541	
2687.9998362756	52112	30524	
2686.99983755737	52108	30508	
2685.99983883914	52140	30491	
2684.99984012091	52160	30474	
2683.9998364229	52124	30458	
2682.99983770467	52124	30441	
2681.99983898644	52112	30424	
2680.99984026821	52128	30408	
2679.9998365702	52096	30391	
2678.99983785197	52140	30375	
2677.99983913374	52144	30358	
2676.99984041551	52140	30341	
2675.9998367175	52176	30325	
2674.99983799927	52188	30308	
2673.99983928104	52140	30291	
2672.99984554259	52188	30275	
2671.99984184458	52176	30258	
2670.99984312635	52140	30241	
2669.99984440812	52128	30225	
2668.99984071012	52128	30208	
2667.99984199189	52128	30192	
2666.99984327366	52160	30175	
2665.99984455542	52156	30158	
2664.99984085742	52144	30142	
2663.99984213919	52140	30125	
2662.99984342096	52160	30109	
2661.99984470273	52160	30092	
2660.99984100472	52124	30075	
2659.99984228649	52144	30059	
2658.99984356826	52124	30042	
2657.99984485003	52096	30025	
2656.99984115202	52112	30009	
2655.99984243379	52140	29992	
2654.99984371556	52156	29976	
2653.99984499733	52124	29959	
2652.99984129933	52156	29942	
2651.9998425811	52144	29926	
2650.99984386287	52144	29909	
2649.99984514463	52160	29893	
2648.99984144663	52128	29876	
2647.9998427284	52124	29859	
2646.99984401017	52160	29843	
2645.99984529194	52128	29826	
2644.99984159393	52112	29810	
2643.9998428757	52124	29793	
2642.99984415747	52128	29777	
2641.99984543924	52112	29760	
2640.99984174123	52128	29743	
2639.999843023	52156	29727	
2638.99984430477	52124	29710	
2637.99984558654	52112	29694	
2636.99984188854	52128	29677	
2635.99984317031	52140	29661	
2634.99984445208	52160	29644	
2633.99984075407	52124	29627	
2632.99984203584	52144	29611	
2631.99984331761	52096	29594	
2630.99984459938	52112	29578	
2629.99984090137	52112	29561	
2628.99984218314	52140	29545	
2627.99984346491	52124	29528	
2626.99984474668	52112	29512	
2625.99984104867	52160	29495	
2624.99984233044	52112	29478	
2623.99984361221	52124	29462	
2622.99984489398	52140	29445	
2621.99984119598	52112	29429	
2620.99984247775	52124	29412	
2619.99984375952	52140	29396	
2618.99984504129	52156	29379	
2617.99984134328	52124	29363	
2616.99984262505	52112	29346	
2615.99984390682	52112	29330	
2614.99984518859	52124	29313	
2613.99984149058	52140	29297	
2612.99984277235	52080	29281	
2611.99984405412	52124	29264	
2610.99984533589	52128	29248	
2609.99984163788	52096	29231	
2608.99984291965	52144	29215	
2607.99984420142	52124	29198	
2606.99984548319	52128	29182	
2605.99984178519	52124	29166	
2604.99984306696	52124	29149	
2603.99984434873	52124	29133	
2602.99984065072	52160	29116	
2601.99984193249	52156	29100	
2600.99984321426	52124	29084	
2599.99984449603	52172	29067	
2598.99984079802	52124	29051	
2597.99984207979	52144	29034	
2596.99984336156	52160	29018	
