SiO_Calibration1%SampleName
Probe8%ProbeName
20000%MaxDepth
1%step_size_nm
40%StiffnessPRC_nN_per_nm
68.2331%PRC_ADCValue_per_nm
2000%TriggerForce_nN
5000%LoopDelay_uS
2048%NumberOfSamplingPoints
%
%
%
%
%
%
%
%
%
%
%
8500.0000005%XL
6500.0000005%YL

3011.99981936431	52108	39749	
3012.99981808254	52128	39761	
3013.99981680078	52044	39773	
3014.99982049878	52092	39785	
3015.99981921701	52112	39797	
3016.99981793524	52080	39809	
3017.99981665347	52128	39821	
3018.99982035148	52064	39832	
3019.99981906971	52076	39844	
3020.99981778794	52080	39856	
3021.99981650617	52124	39868	
3022.99982020418	52108	39880	
3023.99981892241	52064	39892	
3024.99981764064	52080	39904	
3025.99981635887	52108	39915	
3026.99982005687	52140	39927	
3027.9998187751	52108	39939	
3028.99981749333	52124	39951	
3029.99981621156	52108	39963	
3030.99981990957	52080	39975	
3031.9998186278	52128	39987	
3032.99981734603	52080	39998	
3033.99981606426	52060	40010	
3034.99981976227	52108	40022	
3035.9998184805	52092	40034	
3036.99981719873	52060	40046	
3037.99981591696	52096	40058	
3038.99981961497	52080	40070	
3039.9998183332	52092	40081	
3040.99981705143	52092	40093	
3041.99981576966	52076	40105	
3042.99981946766	52096	40117	
3043.99981818589	52092	40129	
3044.99981690412	52092	40141	
3045.99982060213	52080	40153	
3046.99981932036	52048	40164	
3047.99981803859	52108	40176	
3048.99981675682	52092	40188	
3049.99982045483	52064	40200	
3050.99981917306	52076	40212	
3051.99981789129	52064	40224	
3052.99981660952	52044	40236	
3053.99982030753	52112	40247	
3054.99981902576	52108	40259	
3055.99981774399	52080	40271	
3056.99981646222	52080	40283	
3057.99982016022	52060	40295	
3058.99981887845	52128	40307	
3059.99981759668	52112	40318	
3060.99981631491	52096	40330	
3061.99982001292	52064	40342	
3062.99981873115	52080	40354	
3063.99981744938	52092	40366	
3064.99981616761	52048	40378	
3065.99981986562	52092	40390	
3066.99981858385	52092	40401	
3067.99981730208	52064	40413	
3068.99981602031	52016	40425	
3069.99981971831	52092	40437	
3070.99981843655	52096	40449	
3071.99981715478	52108	40461	
3072.99981587301	52080	40472	
3073.99981957101	52108	40484	
3074.99981828924	52076	40496	
3075.99981700747	52108	40508	
3076.99982070548	52124	40520	
3077.99981942371	52108	40532	
3078.99981814194	52108	40543	
3079.99981686017	52096	40555	
3080.99982055818	52076	40567	
3081.99981927641	52080	40579	
3082.99981799464	52064	40591	
3083.99981671287	52108	40603	
3084.99982041087	52128	40615	
3085.9998191291	52112	40626	
3086.99981784734	52064	40638	
3087.99981656557	52064	40650	
3088.99982026357	52108	40662	
3089.9998189818	52092	40674	
3090.99981770003	52064	40686	
3091.99981143849	52112	40697	
3092.99981513649	52076	40709	
3093.99981385472	52108	40721	
3094.99981257295	52080	40733	
3095.99981129118	52092	40745	
3096.99981498919	52076	40757	
3097.99981370742	52112	40768	
3098.99981242565	52112	40780	
3099.99981114388	52108	40792	
3100.99981484189	52080	40804	
3101.99981356012	52080	40816	
3102.99981227835	52112	40828	
3103.99981099658	52096	40839	
3104.99981469459	52060	40851	
3105.99981341282	52112	40863	
3106.99981213105	52076	40875	
3107.99981084928	52076	40887	
3108.99981454728	52096	40899	
3109.99981326551	52064	40910	
3110.99981198374	52080	40922	
3111.99981568175	52064	40934	
3112.99981439998	52080	40946	
3113.99981311821	52092	40958	
3114.99981183644	52092	40969	
3115.99981553445	52096	40981	
3116.99981425268	52096	40993	
3117.99981297091	52112	41005	
3118.99981168914	52124	41017	
3119.99981538715	52096	41029	
3120.99981410538	52096	41040	
3121.99981282361	52096	41052	
3124.99981395807	52124	41088	
3134.99981109993	52108	41206	
3135.99981479794	52080	41218	
3136.99981351617	52092	41230	
3137.9998122344	52096	41241	
3138.99981095263	52092	41253	
3139.99981465063	52076	41265	
3140.99981336886	52112	41277	
3141.99981208709	52076	41289	
3142.99981080532	52092	41301	
3143.99981450333	52076	41312	
3144.99981322156	52096	41324	
3145.99981193979	52096	41336	
3146.9998156378	52080	41348	
3147.99981435603	52076	41360	
3148.99981307426	52080	41371	
3149.99981179249	52044	41383	
3150.99981549049	52080	41395	
3151.99981420872	52108	41407	
3152.99981292696	52108	41419	
3153.99981164519	52076	41430	
3154.99981534319	52108	41442	
3155.99981406142	52096	41454	
3156.99981277965	52092	41466	
3157.99981149788	52048	41478	
3158.99981519589	52096	41490	
3159.99981391412	52112	41501	
3160.99981263235	52108	41513	
3161.99981135058	52060	41525	
3162.99981504859	52124	41537	
3163.99981376682	52076	41549	
3167.99981361951	52080	41596	
3169.99981105598	52096	41619	
3171.99981347221	52092	41643	
3173.99981090867	52112	41667	
3175.99980834513	52060	41690	
3177.99981076137	52092	41714	
3178.9998094796	52124	41726	
3179.99980819783	52080	41738	
3180.99980691606	52108	41749	
3181.99981061407	52096	41761	
3182.9998093323	52112	41773	
3183.99980805053	52076	41785	
3184.99980676876	52092	41797	
3185.99981046677	52080	41808	
3186.999809185	52064	41820	
3187.99980790323	52108	41832	
3188.99980662146	52076	41844	
3189.99981031946	52048	41856	
3190.99980903769	52092	41867	
3191.99980775592	52080	41879	
3192.99980647415	52076	41891	
3193.99981017216	52140	41903	
3194.99980889039	52092	41915	
3195.99980760862	52092	41926	
3196.99980632685	52112	41938	
3197.99981002486	52064	41950	
3198.99980874309	52112	41962	
3199.99980746132	52080	41974	
3200.99980617955	52096	41985	
3201.99980987756	52128	41997	
3202.99980859579	52112	42009	
3203.99980731402	52112	42021	
3204.99980603225	52096	42033	
3205.99980973025	52092	42044	
3206.99980844848	52028	42056	
3207.99980716671	52096	42068	
3208.99980588494	52060	42080	
3209.99980958295	52096	42092	
3210.99980830118	52080	42103	
3211.99980701941	52080	42115	
3212.99981071742	52140	42127	
3213.99980943565	52128	42139	
3214.99980815388	52092	42151	
3215.99980687211	52124	42162	
3216.99981057011	52076	42174	
3217.99980928834	52080	42186	
3218.99980800658	52044	42198	
3219.99980672481	52108	42210	
3220.99981042281	52092	42221	
3221.99980914104	52096	42233	
3222.99980785927	52124	42245	
3223.9998065775	52092	42257	
3224.99981027551	52096	42269	
3225.99980899374	52060	42280	
3226.99980771197	52080	42292	
3227.9998064302	52060	42304	
3228.99981012821	52124	42316	
3229.99980884644	52092	42327	
3230.99980756467	52108	42339	
3231.9998062829	52080	42351	
3232.9998099809	52092	42363	
3233.99980869913	52080	42375	
3234.99980741737	52092	42386	
3235.9998061356	52108	42398	
3236.9998098336	52076	42410	
3237.99980855183	52064	42422	
3238.99980727006	52096	42434	
3239.99980598829	52096	42445	
3240.9998096863	52096	42457	
3241.99980840453	52096	42469	
3242.99980712276	52092	42481	
3243.99980584099	52080	42493	
3244.999809539	52080	42504	
3245.99980825723	52096	42516	
3246.99980697546	52080	42528	
3247.99981067346	52080	42540	
3248.99980939169	52092	42551	
3249.99980810992	52064	42563	
3250.99980682815	52092	42575	
3251.99981052616	52080	42587	
3252.99980924439	52112	42599	
3253.99980796262	52092	42610	
3254.99980668085	52092	42622	
3255.99981037886	52076	42634	
3256.99980909709	52064	42646	
3257.99980781532	52092	42658	
3258.99980155377	52092	42669	
3259.99980525178	52112	42681	
3260.99980397001	52128	42693	
3261.99980268824	52096	42705	
3262.99980140647	52092	42716	
3263.99980510448	52076	42728	
3264.99980382271	52096	42740	
3265.99980254094	52080	42752	
3266.99980125917	52092	42764	
3267.99980495718	52112	42775	
3268.99980367541	52080	42787	
3269.99980239364	52080	42799	
3270.99980111187	52108	42811	
3271.99980480987	52076	42822	
3272.9998035281	52064	42834	
3273.99980224633	52048	42846	
3274.99980096456	52112	42858	
3275.99980466257	52112	42870	
3276.9998033808	52064	42881	
3277.99980209903	52076	42893	
3278.99980081726	52124	42905	
3279.99980451527	52092	42917	
3280.9998032335	52064	42928	
3281.99980195173	52092	42940	
3282.99980564973	52048	42952	
3283.99980436796	52080	42964	
3284.99980308619	52108	42976	
3285.99980180443	52080	42987	
3286.99980550243	52096	42999	
3287.99980422066	52048	43011	
3288.99980293889	52080	43023	
3289.99980165712	52076	43034	
3290.99980535513	52096	43046	
3291.99980407336	52092	43058	
3292.99980279159	52048	43070	
3293.99980150982	52060	43081	
3294.99980520783	52092	43093	
3295.99980392606	52080	43105	
3296.99980264429	52076	43117	
3297.99980136252	52108	43129	
3298.99980506052	52124	43140	
3299.99980377875	52108	43152	
3300.99980249698	52108	43164	
3301.99980121522	52092	43176	
3302.99980491322	52076	43187	
3303.99980363145	52076	43199	
3304.99980234968	52092	43211	
3305.99980106791	52076	43223	
3306.99980476592	52080	43234	
3307.99980348415	52124	43246	
3308.99980220238	52080	43258	
3309.99980092061	52064	43270	
3310.99980461862	52124	43282	
3311.99980333685	52096	43293	
3312.99980205508	52076	43305	
3313.99980575308	52076	43317	
3314.99980447131	52080	43329	
3315.99980318954	52108	43340	
3316.99980190777	52048	43352	
3317.99980560578	52080	43364	
3318.99980432401	52076	43376	
3319.99980304224	52064	43387	
3320.99980176047	52080	43399	
3321.99980545848	52060	43411	
3322.99980417671	52080	43423	
3323.99980289494	52112	43434	
3324.99980161317	52092	43446	
3325.99980531118	52080	43458	
3326.99980402941	52128	43470	
3327.99980274764	52124	43482	
3328.99980146587	52064	43493	
3329.99980516387	52096	43505	
3330.9998038821	52092	43517	
3331.99980260033	52096	43529	
3332.99980131856	52076	43540	
3333.99980501657	52080	43552	
3337.99980486927	52076	43599	
3339.99980230573	52092	43623	
3341.99979974219	52124	43646	
3343.99979717865	52060	43670	
3345.99979959489	52128	43693	
3347.99979703135	52060	43717	
3349.99979944758	52108	43740	
3351.99979688405	52092	43764	
3353.99979930028	52108	43787	
3355.99979673674	52140	43811	
3357.99979915298	52076	43834	
3359.99979658944	52044	43858	
3361.99979900568	52080	43881	
3363.99979644214	52076	43905	
3365.99979885837	52092	43928	
3367.99979629484	52064	43952	
3369.99979871107	52048	43975	
3371.99979614753	52108	43999	
3373.99979856377	52064	44022	
3375.99979600023	52076	44046	
3376.99979969824	52076	44057	
3377.99979841647	52092	44069	
3378.9997971347	52064	44081	
3379.99979585293	52060	44093	
3380.99979955093	52076	44104	
3381.99979826916	52048	44116	
3382.99979698739	52064	44128	
3383.9998006854	52080	44140	
3384.99979940363	52124	44151	
3385.99979812186	52080	44163	
3386.99979684009	52076	44175	
3387.9998005381	52080	44187	
3388.99979925633	52076	44198	
3389.99979797456	52060	44210	
3390.99979669279	52064	44222	
3391.9998003908	52076	44234	
3392.99979910903	52048	44245	
3393.99979782726	52108	44257	
3394.99979654549	52108	44269	
3395.99980024349	52096	44281	
3396.99979896172	52064	44292	
3397.99979767995	52092	44304	
3398.99979639818	52076	44316	
3399.99980009619	52076	44328	
3400.99979881442	52076	44339	
3401.99979753265	52060	44351	
3402.99979625088	52076	44363	
3403.99979994889	52076	44375	
3404.99979866712	52076	44386	
3405.99979738535	52080	44398	
3406.99979610358	52032	44410	
3407.99979980159	52080	44421	
3408.99979851982	52076	44433	
3409.99979723805	52064	44445	
3410.99979595628	52076	44457	
3411.99979965428	52064	44468	
3412.99979837251	52064	44480	
3413.99979709074	52076	44492	
3414.99980078875	52060	44504	
3415.99979950698	52124	44515	
3416.99979822521	52092	44527	
3417.99979694344	52080	44539	
3418.99980064145	52076	44551	
3419.99979935968	52060	44562	
3420.99979807791	52176	44574	
3421.99979679614	52060	44586	
3422.99980049414	52080	44598	
3423.99979921237	52108	44609	
3424.99979793061	52064	44621	
3425.99979166906	52076	44633	
3426.99979536707	52076	44644	
3427.9997940853	52092	44656	
3428.99979280353	52092	44668	
3429.99979152176	52060	44680	
3430.99979521976	52060	44691	
3431.99979393799	52096	44703	
3432.99979265622	52124	44715	
3433.99979137446	52064	44727	
3434.99979507246	52076	44738	
3435.99979379069	52076	44750	
3436.99979250892	52080	44762	
3437.99979122715	52076	44774	
3438.99979492516	52076	44785	
3439.99979364339	52080	44797	
3440.99979236162	52064	44809	
3441.99979107985	52080	44820	
3442.99979477786	52060	44832	
3443.99979349609	52092	44844	
3444.99979221432	52060	44856	
3445.99979093255	52064	44867	
3446.99979463055	52080	44879	
3447.99979334878	52092	44891	
3448.99979206701	52076	44903	
3449.99979576502	52108	44914	
3450.99979448325	52108	44926	
3451.99979320148	52060	44938	
3452.99979191971	52096	44949	
3453.99979561772	52096	44961	
3454.99979433595	52096	44973	
3455.99979305418	52080	44985	
3456.99979177241	52096	44996	
3457.99979547042	52060	45008	
3458.99979418865	52060	45020	
3459.99979290688	52080	45032	
3460.99979162511	52076	45043	
3461.99979532311	52076	45055	
3462.99979404134	52048	45067	
3463.99979275957	52076	45078	
3464.9997914778	52092	45090	
3465.99979517581	52032	45102	
3466.99979389404	52108	45114	
3467.99979261227	52076	45125	
3468.9997913305	52060	45137	
3469.99979502851	52080	45149	
3470.99979374674	52076	45160	
3471.99979246497	52044	45172	
3472.9997911832	52092	45184	
3473.99979488121	52076	45196	
3474.99979359944	52076	45207	
3475.99979231767	52064	45219	
3476.9997910359	52048	45231	
3477.9997947339	52060	45243	
3478.99979345213	52080	45254	
3479.99979217036	52096	45266	
3480.99979088859	52044	45278	
3481.9997945866	52076	45289	
3482.99979330483	52080	45301	
3483.99979202306	52112	45313	
3484.99979572107	52080	45325	
3485.9997944393	52048	45336	
3486.99979315753	52080	45348	
3487.99979187576	52096	45360	
3488.99979557376	52080	45371	
3489.99979429199	52080	45383	
3490.99979301023	52080	45395	
3491.99979172846	52044	45407	
3492.99979542646	52076	45418	
3493.99979414469	52080	45430	
3494.99979286292	52080	45442	
3495.99979158115	52080	45453	
3496.99979527916	52080	45465	
3497.99979399739	52076	45477	
3498.99979271562	52044	45489	
3499.99979143385	52064	45500	
3500.99979513186	52032	45512	
3501.99979385009	52076	45524	
3502.99979256832	52092	45535	
3503.99979128655	52044	45547	
3504.99979498455	52080	45559	
3505.99979370278	52032	45571	
3506.99979242102	52076	45582	
3507.99979113925	52048	45594	
3508.99978985748	52096	45606	
3509.99978857571	52032	45617	
3510.99978729394	52076	45629	
3511.99978601217	52108	45641	
3512.99978971017	52032	45653	
3513.9997884284	52064	45664	
3514.99978714663	52064	45676	
3515.99979084464	52048	45688	
3516.99978956287	52112	45699	
3517.9997882811	52060	45711	
3518.99978699933	52064	45723	
3519.99979069734	52048	45735	
3520.99978941557	52044	45746	
3521.9997881338	52048	45758	
3522.99978685203	52048	45770	
3523.99979055004	52080	45781	
3524.99978926827	52044	45793	
3525.9997879865	52064	45805	
3526.99978670473	52092	45816	
3527.99979040273	52076	45828	
3528.99978912096	52092	45840	
3529.99978783919	52076	45852	
3530.99978655742	52092	45863	
3531.99979025543	52108	45875	
3532.99978897366	52044	45887	
3533.99978769189	52076	45898	
3534.99978641012	52076	45910	
3535.99979010813	52112	45922	
3536.99978882636	52044	45934	
3537.99978754459	52032	45945	
3538.99978626282	52032	45957	
3539.99978996083	52048	45969	
3540.99978867906	52076	45980	
3541.99978739729	52092	45992	
3542.99978611552	52076	46004	
3543.99978981352	52080	46015	
3544.99978853175	52032	46027	
3545.99978724998	52028	46039	
3546.99978596821	52096	46051	
3547.99978966622	52044	46062	
3548.99978838445	52060	46074	
3549.99978710268	52080	46086	
3550.99979080069	52060	46097	
3551.99978951892	52048	46109	
3552.99978823715	52032	46121	
3553.99978695538	52048	46132	
3554.99979065338	52060	46144	
3555.99978937162	52076	46156	
3556.99978808985	52064	46168	
3557.99978680808	52064	46179	
3558.99979050608	52064	46191	
3559.99978922431	52044	46203	
3560.99978794254	52044	46214	
3561.99978666077	52080	46226	
3562.99979035878	52044	46238	
3563.99978907701	52060	46249	
3564.99978779524	52076	46261	
3565.99978651347	52076	46273	
3566.99979021148	52124	46285	
3567.99978892971	52044	46296	
3568.99978764794	52076	46308	
3569.99978636617	52044	46320	
3570.99979006417	52064	46331	
3571.9997887824	52092	46343	
3572.99978750064	52092	46355	
3573.99978621887	52048	46366	
3574.99978991687	52080	46378	
3575.9997886351	52032	46390	
3576.99978735333	52060	46401	
3577.99978607156	52012	46413	
3578.99978976957	52060	46425	
3579.9997884878	52064	46437	
3580.99978720603	52060	46448	
3581.99978592426	52076	46460	
3582.99978962227	52064	46472	
3583.9997883405	52064	46483	
3584.99978705873	52108	46495	
3585.99979075673	52124	46507	
3586.99978947496	52076	46518	
3587.99978819319	52080	46530	
3588.99978691143	52080	46542	
3589.99979060943	52044	46553	
3590.99978932766	52060	46565	
3591.99978804589	52108	46577	
3592.99978178435	52092	46589	
3593.99978548235	52108	46600	
3594.99978420058	52076	46612	
3595.99978291881	52064	46624	
3596.99978163704	52064	46635	
3597.99978533505	52076	46647	
3598.99978405328	52092	46659	
3599.99978277151	52048	46670	
3600.99978148974	52076	46682	
3601.99978518775	52124	46694	
3602.99978390598	52096	46705	
3603.99978262421	52048	46717	
3604.99978134244	52076	46729	
3605.99978504045	52064	46741	
3606.99978375868	52076	46752	
3607.99978247691	52076	46764	
3608.99978119514	52076	46776	
3609.99978489314	52060	46787	
3610.99978361137	52096	46799	
3611.9997823296	52060	46811	
3612.99978104783	52064	46822	
3613.99978474584	52092	46834	
3614.99978346407	52064	46846	
3615.9997821823	52064	46857	
3616.99978090053	52080	46869	
3617.99978459854	52060	46881	
3618.99978331677	52080	46892	
3619.999782035	52076	46904	
3620.999785733	52060	46916	
3621.99978445124	52080	46927	
3622.99978316947	52076	46939	
3623.9997818877	52060	46951	
3624.9997855857	52044	46963	
3625.99978430393	52080	46974	
3626.99978302216	52080	46986	
3627.99978174039	52112	46998	
3628.9997854384	52028	47009	
3629.99978415663	52076	47021	
3630.99978287486	52032	47033	
3631.99978159309	52092	47044	
3632.9997852911	52048	47056	
3633.99978400933	52064	47068	
3634.99978272756	52048	47079	
3635.99978144579	52044	47091	
3636.99978514379	52044	47103	
3637.99978386202	52060	47114	
3638.99978258026	52064	47126	
3639.99978129849	52064	47138	
3640.99978499649	52096	47149	
3641.99978371472	52044	47161	
3642.99978243295	52064	47173	
3643.99978115118	52076	47184	
3644.99978484919	52064	47196	
3645.99978356742	52028	47208	
3646.99978228565	52016	47219	
3647.99978100388	52044	47231	
3648.99978470189	52080	47243	
3649.99978342012	52060	47254	
3650.99978213835	52080	47266	
3651.99978583635	52064	47278	
3652.99978455458	52044	47290	
3653.99978327281	52044	47301	
3654.99978199105	52076	47313	
3655.99978568905	52064	47325	
3656.99978440728	52012	47336	
3657.99978312551	52064	47348	
3658.99978184374	52032	47360	
3659.99978554175	52044	47371	
3660.99978425998	52060	47383	
3661.99978297821	52080	47395	
3662.99978169644	52064	47406	
3663.99978539445	52064	47418	
3664.99978411268	52060	47430	
3665.99978283091	52076	47441	
3666.99978154914	52044	47453	
3667.99978524714	52076	47465	
3668.99978396537	52064	47476	
3669.9997826836	52092	47488	
3670.99978140183	52080	47500	
3671.99978509984	52044	47511	
3672.99978381807	52060	47523	
3673.9997825363	52048	47535	
3674.99978125453	52060	47546	
3675.99978495254	52060	47558	
3676.99977869099	52048	47570	
3677.99977740922	52064	47581	
3678.99977612745	52076	47593	
3679.99977982546	52048	47605	
3680.99977854369	52044	47616	
3681.99977726192	52044	47628	
3682.99977598015	52048	47640	
3683.99977967816	52092	47651	
3684.99977839639	52048	47663	
3685.99977711462	52060	47675	
3686.99978081262	52032	47686	
3687.99977953086	52080	47698	
3688.99977824909	52076	47710	
3689.99977696732	52064	47721	
3690.99978066532	52048	47733	
3691.99977938355	52080	47745	
3692.99977810178	52076	47756	
3693.99977682001	52064	47768	
3694.99978051802	52096	47780	
3695.99977923625	52060	47791	
3696.99977795448	52060	47803	
3697.99977667271	52060	47815	
3698.99978037072	52032	47826	
3699.99977908895	52044	47838	
3700.99977780718	52032	47850	
3701.99977652541	52032	47861	
3702.99978022341	52112	47873	
3703.99977894164	52048	47885	
3704.99977765988	52060	47896	
3705.99977637811	52048	47908	
3706.99978007611	52048	47920	
3707.99977879434	52080	47931	
3708.99977751257	52080	47943	
3709.9997762308	52048	47955	
3710.99977992881	52060	47966	
3711.99977864704	52048	47978	
3712.99977736527	52016	47990	
3713.9997760835	52028	48001	
3714.99977978151	52060	48013	
3715.99977849974	52048	48025	
3716.99977721797	52108	48036	
3717.9997759362	52044	48048	
3718.9997796342	52060	48060	
3719.99977835243	52080	48071	
3720.99977707067	52028	48083	
3721.99978076867	52064	48095	
3722.9997794869	52028	48106	
3723.99977820513	52060	48118	
3724.99977692336	52060	48130	
3725.99978062137	52044	48141	
3726.9997793396	52080	48153	
3727.99977805783	52096	48165	
3728.99977677606	52076	48176	
3729.99978047407	52060	48188	
3730.9997791923	52128	48199	
3731.99977791053	52076	48211	
3732.99977662876	52096	48223	
3733.99978032676	52048	48234	
3734.99977904499	52044	48246	
3735.99977776322	52076	48258	
3736.99977648145	52076	48269	
3737.99978017946	52048	48281	
3738.99977889769	52060	48293	
3739.99977761592	52064	48304	
3740.99977633415	52060	48316	
3741.99978003216	52064	48328	
3742.99977875039	52076	48339	
3743.99977746862	52032	48351	
3744.99977618685	52048	48363	
3745.99977988486	52076	48374	
3746.99977860309	52048	48386	
3747.99977732132	52060	48398	
3748.99977603955	52076	48409	
3749.99977973755	52032	48421	
3750.99977845578	52044	48433	
3751.99977717401	52060	48444	
3752.99978087202	52048	48456	
3753.99977959025	52080	48468	
3754.99977830848	52060	48479	
3755.99977702671	52048	48491	
3756.99978072472	52044	48503	
3757.99977944295	52080	48514	
3758.99977816118	52060	48526	
3759.99977189963	52064	48537	
3760.99977559764	52064	48549	
3761.99977431587	52080	48561	
3762.9997730341	52076	48572	
3763.99977175233	52060	48584	
3764.99977545034	52080	48596	
3765.99977416857	52044	48607	
3766.9997728868	52092	48619	
3767.99977160503	52076	48631	
3768.99977530303	52076	48642	
3769.99977402126	52064	48654	
3770.99977273949	52060	48666	
3771.99977145773	52076	48677	
3772.99977515573	52028	48689	
3773.99977387396	52092	48701	
3774.99977259219	52048	48712	
3775.99977131042	52032	48724	
3776.99977500843	52064	48735	
3777.99977372666	52060	48747	
3778.99977244489	52064	48759	
3779.99977116312	52076	48770	
3780.99977486113	52032	48782	
3781.99977357936	52044	48794	
3782.99977229759	52092	48805	
3783.99977101582	52076	48817	
3784.99977471382	52064	48829	
3785.99977343205	52028	48840	
3786.99977215028	52032	48852	
3787.99977584829	52064	48864	
3788.99977456652	52076	48875	
3789.99977328475	52048	48887	
3790.99977200298	52048	48899	
3791.99977570099	52064	48910	
3792.99977441922	52060	48922	
3793.99977313745	52076	48933	
3794.99977185568	52064	48945	
3795.99977555369	52060	48957	
3796.99977427192	52076	48968	
3797.99977299015	52076	48980	
3798.99977170838	52076	48992	
3799.99977540638	52048	49003	
3800.99977412461	52060	49015	
3801.99977284284	52048	49027	
3802.99977156107	52016	49038	
3803.99977525908	52060	49050	
3804.99977397731	52044	49062	
3805.99977269554	52064	49073	
3806.99977141377	52048	49085	
3807.99977511178	52044	49096	
3808.99977383001	52060	49108	
3809.99977254824	52076	49120	
3810.99977126647	52080	49131	
3811.99977496448	52076	49143	
3812.99977368271	52060	49155	
3813.99977240094	52016	49166	
3814.99977111917	52048	49178	
3815.99977481717	52048	49190	
3816.9997735354	52044	49201	
3817.99977225363	52076	49213	
3818.99977097186	52060	49224	
3819.99977466987	52064	49236	
3820.9997733881	52048	49248	
3821.99977210633	52064	49259	
3822.99977580434	52048	49271	
3823.99977452257	52080	49283	
3824.9997732408	52060	49294	
3825.99977195903	52064	49306	
3826.99977565703	52060	49318	
3827.99977437527	52060	49329	
3828.9997730935	52048	49341	
3829.99977181173	52060	49352	
3830.99977550973	52092	49364	
3831.99977422796	52060	49376	
3832.99977294619	52076	49387	
3833.99977166442	52060	49399	
3834.99977536243	52096	49411	
3835.99977408066	52092	49422	
3836.99977279889	52044	49434	
3837.99977151712	52032	49446	
3838.99977521513	52064	49457	
3839.99977393336	52048	49469	
3840.99977265159	52096	49480	
3841.99977136982	52080	49492	
3842.99977506782	52080	49504	
3843.99976880628	52032	49515	
3844.99976752451	52032	49527	
3845.99976624274	52064	49539	
3846.99976994075	52048	49550	
3847.99976865898	52060	49562	
3848.99976737721	52096	49573	
3849.99976609544	52064	49585	
3850.99976979344	52012	49597	
3851.99976851167	52032	49608	
3852.9997672299	52060	49620	
3853.99977092791	52092	49632	
3854.99976964614	52096	49643	
3855.99976836437	52076	49655	
3856.9997670826	52064	49667	
3857.99977078061	52076	49678	
3858.99976949884	52080	49690	
3859.99976821707	52048	49701	
3860.9997669353	52060	49713	
3861.99977063331	52044	49725	
3862.99976935154	52060	49736	
3863.99976806977	52048	49748	
3864.999766788	52028	49760	
3865.999770486	52028	49771	
3866.99976920423	52076	49783	
3867.99976792246	52060	49794	
3868.99976664069	52076	49806	
3869.9997703387	52060	49818	
3870.99976905693	52060	49829	
3871.99976777516	52064	49841	
3872.99976649339	52060	49853	
3873.9997701914	52064	49864	
3874.99976890963	52064	49876	
3875.99976762786	52028	49887	
3876.99976634609	52028	49899	
3877.9997700441	52076	49911	
3878.99976876233	52064	49922	
3879.99976748056	52064	49934	
3880.99976619879	52064	49946	
3881.99976989679	52064	49957	
3882.99976861502	52048	49969	
3883.99976733325	52064	49980	
3884.99976605148	52076	49992	
3885.99976974949	52064	50004	
3886.99976846772	52048	50015	
3887.99976718595	52060	50027	
3888.99977088396	52080	50039	
3889.99976960219	52092	50050	
3890.99976832042	52060	50062	
3891.99976703865	52044	50073	
3892.99977073665	52060	50085	
3893.99976945489	52028	50097	
3894.99976817312	52064	50108	
3895.99976689135	52080	50120	
3896.99977058935	52060	50132	
3897.99976930758	52048	50143	
3898.99976802581	52064	50155	
3899.99976674404	52044	50166	
3900.99977044205	52048	50178	
3901.99976916028	52076	50190	
3902.99976787851	52028	50201	
3903.99976659674	52060	50213	
3904.99977029475	52032	50225	
3905.99976901298	52044	50236	
3906.99976773121	52080	50248	
3907.99976644944	52044	50259	
3908.99977014744	52048	50271	
3909.99976886567	52044	50283	
3910.99976758391	52048	50294	
3911.99976630214	52044	50306	
3912.99977000014	52064	50317	
3913.99976871837	52032	50329	
3914.9997674366	52064	50341	
3915.99976615483	52060	50352	
3916.99976985284	52016	50364	
3917.99976857107	52016	50376	
3918.9997672893	52048	50387	
3919.99976600753	52044	50399	
3920.99976970554	52060	50410	
3921.99976842377	52048	50422	
3922.999767142	52012	50434	
3923.99977084	52080	50445	
3924.99976955823	52060	50457	
3925.99976827646	52032	50468	
3926.99976201492	52048	50480	
3927.99976571293	52044	50492	
3928.99976443116	52060	50503	
3929.99976314939	52060	50515	
3930.99976186762	52044	50527	
3931.99976556562	52032	50538	
3932.99976428385	52032	50550	
3933.99976300208	52092	50561	
3934.99976172031	52060	50573	
3935.99976541832	52064	50585	
3936.99976413655	52048	50596	
3937.99976285478	51984	50608	
3938.99976157301	52048	50619	
3939.99976527102	52028	50631	
3940.99976398925	52028	50643	
3941.99976270748	52028	50654	
3942.99976142571	52060	50666	
3943.99976512372	52044	50678	
3944.99976384195	52064	50689	
3945.99976256018	52060	50701	
3946.99976127841	52060	50712	
3947.99976497641	52044	50724	
3948.99976369464	52000	50736	
3949.99976241287	52044	50747	
3950.9997611311	52076	50759	
3951.99976482911	52032	50770	
3952.99976354734	52064	50782	
3953.99976226557	52032	50794	
3954.9997609838	52048	50805	
3955.99976468181	52044	50817	
3956.99976340004	52080	50828	
3957.99976211827	52064	50840	
3958.99976581627	52048	50852	
3959.99976453451	52080	50863	
3960.99976325274	52064	50875	
3961.99976197097	52092	50886	
3962.99976566897	52048	50898	
3963.9997643872	52048	50910	
3964.99976310543	52092	50921	
3965.99976182366	52048	50933	
3966.99976552167	52044	50945	
3967.9997642399	52080	50956	
3968.99976295813	52044	50968	
3969.99976167636	52076	50979	
3970.99976537437	52064	50991	
3971.9997640926	52044	51003	
3972.99976281083	52060	51014	
3973.99976152906	52044	51026	
3974.99976522706	52076	51037	
3975.99976394529	52048	51049	
3976.99976266353	52044	51061	
3977.99976138176	52048	51072	
3978.99976507976	52048	51084	
3979.99976379799	52060	51095	
3980.99976251622	52064	51107	
3981.99976123445	52060	51119	
3982.99976493246	52080	51130	
3983.99976365069	52060	51142	
3984.99976236892	52092	51153	
3985.99976108715	52080	51165	
3986.99976478516	52076	51177	
3987.99976350339	52092	51188	
3988.99976222162	51776	51200	
3989.99976591962	52016	51211	
3990.99976463785	51856	51223	
3991.99976335608	51772	51235	
3992.99976207432	51676	51246	
3993.99976577232	52096	51258	
3994.99976449055	51868	51269	
3995.99976320878	51964	51281	
3996.99976192701	52012	51293	
3997.99976562502	52316	51304	
3998.99976434325	52512	51316	
3999.99976306148	52124	51327	
4000.99976177971	52348	51339	
4001.99976547772	52544	51351	
4002.99976419595	52780	51362	
4003.99976291418	52864	51374	
4004.99976163241	52784	51385	
4005.99976533041	52940	51397	
4006.99976404864	52844	51409	
4007.99976276687	53296	51420	
4008.99976148511	53292	51432	
4009.99976518311	52988	51443	
4010.99975892157	53424	51455	
4011.9997576398	53632	51467	
4012.99975635803	53484	51478	
4013.99976005603	53504	51490	
4014.99975877426	53648	51501	
4015.99975749249	54112	51513	
4016.99975621072	53548	51525	
4017.99975990873	54160	51536	
4018.99975862696	54272	51548	
4019.99975734519	54176	51559	
4020.99975606342	53968	51571	
4021.99975976143	54272	51583	
4022.99975847966	54464	51594	
4023.99975719789	54672	51606	
4024.99976089589	54236	51617	
4025.99975961413	55164	51629	
4026.99975833236	54544	51641	
4027.99975705059	55184	51652	
4028.99976074859	54812	51664	
4029.99975946682	55196	51675	
4030.99975818505	55212	51687	
4031.99975690328	55420	51699	
4032.99976060129	55516	51710	
4033.99975931952	55484	51722	
4034.99975803775	55212	51733	
4035.99975675598	55648	51745	
4034.99975803775	56156	51726	
4033.99975931952	55488	51707	
4032.99976060129	55532	51689	
4031.99975690328	55868	51670	
4030.99975818505	55424	51651	
4029.99975946682	55196	51632	
4028.99976074859	55776	51614	
4027.99975705059	55296	51595	
4026.99975833236	55148	51576	
4025.99975961413	55068	51558	
4024.99976089589	55276	51539	
4023.99975719789	54640	51520	
4022.99975847966	54800	51501	
4021.99975976143	54992	51483	
4020.99975606342	54656	51464	
4019.99975734519	54320	51445	
4018.99975862696	54860	51426	
4017.99975990873	54256	51408	
4016.99975621072	54284	51389	
4015.99975749249	54316	51370	
4014.99975877426	54460	51352	
4013.99976005603	54176	51333	
4012.99975635803	53964	51314	
4011.9997576398	53996	51296	
4010.99975892157	54304	51277	
4009.99976518311	53532	51258	
4008.99976148511	53612	51240	
4007.99976276687	53952	51221	
4006.99976404864	53552	51202	
4005.99976533041	53532	51184	
4004.99976163241	53184	51165	
4003.99976291418	53628	51146	
4002.99976419595	52924	51128	
4001.99976547772	53052	51109	
4000.99976177971	53212	51090	
3999.99976306148	52864	51072	
3998.99976434325	53056	51053	
3997.99976562502	53148	51034	
3996.99976192701	52576	51016	
3995.99976320878	52512	50997	
3994.99976449055	52668	50978	
3993.99976577232	52556	50960	
3992.99976207432	52572	50941	
3991.99976335608	52204	50922	
3990.99976463785	52348	50904	
3989.99976591962	52172	50885	
3988.99976222162	51408	50867	
3987.99976350339	52064	50848	
3986.99976478516	52192	50829	
3985.99976108715	51916	50811	
3984.99976236892	51504	50792	
3983.99976365069	51884	50774	
3982.99976493246	51856	50755	
3981.99976123445	52060	50736	
3980.99976251622	51632	50718	
3979.99976379799	51708	50699	
3978.99976507976	52028	50680	
3977.99976138176	52028	50662	
3976.99976266353	52060	50643	
3975.99976394529	52064	50625	
3974.99976522706	52064	50606	
3973.99976152906	52064	50588	
3972.99976281083	52048	50569	
3971.9997640926	52080	50550	
3970.99976537437	52064	50532	
3969.99976167636	52048	50513	
3968.99976295813	52076	50495	
3967.9997642399	52044	50476	
3966.99976552167	52060	50458	
3965.99976182366	52048	50439	
3964.99976310543	52076	50420	
3963.9997643872	52076	50402	
3962.99976566897	52048	50383	
3961.99976197097	52028	50365	
3960.99976325274	52080	50346	
3959.99976453451	52064	50328	
3958.99976581627	52060	50309	
3957.99976211827	52032	50291	
3956.99976340004	52044	50272	
3955.99976468181	52060	50254	
3954.9997609838	52092	50235	
3953.99976226557	52032	50217	
3952.99976354734	52060	50198	
3951.99976482911	52060	50180	
3950.9997611311	52044	50161	
3949.99976241287	52032	50142	
3948.99976369464	52032	50124	
3947.99976497641	52092	50105	
3946.99976127841	52076	50087	
3945.99976256018	52092	50068	
3944.99976384195	52064	50050	
3943.99976512372	52044	50031	
3942.99976142571	52048	50013	
3941.99976270748	52080	49994	
3940.99976398925	52064	49976	
3939.99976527102	52028	49957	
3938.99976157301	52064	49939	
3937.99976285478	52060	49921	
3936.99976413655	52076	49902	
3935.99976541832	52080	49884	
3934.99976172031	52048	49865	
3933.99976300208	52044	49847	
3932.99976428385	52044	49828	
3931.99976556562	52064	49810	
3930.99976186762	52064	49791	
3929.99976314939	52060	49773	
3928.99976443116	52032	49754	
3927.99976571293	52076	49736	
3926.99976201492	52060	49717	
3925.99976827646	52032	49699	
3924.99976955823	52060	49681	
3923.99977084	52064	49662	
3922.999767142	52060	49644	
3921.99976842377	52048	49625	
3920.99976970554	52064	49607	
3919.99976600753	52080	49588	
3918.9997672893	52048	49570	
3917.99976857107	52092	49551	
3916.99976985284	52032	49533	
3915.99976615483	52028	49515	
3914.9997674366	52060	49496	
3913.99976871837	52012	49478	
3912.99977000014	52076	49459	
3911.99976630214	52028	49441	
3910.99976758391	52044	49423	
3909.99976886567	52028	49404	
3908.99977014744	52092	49386	
3907.99976644944	52060	49367	
3906.99976773121	52060	49349	
3905.99976901298	52048	49331	
3904.99977029475	52048	49312	
3903.99976659674	52048	49294	
3902.99976787851	52032	49275	
3901.99976916028	52060	49257	
3900.99977044205	52060	49239	
3899.99976674404	52080	49220	
3898.99976802581	52064	49202	
3897.99976930758	52048	49184	
3896.99977058935	52064	49165	
3895.99976689135	52060	49147	
3894.99976817312	52060	49128	
3893.99976945489	52060	49110	
3892.99977073665	52076	49092	
3891.99976703865	52048	49073	
3890.99976832042	52032	49055	
3889.99976960219	52064	49037	
3888.99977088396	52032	49018	
3887.99976718595	52096	49000	
3886.99976846772	52048	48982	
3885.99976974949	52076	48963	
3884.99976605148	52064	48945	
3883.99976733325	52080	48927	
3882.99976861502	52016	48908	
3881.99976989679	52060	48890	
3880.99976619879	52080	48872	
3879.99976748056	52080	48853	
3878.99976876233	52044	48835	
3877.9997700441	52048	48817	
3876.99976634609	52028	48798	
3875.99976762786	52048	48780	
3874.99976890963	52080	48762	
3873.9997701914	52064	48743	
3872.99976649339	52032	48725	
3871.99976777516	52064	48707	
3870.99976905693	52076	48688	
3869.9997703387	52076	48670	
3868.99976664069	52060	48652	
3867.99976792246	52028	48634	
3866.99976920423	52076	48615	
3865.999770486	52060	48597	
3864.999766788	52032	48579	
3863.99976806977	52060	48560	
3862.99976935154	52076	48542	
3861.99977063331	52080	48524	
3860.9997669353	52064	48506	
3859.99976821707	52060	48487	
3858.99976949884	52048	48469	
3857.99977078061	52060	48451	
3856.9997670826	52060	48433	
3855.99976836437	52064	48414	
3854.99976964614	52048	48396	
3853.99977092791	52076	48378	
3852.9997672299	52028	48360	
3851.99976851167	52060	48341	
3850.99976979344	52032	48323	
3849.99976609544	52080	48305	
3848.99976737721	52060	48287	
3847.99976865898	52044	48268	
3846.99976994075	52044	48250	
3845.99976624274	52048	48232	
3844.99976752451	52032	48214	
3843.99976880628	52048	48195	
3842.99977506782	52076	48177	
3841.99977136982	52076	48159	
3840.99977265159	52076	48141	
3839.99977393336	52076	48122	
3838.99977521513	52076	48104	
3837.99977151712	52064	48086	
3836.99977279889	52092	48068	
3835.99977408066	52064	48050	
3834.99977536243	52080	48031	
3833.99977166442	52048	48013	
3832.99977294619	52108	47995	
3831.99977422796	52080	47977	
3830.99977550973	52048	47959	
3829.99977181173	52064	47940	
3828.9997730935	52032	47922	
3827.99977437527	52044	47904	
3826.99977565703	52064	47886	
3825.99977195903	52076	47868	
3824.9997732408	52048	47849	
3823.99977452257	52044	47831	
3822.99977580434	52060	47813	
3821.99977210633	52044	47795	
3820.9997733881	52080	47777	
3819.99977466987	52092	47759	
3818.99977097186	52076	47740	
3817.99977225363	52044	47722	
3816.9997735354	52016	47704	
3815.99977481717	52064	47686	
3814.99977111917	52048	47668	
3813.99977240094	52028	47650	
3812.99977368271	52032	47631	
3811.99977496448	52096	47613	
3810.99977126647	52048	47595	
3809.99977254824	52048	47577	
3808.99977383001	52080	47559	
3807.99977511178	52048	47541	
3806.99977141377	52080	47523	
3805.99977269554	52060	47504	
3804.99977397731	52076	47486	
3803.99977525908	52080	47468	
3802.99977156107	52044	47450	
3801.99977284284	52092	47432	
3800.99977412461	52064	47414	
3799.99977540638	52048	47396	
3798.99977170838	52064	47378	
3797.99977299015	52048	47359	
3796.99977427192	52060	47341	
3795.99977555369	52080	47323	
3794.99977185568	52076	47305	
3793.99977313745	52080	47287	
3792.99977441922	52028	47269	
3791.99977570099	52076	47251	
3790.99977200298	52016	47233	
3789.99977328475	52076	47215	
3788.99977456652	52044	47197	
3787.99977584829	52064	47178	
3786.99977215028	52092	47160	
3785.99977343205	52032	47142	
3784.99977471382	52076	47124	
3783.99977101582	52080	47106	
3782.99977229759	52076	47088	
3781.99977357936	52048	47070	
3780.99977486113	52092	47052	
3779.99977116312	52064	47034	
3778.99977244489	52048	47016	
3777.99977372666	52048	46998	
3776.99977500843	52080	46980	
3775.99977131042	52048	46962	
3774.99977259219	52060	46944	
3773.99977387396	52048	46926	
3772.99977515573	52028	46907	
3771.99977145773	52048	46889	
3770.99977273949	52060	46871	
3769.99977402126	52048	46853	
3768.99977530303	52080	46835	
3767.99977160503	52092	46817	
3766.9997728868	52080	46799	
3765.99977416857	52064	46781	
3764.99977545034	52064	46763	
3763.99977175233	52096	46745	
3762.9997730341	52044	46727	
3761.99977431587	52092	46709	
3760.99977559764	52060	46691	
3759.99977189963	52064	46673	
3758.99977816118	52064	46655	
3757.99977944295	52092	46637	
3756.99978072472	52060	46619	
3755.99977702671	52032	46601	
3754.99977830848	52064	46583	
3753.99977959025	52060	46565	
3752.99978087202	52064	46547	
3751.99977717401	52044	46529	
3750.99977845578	52032	46511	
3749.99977973755	52032	46493	
3748.99977603955	52044	46475	
3747.99977732132	52076	46457	
3746.99977860309	52032	46439	
3745.99977988486	52048	46421	
3744.99977618685	52060	46403	
3743.99977746862	52076	46385	
3742.99977875039	52092	46367	
3741.99978003216	52060	46349	
3740.99977633415	52028	46331	
3739.99977761592	52080	46313	
3738.99977889769	52060	46295	
3737.99978017946	52032	46277	
3736.99977648145	52048	46259	
3735.99977776322	52044	46241	
3734.99977904499	52060	46223	
3733.99978032676	52064	46205	
3732.99977662876	52076	46187	
3731.99977791053	52032	46169	
3730.9997791923	52032	46151	
3729.99978047407	52076	46134	
3728.99977677606	52092	46116	
3727.99977805783	52060	46098	
3726.9997793396	52060	46080	
3725.99978062137	52092	46062	
3724.99977692336	52076	46044	
3723.99977820513	52064	46026	
3722.9997794869	52032	46008	
3721.99978076867	52044	45990	
3720.99977707067	52076	45972	
3719.99977835243	52076	45954	
3718.9997796342	52060	45936	
3717.9997759362	52044	45918	
3716.99977721797	52028	45900	
3715.99977849974	52064	45883	
3714.99977978151	52032	45865	
3713.9997760835	52060	45847	
3712.99977736527	52076	45829	
3711.99977864704	52044	45811	
3710.99977992881	52044	45793	
3709.9997762308	52064	45775	
3708.99977751257	52080	45757	
3707.99977879434	52064	45739	
3706.99978007611	52076	45721	
3705.99977637811	52080	45704	
3704.99977765988	52076	45686	
3703.99977894164	52080	45668	
3702.99978022341	52048	45650	
3701.99977652541	52080	45632	
3700.99977780718	52092	45614	
3699.99977908895	52044	45596	
3698.99978037072	52092	45578	
3697.99977667271	52060	45560	
3696.99977795448	52060	45543	
3695.99977923625	52048	45525	
3694.99978051802	52080	45507	
3693.99977682001	52076	45489	
3692.99977810178	52076	45471	
3691.99977938355	52080	45453	
3690.99978066532	52076	45435	
3689.99977696732	52076	45418	
3688.99977824909	52076	45400	
3687.99977953086	52080	45382	
3686.99978081262	52096	45364	
3685.99977711462	52080	45346	
3684.99977839639	52064	45328	
3683.99977967816	52044	45311	
3682.99977598015	52076	45293	
3681.99977726192	52076	45275	
3680.99977854369	52076	45257	
3679.99977982546	52060	45239	
3678.99977612745	52044	45221	
3677.99977740922	52064	45204	
3676.99977869099	52076	45186	
3675.99978495254	52080	45168	
3674.99978125453	52080	45150	
3673.9997825363	52048	45132	
3672.99978381807	52092	45114	
3671.99978509984	52064	45097	
3670.99978140183	52080	45079	
3669.9997826836	52092	45061	
3668.99978396537	52080	45043	
3667.99978524714	52060	45025	
3666.99978154914	52080	45008	
3665.99978283091	52064	44990	
3664.99978411268	52044	44972	
3663.99978539445	52092	44954	
3662.99978169644	52060	44936	
3661.99978297821	52092	44919	
3660.99978425998	52064	44901	
3659.99978554175	52080	44883	
3658.99978184374	52080	44865	
3657.99978312551	52044	44848	
3656.99978440728	52092	44830	
3655.99978568905	52124	44812	
3654.99978199105	52092	44794	
3653.99978327281	52076	44776	
3652.99978455458	52048	44759	
3651.99978583635	52080	44741	
3650.99978213835	52064	44723	
3649.99978342012	52092	44705	
3648.99978470189	52080	44688	
3647.99978100388	52076	44670	
3646.99978228565	52064	44652	
3645.99978356742	52108	44634	
3644.99978484919	52076	44617	
3643.99978115118	52112	44599	
3642.99978243295	52064	44581	
3641.99978371472	52092	44563	
3640.99978499649	52092	44546	
3639.99978129849	52060	44528	
3638.99978258026	52092	44510	
3637.99978386202	52060	44492	
3636.99978514379	52108	44475	
3635.99978144579	52096	44457	
3634.99978272756	52124	44439	
3633.99978400933	52060	44422	
3632.9997852911	52048	44404	
3631.99978159309	52076	44386	
3630.99978287486	52080	44368	
3629.99978415663	52092	44351	
3628.9997854384	52108	44333	
3627.99978174039	52048	44315	
3626.99978302216	52064	44298	
3625.99978430393	52128	44280	
3624.9997855857	52064	44262	
3623.9997818877	52080	44244	
3622.99978316947	52108	44227	
3621.99978445124	52060	44209	
3620.999785733	52064	44191	
3619.999782035	52092	44174	
3618.99978331677	52108	44156	
3617.99978459854	52064	44138	
3616.99978090053	52092	44121	
3615.9997821823	52096	44103	
3614.99978346407	52080	44085	
3613.99978474584	52076	44068	
3612.99978104783	52076	44050	
3611.9997823296	52076	44032	
3610.99978361137	52092	44014	
3609.99978489314	52076	43997	
3608.99978119514	52096	43979	
3607.99978247691	52060	43961	
3606.99978375868	52080	43944	
3605.99978504045	52076	43926	
3604.99978134244	52108	43908	
3603.99978262421	52092	43891	
3602.99978390598	52060	43873	
3601.99978518775	52028	43856	
3600.99978148974	52080	43838	
3599.99978277151	52076	43820	
3598.99978405328	52048	43803	
3597.99978533505	52112	43785	
3596.99978163704	52096	43767	
3595.99978291881	52060	43750	
3594.99978420058	52080	43732	
3593.99978548235	52096	43714	
3592.99978178435	52060	43697	
3591.99978804589	52048	43679	
3590.99978932766	52060	43661	
3589.99979060943	52080	43644	
3588.99978691143	52096	43626	
3587.99978819319	52048	43609	
3586.99978947496	52108	43591	
3585.99979075673	52064	43573	
3584.99978705873	52044	43556	
3583.9997883405	52044	43538	
3582.99978962227	52092	43521	
3581.99978592426	52080	43503	
3580.99978720603	52076	43485	
3579.9997884878	52064	43468	
3578.99978976957	52076	43450	
3577.99978607156	52076	43433	
3576.99978735333	52076	43415	
3575.9997886351	52060	43397	
3574.99978991687	52092	43380	
3573.99978621887	52064	43362	
3572.99978750064	52048	43345	
3571.9997887824	52092	43327	
3570.99979006417	52028	43309	
3569.99978636617	52080	43292	
3568.99978764794	52076	43274	
3567.99978892971	52092	43257	
3566.99979021148	52064	43239	
3565.99978651347	52048	43221	
3564.99978779524	52076	43204	
3563.99978907701	52044	43186	
3562.99979035878	52108	43169	
3561.99978666077	52076	43151	
3560.99978794254	52108	43134	
3559.99978922431	52080	43116	
3558.99979050608	52080	43099	
3557.99978680808	52044	43081	
3556.99978808985	52064	43063	
3555.99978937162	52064	43046	
3554.99979065338	52044	43028	
3553.99978695538	52080	43011	
3552.99978823715	52076	42993	
3551.99978951892	52080	42976	
3550.99979080069	52080	42958	
3549.99978710268	52096	42941	
3548.99978838445	52044	42923	
3547.99978966622	52032	42906	
3546.99978596821	52076	42888	
3545.99978724998	52076	42870	
3544.99978853175	52064	42853	
3543.99978981352	52108	42835	
3542.99978611552	52096	42818	
3541.99978739729	52092	42800	
3540.99978867906	52064	42783	
3539.99978996083	52080	42765	
3538.99978626282	52092	42748	
3537.99978754459	52048	42730	
3536.99978882636	52080	42713	
3535.99979010813	52064	42695	
3534.99978641012	52064	42678	
3533.99978769189	52076	42660	
3532.99978897366	52060	42643	
3531.99979025543	52092	42625	
3530.99978655742	52096	42608	
3529.99978783919	52080	42590	
3528.99978912096	52060	42573	
3527.99979040273	52092	42555	
3526.99978670473	52064	42538	
3525.9997879865	52108	42520	
3524.99978926827	52108	42503	
3523.99979055004	52064	42485	
3522.99978685203	52096	42468	
3521.9997881338	52064	42450	
3520.99978941557	52028	42433	
3519.99979069734	52064	42415	
3518.99978699933	52064	42398	
3517.9997882811	52060	42380	
3516.99978956287	52112	42363	
3515.99979084464	52108	42346	
3514.99978714663	52080	42328	
3513.9997884284	52076	42311	
3512.99978971017	52108	42293	
3511.99978601217	52092	42276	
3510.99978729394	52092	42258	
3509.99978857571	52076	42241	
3508.99978985748	52076	42223	
3507.99979113925	52092	42206	
3506.99979242102	52044	42188	
3505.99979370278	52076	42171	
3504.99979498455	52064	42154	
3503.99979128655	52092	42136	
3502.99979256832	52112	42119	
3501.99979385009	52080	42101	
3500.99979513186	52092	42084	
3499.99979143385	52048	42066	
3498.99979271562	52108	42049	
3497.99979399739	52108	42032	
3496.99979527916	52064	42014	
3495.99979158115	52096	41997	
3494.99979286292	52044	41979	
3493.99979414469	52108	41962	
3492.99979542646	52080	41944	
3491.99979172846	52092	41927	
3490.99979301023	52076	41910	
3489.99979429199	52108	41892	
3488.99979557376	52112	41875	
3487.99979187576	52064	41857	
3486.99979315753	52080	41840	
3485.9997944393	52096	41823	
3484.99979572107	52128	41805	
3483.99979202306	52064	41788	
3482.99979330483	52096	41770	
3481.9997945866	52064	41753	
3480.99979088859	52108	41736	
3479.99979217036	52076	41718	
3478.99979345213	52096	41701	
3477.9997947339	52080	41683	
3476.9997910359	52112	41666	
3475.99979231767	52076	41649	
3474.99979359944	52108	41631	
3473.99979488121	52076	41614	
3472.9997911832	52076	41596	
3471.99979246497	52080	41579	
3470.99979374674	52080	41562	
3469.99979502851	52076	41544	
3468.9997913305	52080	41527	
3467.99979261227	52092	41510	
3466.99979389404	52080	41492	
3465.99979517581	52076	41475	
3464.9997914778	52048	41458	
3463.99979275957	52112	41440	
3462.99979404134	52076	41423	
3461.99979532311	52080	41405	
3460.99979162511	52080	41388	
3459.99979290688	52076	41371	
3458.99979418865	52076	41353	
3457.99979547042	52092	41336	
3456.99979177241	52096	41319	
3455.99979305418	52076	41301	
3454.99979433595	52108	41284	
3453.99979561772	52076	41267	
3452.99979191971	52048	41249	
3451.99979320148	52080	41232	
3450.99979448325	52060	41215	
3449.99979576502	52080	41197	
3448.99979206701	52112	41180	
3447.99979334878	52080	41163	
3446.99979463055	52124	41145	
3445.99979093255	52064	41128	
3444.99979221432	52080	41111	
3443.99979349609	52080	41093	
3442.99979477786	52096	41076	
3441.99979107985	52064	41059	
3440.99979236162	52112	41041	
3439.99979364339	52064	41024	
3438.99979492516	52112	41007	
3437.99979122715	52108	40990	
3436.99979250892	52112	40972	
3435.99979379069	52080	40955	
3434.99979507246	52092	40938	
3433.99979137446	52092	40920	
3432.99979265622	52064	40903	
3431.99979393799	52076	40886	
3430.99979521976	52048	40868	
3429.99979152176	52060	40851	
3428.99979280353	52108	40834	
3427.9997940853	52124	40817	
3426.99979536707	52080	40799	
3425.99979166906	52044	40782	
3424.99979793061	52076	40765	
3423.99979921237	52076	40747	
3422.99980049414	52080	40730	
3421.99979679614	52096	40713	
3420.99979807791	52060	40696	
3419.99979935968	52096	40678	
3418.99980064145	52080	40661	
3417.99979694344	52112	40644	
3416.99979822521	52076	40627	
3415.99979950698	52076	40609	
3414.99980078875	52076	40592	
3413.99979709074	52064	40575	
3412.99979837251	52080	40558	
3411.99979965428	52080	40540	
3410.99979595628	52108	40523	
3409.99979723805	52076	40506	
3408.99979851982	52096	40489	
3407.99979980159	52080	40471	
3406.99979610358	52044	40454	
3405.99979738535	52048	40437	
3404.99979866712	52096	40420	
3403.99979994889	52064	40402	
3402.99979625088	52092	40385	
3401.99979753265	52060	40368	
3400.99979881442	52060	40351	
3399.99980009619	52076	40333	
3398.99979639818	52076	40316	
3397.99979767995	52080	40299	
3396.99979896172	52060	40282	
3395.99980024349	52092	40264	
3394.99979654549	52064	40247	
3393.99979782726	52076	40230	
3392.99979910903	52064	40213	
3391.9998003908	52092	40196	
3390.99979669279	52064	40178	
3389.99979797456	52048	40161	
3388.99979925633	52076	40144	
3387.9998005381	52096	40127	
3386.99979684009	52076	40110	
3385.99979812186	52064	40092	
3384.99979940363	52064	40075	
3383.9998006854	52076	40058	
3382.99979698739	52028	40041	
3381.99979826916	52048	40024	
3380.99979955093	52060	40006	
3379.99979585293	52064	39989	
3378.9997971347	52080	39972	
3377.99979841647	52048	39955	
3376.99979969824	52060	39938	
3375.99979600023	52060	39920	
3374.999797282	52076	39903	
3373.99979856377	52076	39886	
3372.99979984554	52064	39869	
3371.99979614753	52060	39852	
3370.9997974293	52092	39835	
3369.99979871107	52080	39817	
3368.99979999284	52028	39800	
3367.99979629484	52060	39783	
3366.9997975766	52048	39766	
3365.99979885837	52076	39749	
3364.99980014014	52028	39732	
3363.99979644214	52080	39714	
3362.99979772391	52048	39697	
3361.99979900568	52092	39680	
3360.99980028745	52092	39663	
3359.99979658944	52064	39646	
3358.99979787121	52064	39629	
3357.99979915298	52044	39611	
3356.99980043475	52076	39594	
3355.99979673674	52048	39577	
3354.99979801851	52080	39560	
3353.99979930028	52108	39543	
3352.99980058205	52096	39526	
3351.99979688405	52060	39509	
3350.99979816581	52076	39491	
3349.99979944758	52096	39474	
3348.99980072935	52064	39457	
3347.99979703135	52092	39440	
3346.99979831312	52032	39423	
3345.99979959489	52060	39406	
3344.99979589688	52048	39389	
3343.99979717865	52092	39372	
3342.99979846042	52096	39354	
3341.99979974219	52044	39337	
3340.99980102396	52044	39320	
3339.99980230573	52032	39303	
3338.9998035875	52032	39286	
3337.99980486927	52060	39269	
3336.99980117126	52076	39252	
3335.99980245303	52076	39235	
3334.9998037348	52076	39218	
3333.99980501657	52108	39200	
3332.99980131856	52124	39183	
3331.99980260033	52076	39166	
3330.9998038821	52048	39149	
3329.99980516387	52064	39132	
3328.99980146587	52096	39115	
3327.99980274764	52076	39098	
3326.99980402941	52108	39081	
3325.99980531118	52060	39064	
3324.99980161317	52092	39047	
3323.99980289494	52080	39030	
3322.99980417671	52064	39012	
3321.99980545848	52064	38995	
3320.99980176047	52096	38978	
3319.99980304224	52096	38961	
3318.99980432401	52028	38944	
3317.99980560578	52060	38927	
3316.99980190777	52064	38910	
3315.99980318954	52080	38893	
3314.99980447131	52096	38876	
3313.99980575308	52076	38859	
3312.99980205508	52092	38842	
3311.99980333685	52064	38825	
3310.99980461862	52076	38808	
3309.99980092061	52076	38791	
3308.99980220238	52092	38774	
3307.99980348415	52076	38756	
3306.99980476592	52092	38739	
3305.99980106791	52064	38722	
3304.99980234968	52080	38705	
3303.99980363145	52076	38688	
3302.99980491322	52076	38671	
3301.99980121522	52096	38654	
3300.99980249698	52092	38637	
3299.99980377875	52108	38620	
3298.99980506052	52076	38603	
3297.99980136252	52048	38586	
3296.99980264429	52060	38569	
3295.99980392606	52080	38552	
3294.99980520783	52080	38535	
3293.99980150982	52064	38518	
3292.99980279159	52060	38501	
3291.99980407336	52096	38484	
3290.99980535513	52096	38467	
3289.99980165712	52108	38450	
3288.99980293889	52112	38433	
3287.99980422066	52080	38416	
3286.99980550243	52096	38399	
3285.99980180443	52080	38382	
3284.99980308619	52096	38365	
3283.99980436796	52108	38348	
3282.99980564973	52096	38331	
3281.99980195173	52076	38314	
3280.9998032335	52096	38297	
3279.99980451527	52112	38280	
3278.99980081726	52092	38263	
3277.99980209903	52064	38246	
3276.9998033808	52076	38229	
3275.99980466257	52124	38212	
3274.99980096456	52012	38195	
3273.99980224633	52064	38178	
3272.9998035281	52048	38161	
3271.99980480987	52076	38144	
3270.99980111187	52128	38127	
3269.99980239364	52096	38110	
3268.99980367541	52048	38093	
3267.99980495718	52112	38076	
3266.99980125917	52092	38059	
3265.99980254094	52064	38042	
3264.99980382271	52092	38025	
3263.99980510448	52108	38008	
3262.99980140647	52092	37991	
3261.99980268824	52092	37974	
3260.99980397001	52064	37957	
3259.99980525178	52080	37940	
3258.99980155377	52096	37923	
3257.99980781532	52128	37906	
3256.99980909709	52064	37889	
3255.99981037886	52096	37872	
3254.99980668085	52060	37855	
3253.99980796262	52080	37838	
3252.99980924439	52076	37821	
3251.99981052616	52060	37804	
3250.99980682815	52064	37787	
3249.99980810992	52076	37771	
3248.99980939169	52060	37754	
3247.99981067346	52096	37737	
3246.99980697546	52092	37720	
3245.99980825723	52064	37703	
3244.999809539	52080	37686	
3243.99980584099	52048	37669	
3242.99980712276	52096	37652	
3241.99980840453	52080	37635	
3240.9998096863	52080	37618	
3239.99980598829	52080	37601	
3238.99980727006	52096	37584	
3237.99980855183	52080	37567	
3236.9998098336	52076	37550	
3235.9998061356	52044	37533	
3234.99980741737	52096	37517	
3233.99980869913	52092	37500	
3232.9998099809	52048	37483	
3231.9998062829	52108	37466	
3230.99980756467	52092	37449	
3229.99980884644	52076	37432	
3228.99981012821	52108	37415	
3227.9998064302	52108	37398	
3226.99980771197	52060	37381	
3225.99980899374	52092	37364	
3224.99981027551	52080	37347	
3223.9998065775	52092	37331	
3222.99980785927	52096	37314	
3221.99980914104	52060	37297	
3220.99981042281	52092	37280	
3219.99980672481	52108	37263	
3218.99980800658	52060	37246	
3217.99980928834	52108	37229	
3216.99981057011	52080	37212	
3215.99980687211	52080	37195	
3214.99980815388	52076	37179	
3213.99980943565	52060	37162	
3212.99981071742	52076	37145	
3211.99980701941	52096	37128	
3210.99980830118	52064	37111	
3209.99980958295	52112	37094	
3208.99980588494	52048	37077	
3207.99980716671	52092	37060	
3206.99980844848	52096	37044	
3205.99980973025	52064	37027	
3204.99980603225	52064	37010	
3203.99980731402	52064	36993	
3202.99980859579	52092	36976	
3201.99980987756	52096	36959	
3200.99980617955	52092	36942	
3199.99980746132	52064	36926	
3198.99980874309	52064	36909	
3197.99981002486	52112	36892	
3196.99980632685	52096	36875	
3195.99980760862	52076	36858	
3194.99980889039	52076	36841	
3193.99981017216	52108	36824	
3192.99980647415	52112	36808	
3191.99980775592	52092	36791	
3190.99980903769	52076	36774	
3189.99981031946	52096	36757	
3188.99980662146	52080	36740	
3187.99980790323	52112	36723	
3186.999809185	52076	36707	
3185.99981046677	52080	36690	
3184.99980676876	52108	36673	
3183.99980805053	52092	36656	
3182.9998093323	52096	36639	
3181.99981061407	52124	36622	
3180.99980691606	52124	36606	
3179.99980819783	52112	36589	
3178.9998094796	52108	36572	
3177.99981076137	52112	36555	
3176.99980706336	52092	36538	
3175.99980834513	52076	36521	
3174.9998096269	52064	36505	
3173.99981090867	52092	36488	
3172.99981219044	52124	36471	
3171.99981347221	52124	36454	
3170.99981475398	52108	36437	
3169.99981105598	52124	36421	
3168.99981233775	52060	36404	
3167.99981361951	52092	36387	
3166.99981490128	52108	36370	
3165.99981120328	52124	36353	
3164.99981248505	52048	36337	
3163.99981376682	52112	36320	
3162.99981504859	52112	36303	
3161.99981135058	52060	36286	
3160.99981263235	52064	36269	
3159.99981391412	52112	36253	
3158.99981519589	52092	36236	
3157.99981149788	52092	36219	
3156.99981277965	52076	36202	
3155.99981406142	52092	36186	
3154.99981534319	52096	36169	
3153.99981164519	52092	36152	
3152.99981292696	52092	36135	
3151.99981420872	52080	36118	
3150.99981549049	52092	36102	
3149.99981179249	52096	36085	
3148.99981307426	52080	36068	
3147.99981435603	52096	36051	
3146.9998156378	52092	36035	
3145.99981193979	52128	36018	
3144.99981322156	52128	36001	
3143.99981450333	52096	35984	
3142.99981080532	52124	35968	
3141.99981208709	52092	35951	
3140.99981336886	52108	35934	
3139.99981465063	52108	35917	
3138.99981095263	52060	35901	
3137.9998122344	52108	35884	
3136.99981351617	52096	35867	
3135.99981479794	52092	35850	
3134.99981109993	52076	35834	
3133.9998123817	52080	35817	
3132.99981366347	52064	35800	
3131.99981494524	52076	35783	
3130.99981124723	52096	35767	
3129.999812529	52048	35750	
3128.99981381077	52092	35733	
3127.99981509254	52092	35716	
3126.99981139453	52092	35700	
3125.9998126763	52092	35683	
3124.99981395807	52080	35666	
3123.99981523984	52076	35649	
3122.99981154184	52060	35633	
3121.99981282361	52096	35616	
3120.99981410538	52112	35599	
3119.99981538715	52080	35583	
3118.99981168914	52044	35566	
3117.99981297091	52064	35549	
3116.99981425268	52080	35532	
3115.99981553445	52092	35516	
3114.99981183644	52032	35499	
3113.99981311821	52080	35482	
3112.99981439998	52096	35466	
3111.99981568175	52080	35449	
3110.99981198374	52060	35432	
3109.99981326551	52064	35416	
3108.99981454728	52096	35399	
3107.99981084928	52060	35382	
3106.99981213105	52128	35365	
3105.99981341282	52092	35349	
3104.99981469459	52092	35332	
3103.99981099658	52112	35315	
3102.99981227835	52044	35299	
3101.99981356012	52092	35282	
3100.99981484189	52092	35265	
3099.99981114388	52096	35249	
3098.99981242565	52092	35232	
3097.99981370742	52112	35215	
3096.99981498919	52076	35199	
3095.99981129118	52092	35182	
3094.99981257295	52128	35165	
3093.99981385472	52096	35149	
3092.99981513649	52128	35132	
3091.99981143849	52064	35115	
3090.99981770003	52080	35099	
3089.9998189818	52076	35082	
3088.99982026357	52108	35065	
3087.99981656557	52096	35049	
3086.99981784734	52112	35032	
3085.9998191291	52112	35015	
3084.99982041087	52080	34999	
3083.99981671287	52128	34982	
3082.99981799464	52096	34965	
3081.99981927641	52076	34949	
3080.99982055818	52096	34932	
3079.99981686017	52108	34915	
3078.99981814194	52092	34899	
3077.99981942371	52112	34882	
3076.99982070548	52108	34865	
3075.99981700747	52112	34849	
3074.99981828924	52080	34832	
3073.99981957101	52048	34815	
3072.99981587301	52060	34799	
3071.99981715478	52096	34782	
3070.99981843655	52096	34765	
3069.99981971831	52080	34749	
3068.99981602031	52076	34732	
3067.99981730208	52044	34716	
3066.99981858385	52112	34699	
3065.99981986562	52140	34682	
3064.99981616761	52048	34666	
3063.99981744938	52112	34649	
3062.99981873115	52096	34632	
3061.99982001292	52108	34616	
3060.99981631491	52108	34599	
3059.99981759668	52092	34583	
3058.99981887845	52092	34566	
3057.99982016022	52124	34549	
3056.99981646222	52096	34533	
3055.99981774399	52112	34516	
3054.99981902576	52064	34500	
3053.99982030753	52092	34483	
3052.99981660952	52092	34466	
3051.99981789129	52080	34450	
3050.99981917306	52096	34433	
3049.99982045483	52092	34417	
3048.99981675682	52092	34400	
3047.99981803859	52060	34383	
3046.99981932036	52096	34367	
3045.99982060213	52092	34350	
3044.99981690412	52096	34334	
3043.99981818589	52080	34317	
3042.99981946766	52124	34300	
3041.99981576966	52092	34284	
3040.99981705143	52080	34267	
3039.9998183332	52092	34251	
3038.99981961497	52128	34234	
3037.99981591696	52080	34217	
3036.99981719873	52060	34201	
3035.9998184805	52096	34184	
3034.99981976227	52092	34168	
3033.99981606426	52076	34151	
3032.99981734603	52096	34135	
3031.9998186278	52096	34118	
3030.99981990957	52080	34101	
3029.99981621156	52108	34085	
3028.99981749333	52076	34068	
3027.9998187751	52016	34052	
3026.99982005687	52064	34035	
3025.99981635887	52092	34019	
3024.99981764064	52064	34002	
3023.99981892241	52064	33985	
3022.99982020418	52112	33969	
3021.99981650617	52112	33952	
3020.99981778794	52064	33936	
3019.99981906971	52080	33919	
3018.99982035148	52048	33903	
3017.99981665347	52092	33886	
3016.99981793524	52076	33870	
3015.99981921701	52092	33853	
3014.99982049878	52064	33837	
3013.99981680078	52080	33820	
