Graphite%SampleName
Probe8%ProbeName
20000%MaxDepth
1%step_size_nm
40%StiffnessPRC_nN_per_nm
76.9866%PRC_ADCValue_per_nm
1500%TriggerForce_nN
5000%LoopDelay_uS
2048%NumberOfSamplingPoints
%
%
%
%
%
%
%
%
%
%
%
8500.0000005%XL
6500.0000005%YL

2442.9998515226	52204	22425	
2441.99985280437	52204	22412	
2440.99985408614	52188	22400	
2439.99985536791	52156	22388	
2438.9998516699	52208	22375	
2437.99985295167	52176	22363	
2436.99985423344	52188	22350	
2435.99985551521	52172	22338	
2434.9998518172	52192	22326	
2433.99985309897	52188	22313	
2432.99985438074	52220	22301	
2431.99985068274	52224	22289	
2430.99985196451	52172	22276	
2429.99985324628	52192	22264	
2428.99985452805	52192	22252	
2427.99985083004	52176	22239	
2426.99985211181	52176	22227	
2425.99985339358	52172	22215	
2424.99985467535	52192	22202	
2423.99985097734	52192	22190	
2422.99985225911	52192	22178	
2421.99985852066	52224	22165	
2420.99985980243	52172	22153	
2419.99985610442	52172	22140	
2418.99985738619	52220	22128	
2417.99985866796	52192	22116	
2416.99985994973	52188	22103	
2415.99985625172	52188	22091	
2414.99985753349	52172	22079	
2413.99985881526	52172	22066	
2412.99986009703	52160	22054	
2411.99985639902	52176	22042	
2410.99985768079	52192	22029	
2409.99985896256	52220	22017	
2408.99986024433	52176	22005	
2407.99985654633	52176	21992	
2406.9998578281	52172	21980	
2405.99985910987	52176	21968	
2404.99986039164	52192	21955	
2403.99985669363	52172	21943	
2402.9998579754	52176	21931	
2401.99985925717	52160	21918	
2400.99986053894	52160	21906	
2399.99985684093	52176	21894	
2398.9998581227	52144	21881	
2397.99985940447	52188	21869	
2396.99985570647	52172	21857	
2395.99985698824	52176	21844	
2394.99985827	52204	21832	
2393.99985955177	52188	21820	
2392.99985585377	52176	21807	
2391.99985713554	52204	21795	
2390.99985841731	52192	21783	
2389.99985969908	52188	21770	
2388.99985600107	52204	21758	
2387.99985728284	52188	21746	
2386.99985856461	52172	21733	
2385.99985984638	52172	21721	
2384.99985614837	52160	21709	
2383.99985743014	52160	21696	
2382.99985871191	52208	21684	
2381.99985999368	52192	21672	
2380.99985629568	52204	21659	
2379.99985757745	52176	21647	
2378.99985885921	52176	21635	
2377.99986014098	52220	21623	
2376.99985644298	52176	21610	
2375.99985772475	52224	21598	
2374.99985900652	52176	21586	
2373.99986028829	52204	21573	
2372.99985659028	52224	21561	
2371.99985787205	52188	21549	
2370.99985915382	52220	21536	
2369.99986043559	52220	21524	
2368.99985673758	52220	21512	
2367.99985801935	52204	21499	
2366.99985930112	52192	21487	
2365.99985560312	52204	21475	
2364.99985688489	52192	21462	
2363.99985816666	52188	21450	
2362.99985944843	52192	21438	
2361.99985575042	52204	21426	
2360.99985703219	52208	21413	
2359.99985831396	52192	21401	
2358.99985959573	52192	21389	
2357.99985589772	52192	21376	
2356.99985717949	52192	21364	
2355.99985846126	52176	21352	
2354.99985974303	52176	21339	
2353.99985604502	52208	21327	
2352.99985732679	52204	21315	
2351.99985860856	52156	21303	
2350.99985989033	52160	21290	
2349.99985619233	52176	21278	
2348.9998574741	52204	21266	
2347.99985875587	52204	21253	
2346.99986003764	52172	21241	
2345.99985633963	52208	21229	
2344.9998576214	52176	21216	
2343.99985890317	52224	21204	
2342.99986018494	52192	21192	
2341.99985648693	52188	21180	
2340.9998577687	52176	21167	
2339.99985905047	52220	21155	
2338.99986531202	52188	21143	
2337.99986161401	52176	21130	
2336.99986289578	52220	21118	
2335.99986417755	52208	21106	
2334.99986545932	52204	21093	
2333.99986176131	52172	21081	
2332.99986304308	52176	21069	
2331.99986432485	52188	21057	
2330.99986062685	52176	21044	
2329.99986190862	52220	21032	
2328.99986319039	52188	21020	
2327.99986447215	52172	21007	
2326.99986077415	52188	20995	
2325.99986205592	52176	20983	
2324.99986333769	52220	20971	
2323.99986461946	52172	20958	
2322.99986092145	52176	20946	
2321.99986220322	52192	20934	
2320.99986348499	52160	20922	
2319.99986476676	52188	20909	
2318.99986106875	52140	20897	
2317.99986235052	52160	20885	
2316.99986363229	52192	20872	
2315.99986491406	52224	20860	
2314.99986121606	52208	20848	
2313.99986249783	52176	20836	
2312.9998637796	52160	20823	
2311.99986506136	52224	20811	
2310.99986136336	52156	20799	
2309.99986264513	52188	20786	
2308.9998639269	52192	20774	
2307.99986520867	52204	20762	
2306.99986151066	52224	20750	
2305.99986279243	52220	20737	
2304.9998640742	52204	20725	
2303.99986535597	52192	20713	
2302.99986165796	52172	20701	
2301.99986293973	52208	20688	
2300.9998642215	52236	20676	
2299.99986550327	52204	20664	
2298.99986180527	52192	20651	
2297.99986308704	52188	20639	
2296.99986436881	52236	20627	
2295.9998606708	52192	20615	
2294.99986195257	52192	20602	
2293.99986323434	52204	20590	
2292.99986451611	52204	20578	
2291.9998608181	52192	20566	
2290.99986209987	52188	20553	
2289.99986338164	52204	20541	
2288.99986466341	52204	20529	
2287.9998609654	52208	20517	
2286.99986224717	52204	20504	
2285.99986352894	52192	20492	
2284.99986481071	52208	20480	
2283.99986111271	52208	20468	
2282.99986239448	52188	20455	
2281.99986367625	52192	20443	
2280.99986495802	52144	20431	
2279.99986126001	52204	20419	
2278.99986254178	52176	20406	
2277.99986382355	52204	20394	
2276.99986510532	52172	20382	
2275.99986140731	52204	20370	
2274.99986268908	52192	20357	
2273.99986397085	52188	20345	
2272.99986525262	52192	20333	
2271.99986155461	52160	20321	
2270.99986283638	52220	20308	
2269.99986411815	52140	20296	
2268.99986539992	52208	20284	
2267.99986170192	52204	20272	
2266.99986298369	52172	20259	
2265.99986426546	52220	20247	
2264.99986056745	52172	20235	
2263.99986184922	52188	20223	
2262.99986313099	52204	20210	
2261.99986441276	52192	20198	
2260.99986071475	52204	20186	
2259.99986199652	52220	20174	
2258.99986327829	52236	20161	
2257.99986456006	52224	20149	
2256.99986086206	52220	20137	
2255.99986214382	52176	20125	
2254.99986840537	52240	20112	
2253.99986968714	52204	20100	
2252.99986598913	52176	20088	
2251.9998672709	52188	20076	
2250.99986855267	52192	20063	
2249.99986983444	52204	20051	
2248.99986613644	52208	20039	
2247.99986741821	52176	20027	
2246.99986869998	52204	20014	
2245.99986998174	52192	20002	
2244.99986628374	52176	19990	
2243.99986756551	52172	19978	
2242.99986884728	52176	19966	
2241.99987012905	52172	19953	
2240.99986643104	52188	19941	
2239.99986771281	52204	19929	
2238.99986899458	52208	19917	
2237.99987027635	52188	19904	
2236.99986657834	52208	19892	
2235.99986786011	52176	19880	
2234.99986914188	52172	19868	
2233.99987042365	52188	19855	
2232.99986672565	52188	19843	
2231.99986800742	52208	19831	
2230.99986928919	52208	19819	
2229.99986559118	52192	19807	
2228.99986687295	52172	19794	
2227.99986815472	52208	19782	
2226.99986943649	52204	19770	
2225.99986573848	52176	19758	
2224.99986702025	52176	19745	
2223.99986830202	52176	19733	
2222.99986958379	52224	19721	
2221.99986588578	52236	19709	
2220.99986716755	52236	19697	
2219.99986844932	52224	19684	
2218.99986973109	52192	19672	
2217.99986603309	52208	19660	
2216.99986731486	52204	19648	
2215.99986859663	52236	19635	
2214.9998698784	52208	19623	
2213.99986618039	52208	19611	
2212.99986746216	52192	19599	
2211.99986874393	52252	19587	
2210.9998700257	52220	19574	
2209.99986632769	52204	19562	
2208.99986760946	52188	19550	
2207.99986889123	52204	19538	
2206.999870173	52208	19526	
2205.99986647499	52208	19513	
2204.99986775676	52236	19501	
2203.99986903853	52172	19489	
2202.9998703203	52208	19477	
2201.9998666223	52172	19465	
2200.99986790407	52192	19452	
2199.99986918584	52220	19440	
2198.99987046761	52188	19428	
2197.9998667696	52236	19416	
2196.99986805137	52208	19403	
2195.99986933314	52192	19391	
2194.99986563513	52208	19379	
2193.9998669169	52204	19367	
2192.99986819867	52220	19355	
2191.99986948044	52208	19342	
2190.99986578244	52188	19330	
2189.9998670642	52204	19318	
2188.99986834597	52224	19306	
2187.99986962774	52204	19294	
2186.99986592974	52176	19281	
2185.99986721151	52208	19269	
2184.99986849328	52236	19257	
2183.99986977505	52204	19245	
2182.99986607704	52204	19233	
2181.99986735881	52208	19220	
2180.99986864058	52204	19208	
2179.99986992235	52192	19196	
2178.99986622434	52176	19184	
2177.99986750611	52220	19172	
2176.99986878788	52188	19159	
2175.99987006965	52240	19147	
2174.99986637165	52208	19135	
2173.99986765342	52224	19123	
2172.99986893518	52208	19111	
2171.99987519673	52204	19099	
2170.99987149872	52208	19086	
2169.99987278049	52204	19074	
2168.99987406226	52192	19062	
2167.99987534403	52224	19050	
2166.99987164603	52172	19038	
2165.9998729278	52144	19025	
2164.99987420957	52220	19013	
2163.99987549133	52220	19001	
2162.99987179333	52172	18989	
2161.9998730751	52176	18977	
2160.99987435687	52220	18964	
2159.99987065886	52208	18952	
2158.99987194063	52224	18940	
2157.9998732224	52204	18928	
2156.99987450417	52192	18916	
2155.99987080616	52204	18904	
2154.99987208793	52224	18891	
2153.9998733697	52220	18879	
2152.99987465147	52204	18867	
2151.99987095347	52176	18855	
2150.99987223524	52192	18843	
2149.99987351701	52192	18830	
2148.99987479878	52208	18818	
2147.99987110077	52204	18806	
2146.99987238254	52220	18794	
2145.99987366431	52188	18782	
2144.99987494608	52208	18770	
2143.99987124807	52192	18757	
2142.99987252984	52220	18745	
2141.99987381161	52188	18733	
2140.99987509338	52188	18721	
2139.99987139537	52204	18709	
2138.99987267714	52192	18697	
2137.99987395891	52208	18684	
2136.99987524068	52224	18672	
2135.99987154268	52204	18660	
2134.99987282445	52220	18648	
2133.99987410622	52252	18636	
2132.99987538799	52252	18624	
2131.99987168998	52172	18611	
2130.99987297175	52176	18599	
2129.99987425352	52204	18587	
2128.99987055551	52220	18575	
2127.99987183728	52204	18563	
2126.99987311905	52224	18551	
2125.99987440082	52156	18538	
2124.99987070282	52172	18526	
2123.99987198458	52240	18514	
2122.99987326635	52176	18502	
2121.99987454812	52208	18490	
2120.99987085012	52220	18478	
2119.99987213189	52192	18465	
2118.99987341366	52208	18453	
2117.99987469543	52172	18441	
2116.99987099742	52256	18429	
2115.99987227919	52204	18417	
2114.99987356096	52172	18405	
2113.99987484273	52156	18392	
2112.99987114472	52208	18380	
2111.99987242649	52220	18368	
2110.99987370826	52176	18356	
2109.99987499003	52204	18344	
2108.99987129203	52220	18332	
2107.9998725738	52192	18319	
2106.99987385556	52192	18307	
2105.99987513733	52176	18295	
2104.99987143933	52240	18283	
2103.9998727211	52188	18271	
2102.99987400287	52204	18259	
2101.99987528464	52188	18247	
2100.99987158663	52192	18234	
2099.9998728684	52188	18222	
2098.99987415017	52224	18210	
2097.99987543194	52192	18198	
2096.99987173393	52188	18186	
2095.9998730157	52224	18174	
2094.99987429747	52176	18162	
2093.99987059947	52188	18149	
2092.99987188124	52188	18137	
2091.99987316301	52188	18125	
2090.99987444477	52208	18113	
2089.99987074677	52208	18101	
2088.99987202854	52176	18089	
2087.99987829008	52208	18076	
2086.99987957185	52172	18064	
2085.99987587385	52224	18052	
2084.99987715562	52160	18040	
2083.99987843739	52208	18028	
2082.99987971916	52192	18016	
2081.99987602115	52156	18004	
2080.99987730292	52208	17992	
2079.99987858469	52268	17979	
2078.99987986646	52188	17967	
2077.99987616845	52188	17955	
2076.99987745022	52208	17943	
2075.99987873199	52172	17931	
2074.99988001376	52208	17919	
2073.99987631575	52192	17907	
2072.99987759752	52176	17894	
2071.99987887929	52220	17882	
2070.99988016106	52204	17870	
2069.99987646306	52176	17858	
2068.99987774483	52208	17846	
2067.9998790266	52188	17834	
2066.99988030837	52188	17822	
2065.99987661036	52208	17809	
2064.99987789213	52208	17797	
2063.9998791739	52204	17785	
2062.99988045567	52188	17773	
2061.99987675766	52208	17761	
2060.99987803943	52192	17749	
2059.9998793212	52208	17737	
2058.9998756232	52204	17725	
2057.99987690496	52236	17712	
2056.99987818673	52188	17700	
2055.9998794685	52172	17688	
2054.9998757705	52204	17676	
2053.99987705227	52240	17664	
2052.99987833404	52204	17652	
2051.99987961581	52224	17640	
2050.9998759178	52176	17628	
2049.99987719957	52176	17615	
2048.99987848134	52192	17603	
2047.99987976311	52204	17591	
2046.9998760651	52188	17579	
2045.99987734687	52160	17567	
2044.99987862864	52172	17555	
2043.99987991041	52220	17543	
2042.99987621241	52220	17531	
2041.99987749418	52176	17518	
2040.99987877594	52188	17506	
2039.99988005771	52220	17494	
2038.99987635971	52204	17482	
2037.99987764148	52204	17470	
2036.99987892325	52224	17458	
2035.99988020502	52220	17446	
2034.99987650701	52220	17434	
2033.99987778878	52172	17422	
2032.99987907055	52192	17409	
2031.99988035232	52192	17397	
2030.99987665431	52224	17385	
2029.99987793608	52208	17373	
2028.99987921785	52208	17361	
2027.99987551985	52160	17349	
2026.99987680162	52188	17337	
2025.99987808339	52192	17325	
2024.99987936515	52172	17312	
2023.99987566715	52236	17300	
2022.99987694892	52236	17288	
2021.99987823069	52240	17276	
2020.99987951246	52204	17264	
2019.99987581445	52176	17252	
2018.99987709622	52240	17240	
2017.99987837799	52188	17228	
2016.99987965976	52204	17216	
2015.99987596175	52224	17204	
2014.99987724352	52224	17191	
2013.99987852529	52240	17179	
2012.99987980706	52240	17167	
2011.99987610906	52204	17155	
2010.99987739083	52220	17143	
2009.9998786726	52220	17131	
2008.99987995437	52224	17119	
2007.99987625636	52208	17107	
2006.99987753813	52224	17095	
2005.9998788199	52204	17082	
2004.99988508144	52240	17070	
2003.99988138344	52192	17058	
2002.99988266521	52208	17046	
2001.99988394698	52204	17034	
2000.99988522875	52204	17022	
1999.99988153074	52204	17010	
1998.99988281251	52208	16998	
1997.99988409428	52236	16986	
1996.99988537605	52176	16974	
1995.99988167804	52220	16961	
1994.99988295981	52252	16949	
1993.99988424158	52220	16937	
1992.99988054358	52220	16925	
1991.99988182535	52220	16913	
1990.99988310711	52224	16901	
1989.99988438888	52224	16889	
1988.99988069088	52208	16877	
1987.99988197265	52220	16865	
1986.99988325442	52188	16853	
1985.99988453619	52188	16841	
1984.99988083818	52220	16828	
1983.99988211995	52224	16816	
1982.99988340172	52252	16804	
1981.99988468349	52192	16792	
1980.99988098548	52204	16780	
1979.99988226725	52224	16768	
1978.99988354902	52240	16756	
1977.99988483079	52224	16744	
1976.99988113279	52220	16732	
1975.99988241456	52220	16720	
1974.99988369632	52176	16708	
1973.99988497809	52204	16696	
1972.99988128009	52208	16683	
1971.99988256186	52160	16671	
1970.99988384363	52208	16659	
1969.9998851254	52208	16647	
1968.99988142739	52224	16635	
1967.99988270916	52224	16623	
1966.99988399093	52252	16611	
1965.9998852727	52204	16599	
1964.99988157469	52224	16587	
1963.99988285646	52220	16575	
1962.99988413823	52208	16563	
1961.99988542	52204	16551	
1960.999881722	52236	16538	
1959.99988300377	52208	16526	
1958.99988428554	52220	16514	
1957.99988058753	52208	16502	
1956.9998818693	52220	16490	
1955.99988315107	52236	16478	
1954.99988443284	52252	16466	
1953.99988073483	52236	16454	
1952.9998820166	52252	16442	
1951.99988329837	52208	16430	
1950.99988458014	52176	16418	
1949.99988088213	52220	16406	
1948.9998821639	52236	16394	
1947.99988344567	52204	16381	
1946.99988472744	52208	16369	
1945.99988102944	52220	16357	
1944.99988231121	52188	16345	
1943.99988359298	52224	16333	
1942.99988487475	52204	16321	
1941.99988117674	52188	16309	
1940.99988245851	52220	16297	
1939.99988374028	52208	16285	
1938.99988502205	52220	16273	
1937.99988132404	52220	16261	
1936.99988260581	52236	16249	
1935.99988388758	52176	16237	
1934.99988516935	52224	16225	
1933.99988147134	52192	16213	
1932.99988275311	52176	16200	
1931.99988403488	52156	16188	
1930.99988531665	52204	16176	
1929.99988161865	52220	16164	
1928.99988290042	52236	16152	
1927.99988418219	52220	16140	
1926.99988546396	52204	16128	
1925.99988176595	52188	16116	
1924.99988304772	52204	16104	
1923.99988432949	52204	16092	
1922.99988063148	52220	16080	
1921.99988191325	52176	16068	
1920.9998881748	52204	16056	
1919.99988945657	52220	16044	
1918.99988575856	52220	16032	
1917.99988704033	52172	16020	
1916.9998883221	52208	16007	
1915.99988960387	52224	15995	
1914.99988590586	52220	15983	
1913.99988718763	52204	15971	
1912.9998884694	52204	15959	
1911.99988975117	52224	15947	
1910.99988605317	52204	15935	
1909.99988733494	52192	15923	
1908.9998886167	52208	15911	
1907.99988989847	52208	15899	
1906.99988620047	52220	15887	
1905.99988748224	52220	15875	
1904.99988876401	52172	15863	
1903.99989004578	52208	15851	
1902.99988634777	52224	15839	
1901.99988762954	52176	15827	
1900.99988891131	52204	15815	
1899.99989019308	52224	15803	
1898.99988649507	52192	15791	
1897.99988777684	52176	15778	
1896.99988905861	52192	15766	
1895.99989034038	52204	15754	
1894.99988664238	52192	15742	
1893.99988792415	52176	15730	
1892.99988920592	52220	15718	
1891.99988550791	52192	15706	
1890.99988678968	52204	15694	
1889.99988807145	52188	15682	
1888.99988935322	52204	15670	
1887.99988565521	52204	15658	
1886.99988693698	52204	15646	
1885.99988821875	52220	15634	
1884.99988950052	52240	15622	
1883.99988580251	52208	15610	
1882.99988708428	52192	15598	
1881.99988836605	52240	15586	
1880.99988964782	52188	15574	
1879.99988594982	52192	15562	
1878.99988723159	52192	15550	
1877.99988851336	52204	15538	
1876.99988979513	52188	15526	
1875.99988609712	52208	15514	
1874.99988737889	52176	15502	
1873.99988866066	52236	15489	
1872.99988994243	52208	15477	
1871.99988624442	52176	15465	
1870.99988752619	52208	15453	
1869.99988880796	52204	15441	
1868.99989008973	52204	15429	
1867.99988639172	52176	15417	
1866.99988767349	52192	15405	
1865.99988895526	52204	15393	
1864.99989023703	52176	15381	
1863.99988653903	52256	15369	
1862.9998878208	52188	15357	
1861.99988910257	52172	15345	
1860.99989038434	52204	15333	
1859.99988668633	52208	15321	
1858.9998879681	52224	15309	
1857.99988924987	52176	15297	
1856.99988555186	52208	15285	
1855.99988683363	52220	15273	
1854.9998881154	52224	15261	
1853.99988939717	52176	15249	
1852.99988569916	52192	15237	
1851.99988698093	52208	15225	
1850.9998882627	52220	15213	
1849.99988954447	52220	15201	
1848.99988584647	52204	15189	
1847.99988712824	52208	15177	
1846.99988841001	52208	15165	
1845.99988969178	52240	15153	
1844.99988599377	52224	15141	
1843.99988727554	52204	15129	
1842.99988855731	52176	15117	
1841.99988983908	52192	15105	
1840.99988614107	52220	15093	
1839.99988742284	52176	15081	
1838.99988870461	52208	15068	
1837.99989496616	52208	15056	
1836.99989126815	52204	15044	
1835.99989254992	52220	15032	
1834.99989383169	52240	15020	
1833.99989511346	52188	15008	
1832.99989141545	52252	14996	
1831.99989269722	52208	14984	
1830.99989397899	52204	14972	
1829.99989526076	52220	14960	
1828.99989156276	52188	14948	
1827.99989284453	52172	14936	
1826.9998941263	52224	14924	
1825.99989540806	52224	14912	
1824.99989171006	52224	14900	
1823.99989299183	52240	14888	
1822.9998942736	52208	14876	
1821.99989057559	52204	14864	
1820.99989185736	52252	14852	
1819.99989313913	52208	14840	
1818.9998944209	52188	14828	
1817.99989072289	52204	14816	
1816.99989200466	52208	14804	
1815.99989328643	52236	14792	
1814.9998945682	52192	14780	
1813.9998908702	52188	14768	
1812.99989215197	52188	14756	
1811.99989343374	52188	14744	
1810.99989471551	52172	14732	
1809.9998910175	52204	14720	
1808.99989229927	52204	14708	
1807.99989358104	52204	14696	
1806.99989486281	52192	14684	
1805.9998911648	52192	14672	
1804.99989244657	52236	14660	
1803.99989372834	52220	14648	
1802.99989501011	52204	14636	
1801.9998913121	52172	14624	
1800.99989259387	52236	14612	
1799.99989387564	52224	14600	
1798.99989515741	52176	14588	
1797.99989145941	52224	14576	
1796.99989274118	52208	14564	
1795.99989402295	52188	14552	
1794.99989530472	52176	14540	
1793.99989160671	52176	14528	
1792.99989288848	52204	14516	
1791.99989417025	52208	14504	
1790.99989047224	52188	14492	
1789.99989175401	52256	14480	
1788.99989303578	52224	14468	
1787.99989431755	52240	14456	
1786.99989061954	52192	14444	
1785.99989190131	52176	14432	
1784.99989318308	52192	14420	
1783.99989446485	52224	14408	
1782.99989076685	52224	14396	
1781.99989204862	52176	14384	
1780.99989333039	52204	14372	
1779.99989461216	52252	14360	
1778.99989091415	52268	14348	
1777.99989219592	52236	14336	
1776.99989347769	52252	14324	
1775.99989475946	52208	14312	
1774.99989106145	52224	14300	
1773.99989234322	52224	14288	
1772.99989362499	52220	14276	
1771.99989490676	52188	14264	
1770.99989120876	52236	14252	
1769.99989249052	52224	14240	
1768.99989377229	52192	14228	
1767.99989505406	52188	14216	
1766.99989135606	52220	14204	
1765.99989263783	52236	14192	
1764.9998939196	52204	14180	
1763.99989520137	52236	14168	
1762.99989150336	52160	14156	
1761.99989278513	52208	14144	
1760.9998940669	52208	14132	
1759.99989534867	52204	14120	
1758.99989165066	52224	14108	
1757.99989293243	52192	14096	
1756.9998942142	52192	14084	
1755.9998905162	52220	14072	
1754.99989179797	52208	14060	
1753.99989805951	52204	14048	
1752.99989934128	52188	14036	
1751.99989564327	52220	14024	
1750.99989692504	52236	14012	
1749.99989820681	52160	14000	
1748.99989948858	52204	13988	
1747.99989579058	52192	13976	
1746.99989707235	52204	13965	
1745.99989835412	52220	13953	
1744.99989963589	52220	13941	
1743.99989593788	52176	13929	
1742.99989721965	52236	13917	
1741.99989850142	52236	13905	
1740.99989978319	52224	13893	
1739.99989608518	52208	13881	
1738.99989736695	52236	13869	
1737.99989864872	52224	13857	
1736.99989993049	52204	13845	
1735.99989623248	52208	13833	
1734.99989751425	52224	13821	
1733.99989879602	52204	13809	
1732.99990007779	52224	13797	
1731.99989637979	52220	13785	
1730.99989766156	52192	13773	
1729.99989894333	52256	13761	
1728.9999002251	52224	13749	
1727.99989652709	52208	13737	
1726.99989780886	52208	13725	
1725.99989909063	52192	13713	
1724.9999003724	52236	13701	
1723.99989667439	52188	13689	
1722.99989795616	52224	13677	
1721.99989923793	52224	13665	
1720.99989553993	52188	13653	
1719.99989682169	52204	13641	
1718.99989810346	52208	13629	
1717.99989938523	52220	13617	
1716.99989568723	52160	13605	
1715.999896969	52204	13593	
1714.99989825077	52220	13581	
1713.99989953254	52236	13569	
1712.99989583453	52192	13557	
1711.9998971163	52208	13545	
1710.99989839807	52208	13534	
1709.99989967984	52204	13522	
1708.99989598183	52224	13510	
1707.9998972636	52176	13498	
1706.99989854537	52188	13486	
1705.99989982714	52188	13474	
1704.99989612914	52176	13462	
1703.9998974109	52204	13450	
1702.99989869267	52204	13438	
1701.99989997444	52204	13426	
1700.99989627644	52220	13414	
1699.99989755821	52204	13402	
1698.99989883998	52224	13390	
1697.99990012175	52220	13378	
1696.99989642374	52176	13366	
1695.99989770551	52208	13354	
1694.99989898728	52192	13342	
1693.99990026905	52220	13330	
1692.99989657104	52220	13318	
1691.99989785281	52224	13306	
1690.99989913458	52252	13294	
1689.99989543658	52220	13282	
1688.99989671835	52224	13270	
1687.99989800012	52208	13258	
1686.99989928188	52208	13246	
1685.99989558388	52224	13235	
1684.99989686565	52236	13223	
1683.99989814742	52224	13211	
1682.99989942919	52204	13199	
1681.99989573118	52176	13187	
1680.99989701295	52172	13175	
1679.99989829472	52188	13163	
1678.99989957649	52204	13151	
1677.99989587848	52204	13139	
1676.99989716025	52192	13127	
1675.99989844202	52192	13115	
1674.99989972379	52192	13103	
1673.99989602579	52236	13091	
1672.99989730756	52224	13079	
1671.99989858933	52236	13067	
1670.99989987109	52208	13055	
1669.99990115286	52192	13043	
1668.99990243463	52176	13031	
1667.9999037164	52220	13019	
1666.99990499817	52204	13007	
1665.99990130017	52204	12996	
1664.99990258194	52220	12984	
1663.99990386371	52188	12972	
1662.99990514548	52220	12960	
1661.99990144747	52192	12948	
1660.99990272924	52208	12936	
1659.99990401101	52160	12924	
1658.99990529278	52204	12912	
1657.99990159477	52208	12900	
1656.99990287654	52224	12888	
1655.99990415831	52236	12876	
1654.99990046031	52208	12864	
1653.99990174207	52204	12852	
1652.99990302384	52240	12840	
1651.99990430561	52208	12828	
1650.99990060761	52176	12816	
1649.99990188938	52224	12804	
1648.99990317115	52220	12793	
1647.99990445292	52256	12781	
1646.99990075491	52220	12769	
1645.99990203668	52204	12757	
1644.99990331845	52176	12745	
1643.99990460022	52224	12733	
1642.99990090221	52220	12721	
1641.99990218398	52208	12709	
1640.99990346575	52188	12697	
1639.99990474752	52208	12685	
1638.99990104952	52220	12673	
1637.99990233128	52208	12661	
1636.99990361305	52224	12649	
1635.99990489482	52220	12637	
1634.99990119682	52192	12625	
1633.99990247859	52224	12613	
1632.99990376036	52204	12602	
1631.99990504213	52252	12590	
1630.99990134412	52224	12578	
1629.99990262589	52204	12566	
1628.99990390766	52208	12554	
1627.99990518943	52208	12542	
1626.99990149142	52204	12530	
1625.99990277319	52220	12518	
1624.99990405496	52208	12506	
1623.99990533673	52220	12494	
1622.99990163873	52224	12482	
1621.9999029205	52208	12470	
1620.99990420226	52220	12458	
1619.99990050426	52236	12446	
1618.99990178603	52240	12435	
1617.9999030678	52220	12423	
1616.99990434957	52224	12411	
1615.99990065156	52204	12399	
1614.99990193333	52224	12387	
1613.9999032151	52236	12375	
1612.99990449687	52208	12363	
1611.99990079886	52204	12351	
1610.99990208063	52208	12339	
1609.9999033624	52240	12327	
1608.99990464417	52220	12315	
1607.99990094617	52240	12303	
1606.99990222794	52268	12291	
1605.99990350971	52204	12280	
1604.99990479147	52204	12268	
1603.99990109347	52224	12256	
1602.99990237524	52220	12244	
1601.99990365701	52240	12232	
1600.99990493878	52208	12220	
1599.99990124077	52224	12208	
1598.99990252254	52252	12196	
1597.99990380431	52204	12184	
1596.99990508608	52224	12172	
1595.99990138807	52204	12160	
1594.99990266984	52208	12148	
1593.99990395161	52208	12136	
1592.99990523338	52236	12125	
1591.99990153538	52224	12113	
1590.99990281715	52236	12101	
1589.99990409892	52256	12089	
1588.99990538069	52176	12077	
1587.99990168268	52204	12065	
1586.99990794422	52208	12053	
1585.99990922599	52236	12041	
1584.99990552799	52208	12029	
1583.99990680976	52252	12017	
1582.99990809153	52208	12005	
1581.9999093733	52220	11994	
1580.99990567529	52208	11982	
1579.99990695706	52204	11970	
1578.99990823883	52172	11958	
1577.9999095206	52192	11946	
1576.99990582259	52208	11934	
1575.99990710436	52236	11922	
1574.99990838613	52188	11910	
1573.9999096679	52224	11898	
1572.9999059699	52192	11886	
1571.99990725166	52236	11874	
1570.99990853343	52176	11862	
1569.9999098152	52220	11851	
1568.9999061172	52188	11839	
1567.99990739897	52192	11827	
1566.99990868074	52204	11815	
1565.99990996251	52240	11803	
1564.9999062645	52192	11791	
1563.99990754627	52176	11779	
1562.99990882804	52236	11767	
1561.99991010981	52224	11755	
1560.9999064118	52192	11743	
1559.99990769357	52188	11732	
1558.99990897534	52188	11720	
1557.99991025711	52220	11708	
1556.99990655911	52208	11696	
1555.99990784088	52220	11684	
1554.99990912264	52240	11672	
1553.99990542464	52224	11660	
1552.99990670641	52204	11648	
1551.99990798818	52172	11636	
1550.99990926995	52220	11624	
1549.99990557194	52172	11613	
1548.99990685371	52176	11601	
1547.99990813548	52240	11589	
1546.99990941725	52236	11577	
1545.99990571924	52208	11565	
1544.99990700101	52208	11553	
1543.99990828278	52240	11541	
1542.99990956455	52224	11529	
1541.99990586655	52208	11517	
1540.99990714832	52236	11505	
1539.99990843009	52204	11494	
1538.99990971186	52224	11482	
1537.99990601385	52204	11470	
1536.99990729562	52220	11458	
1535.99990857739	52220	11446	
1534.99990985916	52188	11434	
1533.99990616115	52220	11422	
1532.99990744292	52192	11410	
1531.99990872469	52204	11398	
1530.99991000646	52224	11386	
1529.99990630845	52252	11375	
1528.99990759022	52204	11363	
1527.99990887199	52236	11351	
1526.99991015376	52224	11339	
1525.99990645576	52192	11327	
1524.99990773753	52252	11315	
1523.9999090193	52220	11303	
1522.99991030107	52208	11291	
1521.99990660306	52220	11279	
1520.99990788483	52192	11268	
1519.9999091666	52192	11256	
1518.99990546859	52176	11244	
1517.99990675036	52240	11232	
1516.99990803213	52204	11220	
1515.9999093139	52220	11208	
1514.99990561589	52208	11196	
1513.99990689766	52204	11184	
1512.99990817943	52220	11172	
1511.9999094612	52236	11161	
1510.9999057632	52188	11149	
1509.99990704497	52220	11137	
1508.99990832674	52192	11125	
1507.99990960851	52204	11113	
1506.9999059105	52252	11101	
1505.99990719227	52208	11089	
1504.99990847404	52204	11077	
1503.99990975581	52192	11065	
1502.99991103758	52208	11054	
1501.99991231935	52236	11042	
1500.99991360112	52224	11030	
1499.99991488289	52204	11018	
1498.99991118488	52208	11006	
1497.99991246665	52220	10994	
1496.99991374842	52240	10982	
1495.99991503019	52220	10970	
1494.99991133218	52220	10959	
1493.99991261395	52192	10947	
1492.99991389572	52236	10935	
1491.99991517749	52220	10923	
1490.99991147949	52224	10911	
1489.99991276126	52208	10899	
1488.99991404302	52236	10887	
1487.99991532479	52236	10875	
1486.99991162679	52208	10864	
1485.99991290856	52192	10852	
1484.99991419033	52204	10840	
1483.99991049232	52220	10828	
1482.99991177409	52192	10816	
1481.99991305586	52192	10804	
1480.99991433763	52204	10792	
1479.99991063962	52204	10780	
1478.99991192139	52204	10769	
1477.99991320316	52256	10757	
1476.99991448493	52240	10745	
1475.99991078693	52220	10733	
1474.9999120687	52192	10721	
1473.99991335047	52240	10709	
1472.99991463224	52220	10697	
1471.99991093423	52204	10685	
1470.999912216	52252	10674	
1469.99991349777	52192	10662	
1468.99991477954	52256	10650	
1467.99991108153	52172	10638	
1466.9999123633	52176	10626	
1465.99991364507	52188	10614	
1464.99991492684	52220	10602	
1463.99991122883	52208	10590	
1462.9999125106	52224	10579	
1461.99991379237	52224	10567	
1460.99991507414	52256	10555	
1459.99991137614	52208	10543	
1458.99991265791	52252	10531	
1457.99991393968	52208	10519	
1456.99991522145	52220	10507	
1455.99991152344	52240	10496	
1454.99991280521	52256	10484	
1453.99991408698	52204	10472	
1452.99991038897	52208	10460	
1451.99991167074	52240	10448	
1450.99991295251	52236	10436	
1449.99991423428	52236	10424	
1448.99991053627	52192	10412	
1447.99991181804	52208	10401	
1446.99991309981	52220	10389	
1445.99991438158	52204	10377	
1444.99991068358	52220	10365	
1443.99991196535	52224	10353	
1442.99991324712	52204	10341	
1441.99991452889	52192	10329	
1440.99991083088	52224	10318	
1439.99991211265	52224	10306	
1438.99991339442	52240	10294	
1437.99991467619	52224	10282	
1436.99991097818	52176	10270	
1435.99991225995	52220	10258	
1434.99991354172	52240	10246	
1433.99991482349	52188	10235	
1432.99991112548	52172	10223	
1431.99991240725	52240	10211	
1430.99991368902	52208	10199	
1429.99991497079	52208	10187	
1428.99991127279	52204	10175	
1427.99991255456	52220	10163	
1426.99991383633	52176	10152	
1425.9999151181	52220	10140	
1424.99991142009	52204	10128	
1423.99991270186	52208	10116	
1422.99991398363	52220	10104	
1421.9999152654	52240	10092	
1420.99991156739	52220	10080	
1419.99991782894	52204	10069	
1418.99991911071	52204	10057	
1417.9999154127	52236	10045	
1416.99991669447	52208	10033	
1415.99991797624	52204	10021	
1414.99991925801	52172	10009	
1413.99991556	52224	9997	
1412.99991684177	52236	9986	
1411.99991812354	52188	9974	
1410.99991940531	52208	9962	
1409.99991570731	52208	9950	
1408.99991698908	52188	9938	
1407.99991827085	52208	9926	
1406.99991955262	52176	9915	
1405.99991585461	52268	9903	
1404.99991713638	52220	9891	
1403.99991841815	52192	9879	
1402.99991969992	52252	9867	
1401.99991600191	52236	9855	
1400.99991728368	52188	9843	
1399.99991856545	52204	9832	
1398.99991984722	52192	9820	
1397.99991614921	52208	9808	
1396.99991743098	52220	9796	
1395.99991871275	52220	9784	
1394.99991999452	52172	9772	
1393.99991629652	52224	9761	
1392.99991757829	52204	9749	
1391.99991886006	52208	9737	
1390.99992014183	52192	9725	
1389.99991644382	52236	9713	
1388.99991772559	52208	9701	
1387.99991900736	52220	9689	
1386.99992028913	52204	9678	
1385.99991659112	52208	9666	
1384.99991787289	52240	9654	
1383.99991915466	52236	9642	
1382.99991545665	52236	9630	
1381.99991673842	52204	9618	
1380.99991802019	52204	9607	
1379.99991930196	52224	9595	
1378.99991560396	52224	9583	
1377.99991688573	52240	9571	
1376.9999181675	52208	9559	
1375.99991944927	52204	9547	
1374.99991575126	52208	9536	
1373.99991703303	52204	9524	
1372.9999183148	52208	9512	
1371.99991959657	52208	9500	
1370.99991589856	52204	9488	
1369.99991718033	52192	9476	
1368.9999184621	52204	9465	
1367.99991974387	52192	9453	
1366.99991604586	52240	9441	
1365.99991732763	52208	9429	
1364.9999186094	52240	9417	
1363.99991989117	52236	9405	
1362.99991619317	52220	9394	
1361.99991747494	52252	9382	
1360.99991875671	52236	9370	
1359.99992003848	52236	9358	
1358.99991634047	52208	9346	
1357.99991762224	52204	9334	
1356.99991890401	52204	9323	
1355.99992018578	52236	9311	
1354.99991648777	52220	9299	
1353.99991776954	52220	9287	
1352.99991905131	52224	9275	
1351.99991535331	52192	9263	
1350.99991663508	52220	9252	
1349.99991791684	52252	9240	
1348.99991919861	52208	9228	
1347.99991550061	52208	9216	
1346.99991678238	52208	9204	
1345.99991806415	52224	9192	
1344.99991934592	52224	9181	
1343.99991564791	52236	9169	
1342.99991692968	52224	9157	
1341.99991821145	52208	9145	
1340.99991949322	52236	9133	
1339.99991579521	52240	9121	
1338.99991707698	52220	9110	
1337.99991835875	52240	9098	
1336.99991964052	52240	9086	
1335.99992092229	52204	9074	
1334.99992220406	52208	9062	
1333.99992348583	52192	9050	
1332.9999247676	52176	9039	
1331.99992106959	52252	9027	
1330.99992235136	52220	9015	
1329.99992363313	52208	9003	
1328.9999249149	52224	8991	
1327.9999212169	52192	8980	
1326.99992249867	52204	8968	
1325.99992378044	52192	8956	
1324.99992506221	52208	8944	
1323.9999213642	52204	8932	
1322.99992264597	52208	8920	
1321.99992392774	52220	8909	
1320.99992520951	52240	8897	
1319.9999215115	52204	8885	
1318.99992279327	52224	8873	
1317.99992407504	52240	8861	
1316.99992037703	52220	8850	
1315.9999216588	52188	8838	
1314.99992294057	52236	8826	
1313.99992422234	52204	8814	
1312.99992052434	52236	8802	
1311.99992180611	52204	8790	
1310.99992308788	52268	8779	
1309.99992436965	52236	8767	
1308.99992067164	52252	8755	
1307.99992195341	52236	8743	
1306.99992323518	52192	8731	
1305.99992451695	52208	8720	
1304.99992081894	52208	8708	
1303.99992210071	52204	8696	
1302.99992338248	52268	8684	
1301.99992466425	52224	8672	
1300.99992096624	52204	8660	
1299.99992224801	52236	8649	
1298.99992352978	52240	8637	
1297.99992481155	52208	8625	
1296.99992111355	52208	8613	
1295.99992239532	52236	8601	
1294.99992367709	52224	8590	
1293.99992495886	52236	8578	
1292.99992126085	52224	8566	
1291.99992254262	52208	8554	
1290.99992382439	52208	8542	
1289.99992510616	52224	8531	
1288.99992140815	52192	8519	
1287.99992268992	52224	8507	
1286.99992397169	52236	8495	
1285.99992525346	52220	8483	
1284.99992155546	52192	8471	
1283.99992283722	52236	8460	
1282.99992411899	52224	8448	
1281.99992042099	52240	8436	
1280.99992170276	52220	8424	
1279.99992298453	52204	8412	
1278.9999242663	52204	8401	
1277.99992056829	52208	8389	
1276.99992185006	52220	8377	
1275.99992313183	52252	8365	
1274.9999244136	52188	8353	
1273.99992071559	52220	8342	
1272.99992199736	52224	8330	
1271.99992327913	52224	8318	
1270.9999245609	52236	8306	
1269.9999208629	52192	8294	
1268.99992214467	52240	8283	
1267.99992342644	52176	8271	
1266.9999247082	52176	8259	
1265.9999210102	52188	8247	
1264.99992229197	52192	8235	
1263.99992357374	52220	8224	
1262.99992485551	52208	8212	
1261.9999211575	52268	8200	
1260.99992243927	52224	8188	
1259.99992372104	52204	8176	
1258.99992500281	52204	8165	
1257.9999213048	52240	8153	
1256.99992258657	52192	8141	
1255.99992386834	52220	8129	
1254.99992515011	52224	8117	
1253.99992145211	52220	8106	
1252.99992771365	52224	8094	
1251.99992899542	52192	8082	
1250.99993027719	52236	8070	
1249.99992657918	52188	8058	
1248.99992786095	52208	8047	
1247.99992914272	52204	8035	
1246.99992544472	52224	8023	
1245.99992672649	52220	8011	
1244.99992800826	52208	7999	
1243.99992929003	52204	7988	
1242.99992559202	52268	7976	
1241.99992687379	52224	7964	
1240.99992815556	52220	7952	
5335.99968398377	52080	65395	
5334.99968526554	52092	65377	
5333.99968156753	52092	65358	
5332.9996828493	52096	65340	
5331.99968413107	52048	65322	
5330.99968541284	52064	65303	
5329.99968171484	52048	65285	
5328.99968299661	52112	65267	
5327.99968427838	52076	65248	
5326.99968556015	52092	65230	
5325.99968186214	52092	65211	
5324.99968314391	52092	65193	
5323.99968442568	52124	65175	
5322.99968570745	52108	65156	
5321.99968200944	52112	65138	
5320.99968329121	52064	65120	
5319.99968457298	52076	65101	
5318.99968585475	52112	65083	
5317.99968215674	52048	65065	
5316.99968343851	52112	65046	
5315.99968472028	52108	65028	
5314.99968600205	52080	65010	
5313.99968230405	52112	64991	
5312.99968358582	52108	64973	
5311.99968486759	52060	64955	
5310.99968614936	52080	64936	
5309.99968245135	52080	64918	
5308.99968373312	52064	64900	
5307.99968501489	52092	64881	
5306.99968131688	52124	64863	
5305.99968259865	52064	64845	
5304.99968388042	52128	64826	
5303.99968516219	52080	64808	
5302.99968146419	52060	64790	
5301.99968274596	52076	64772	
5300.99968402772	52080	64753	
5299.99968530949	52080	64735	
5298.99968161149	52124	64717	
5297.99968289326	52096	64698	
5296.99968417503	52060	64680	
5295.9996854568	52140	64662	
5294.99968175879	52140	64644	
5293.99968304056	52112	64625	
5292.99968432233	52076	64607	
5291.9996856041	52108	64589	
5290.99968190609	52064	64570	
5289.99968318786	52124	64552	
5288.99968446963	52144	64534	
5287.9996857514	52092	64516	
5286.9996820534	52112	64497	
5285.99968333517	52140	64479	
5284.99968461694	52076	64461	
5283.9996858987	52092	64443	
5282.9996822007	52112	64424	
5281.99968348247	52092	64406	
5280.99968476424	52108	64388	
5279.99968604601	52112	64370	
5278.999682348	52096	64351	
5277.99968362977	52108	64333	
5276.99968491154	52124	64315	
5275.99968619331	52128	64297	
5274.9996824953	52096	64279	
5273.99968377707	52112	64260	
5272.99968505884	52096	64242	
5271.99968136084	52096	64224	
5270.99968264261	52092	64206	
5269.99968392438	52092	64187	
5268.99968520614	52092	64169	
5267.99968150814	52092	64151	
5266.99968278991	52112	64133	
5265.99968407168	52108	64115	
5264.99968535345	52112	64096	
5263.99968165544	52080	64078	
5262.99968791699	52076	64060	
5261.99968919876	52092	64042	
5260.99969048053	52080	64024	
5259.99968678252	52124	64005	
5258.99968806429	52092	63987	
5257.99968934606	52124	63969	
5256.99969062783	52112	63951	
5255.99968692982	52064	63933	
5254.99968821159	52076	63914	
5253.99968949336	52112	63896	
5252.99969077513	52080	63878	
5251.99968707712	52112	63860	
5250.99968835889	52112	63842	
5249.99968964066	52080	63824	
5248.99969092243	52112	63805	
5247.99968722443	52108	63787	
5246.9996885062	52080	63769	
5245.99968978797	52092	63751	
5244.99969106974	52092	63733	
5243.99968737173	52096	63715	
5242.9996886535	52048	63697	
5241.99968993527	52096	63678	
5240.99969121704	52092	63660	
5239.99968751903	52076	63642	
5238.9996888008	52140	63624	
5237.99969008257	52080	63606	
5236.99968638457	52076	63588	
5235.99968766634	52076	63570	
5234.9996889481	52080	63551	
5233.99969022987	52124	63533	
5232.99968653187	52124	63515	
5231.99968781364	52112	63497	
5230.99968909541	52108	63479	
5229.99969037718	52060	63461	
5228.99968667917	52140	63443	
5227.99968796094	52080	63425	
5226.99968924271	52064	63407	
5225.99969052448	52108	63388	
5224.99968682647	52108	63370	
5223.99968810824	52080	63352	
5222.99968939001	52080	63334	
5221.99969067178	52108	63316	
5220.99968697378	52112	63298	
5219.99968825555	52124	63280	
5218.99968953732	52064	63262	
5217.99969081908	52112	63244	
5216.99968712108	52064	63226	
5215.99968840285	52092	63208	
5214.99968968462	52076	63189	
5213.99969096639	52124	63171	
5212.99968726838	52080	63153	
5211.99968855015	52080	63135	
5210.99968983192	52128	63117	
5209.99969111369	52108	63099	
5208.99968741568	52096	63081	
5207.99968869745	52092	63063	
5206.99968997922	52112	63045	
5205.99968628122	52092	63027	
5204.99968756299	52128	63009	
5203.99968884476	52112	62991	
5202.99969012652	52080	62973	
5201.99968642852	52092	62955	
5200.99968771029	52124	62937	
5199.99968899206	52080	62919	
5198.99969027383	52112	62901	
5197.99968657582	52096	62883	
5196.99968785759	52096	62865	
5195.99968913936	52108	62847	
5194.99969042113	52048	62828	
5193.99968672312	52092	62810	
5192.99968800489	52156	62792	
5191.99968928666	52092	62774	
5190.99969056843	52112	62756	
5189.99968687043	52108	62738	
5188.9996881522	52076	62720	
5187.99968943397	52112	62702	
5186.99969071574	52096	62684	
5185.99968701773	52076	62666	
5184.9996882995	52108	62648	
5183.99968958127	52092	62630	
5182.99969086304	52092	62612	
5181.99968716503	52096	62594	
5180.9996884468	52108	62576	
5179.99968972857	52080	62558	
5178.99969599012	52092	62540	
5177.99969229211	52080	62522	
5176.99969357388	52144	62504	
5175.99969485565	52096	62486	
5174.99969613742	52140	62468	
5173.99969243941	52096	62450	
5172.99969372118	52108	62433	
5171.99969500295	52096	62415	
5170.99969130495	52080	62397	
5169.99969258672	52112	62379	
5168.99969386848	52096	62361	
5167.99969515025	52128	62343	
5166.99969145225	52092	62325	
5165.99969273402	52112	62307	
5164.99969401579	52172	62289	
5163.99969529756	52124	62271	
5162.99969159955	52124	62253	
5161.99969288132	52108	62235	
5160.99969416309	52112	62217	
5159.99969544486	52096	62199	
5158.99969174685	52092	62181	
5157.99969302862	52092	62163	
5156.99969431039	52108	62145	
5155.99969559216	52112	62127	
5154.99969189416	52096	62109	
5153.99969317593	52096	62091	
5152.9996944577	52128	62074	
5151.99969573946	52128	62056	
5150.99969204146	52096	62038	
5149.99969332323	52096	62020	
5148.999694605	52096	62002	
5147.99969588677	52108	61984	
5146.99969218876	52096	61966	
5145.99969347053	52124	61948	
5144.9996947523	52140	61930	
5143.99969603407	52128	61912	
5142.99969233606	52096	61894	
5141.99969361783	52092	61877	
5140.9996948996	52128	61859	
5139.99969618137	52112	61841	
5138.99969248337	52124	61823	
5137.99969376514	52096	61805	
5136.9996950469	52108	61787	
5135.9996913489	52092	61769	
5134.99969263067	52108	61751	
5133.99969391244	52092	61733	
5132.99969519421	52048	61716	
5131.9996914962	52080	61698	
5130.99969277797	52092	61680	
5129.99969405974	52076	61662	
5128.99969534151	52092	61644	
5127.9996916435	52108	61626	
5126.99969292527	52140	61608	
5125.99969420704	52080	61590	
5124.99969548881	52108	61573	
5123.99969179081	52092	61555	
5122.99969307258	52076	61537	
5121.99969435435	52076	61519	
5120.99969563612	52112	61501	
5119.99969193811	52124	61483	
5118.99969321988	52140	61465	
5117.99969450165	52112	61448	
5116.99969578342	52124	61430	
5115.99969208541	52112	61412	
5114.99969336718	52108	61394	
5113.99969464895	52108	61376	
5112.99969593072	52096	61358	
5111.99969223271	52108	61341	
5110.99969351448	52112	61323	
5109.99969479625	52108	61305	
5108.99969607802	52064	61287	
5107.99969238002	52112	61269	
5106.99969366179	52124	61252	
5105.99969494356	52092	61234	
5104.99969622533	52092	61216	
5103.99969252732	52096	61198	
5102.99969380909	52096	61180	
5101.99969509086	52108	61162	
5100.99969139285	52076	61145	
5099.99969267462	52092	61127	
5098.99969395639	52092	61109	
5097.99969523816	52128	61091	
5096.99969154016	52140	61073	
5095.9996978017	52096	61056	
5094.99969908347	52112	61038	
5093.99970036524	52128	61020	
5092.99969666723	52124	61002	
5091.999697949	52112	60985	
5090.99969923077	52080	60967	
5089.99970051254	52092	60949	
5088.99969681454	52092	60931	
5087.99969809631	52112	60913	
5086.99969937808	52112	60896	
5085.99970065984	52076	60878	
5084.99969696184	52096	60860	
5083.99969824361	52080	60842	
5082.99969952538	52080	60825	
5081.99970080715	52112	60807	
5080.99969710914	52144	60789	
5079.99969839091	52096	60771	
5078.99969967268	52108	60754	
5077.99970095445	52108	60736	
5076.99969725644	52076	60718	
5075.99969853821	52112	60700	
5074.99969981998	52108	60683	
5073.99970110175	52108	60665	
5072.99969740375	52096	60647	
5071.99969868552	52076	60629	
5070.99969996728	52076	60612	
5069.99969626928	52124	60594	
5068.99969755105	52112	60576	
5067.99969883282	52048	60558	
5066.99970011459	52108	60541	
5065.99969641658	52108	60523	
5064.99969769835	52128	60505	
5063.99969898012	52108	60488	
5062.99970026189	52128	60470	
5061.99969656388	52124	60452	
5060.99969784565	52108	60434	
5059.99969912742	52096	60417	
5058.99970040919	52096	60399	
5057.99969671119	52060	60381	
5056.99969799296	52076	60364	
5055.99969927473	52108	60346	
5054.9997005565	52108	60328	
5053.99969685849	52108	60310	
5052.99969814026	52112	60293	
5051.99969942203	52156	60275	
5050.9997007038	52124	60257	
5049.99969700579	52140	60240	
5048.99969828756	52096	60222	
5047.99969956933	52076	60204	
5046.9997008511	52140	60187	
5045.99969715309	52108	60169	
5044.99969843486	52140	60151	
5043.99969971663	52108	60134	
5042.9997009984	52140	60116	
5041.9996973004	52124	60098	
5040.99969858217	52140	60081	
5039.99969986394	52112	60063	
5038.99970114571	52108	60045	
5037.9996974477	52096	60028	
5036.99969872947	52124	60010	
5035.99970001124	52092	59992	
5034.99969631323	52144	59975	
5033.999697595	52096	59957	
5032.99969887677	52112	59939	
5031.99970015854	52124	59922	
5030.99969646054	52108	59904	
5029.9996977423	52124	59886	
5028.99969902407	52096	59869	
5027.99970030584	52064	59851	
5026.99969660784	52108	59833	
5025.99969788961	52124	59816	
5024.99969917138	52112	59798	
5023.99970045315	52112	59781	
5022.99969675514	52108	59763	
5021.99969803691	52112	59745	
5020.99969931868	52108	59728	
5019.99970060045	52140	59710	
5018.99969690244	52092	59692	
5017.99969818421	52096	59675	
5016.99969946598	52096	59657	
5015.99970074775	52112	59640	
5014.99969704975	52112	59622	
5013.99969833152	52128	59604	
5012.99969961328	52128	59587	
5011.99970587483	52108	59569	
5010.99970217682	52124	59552	
5009.99970345859	52092	59534	
5008.99970474036	52092	59516	
5007.99970602213	52092	59499	
5006.99970232413	52096	59481	
5005.9997036059	52064	59464	
5004.99970488766	52092	59446	
5003.99970616943	52124	59428	
5002.99970247143	52112	59411	
5001.9997037532	52096	59393	
5000.99970503497	52128	59376	
4999.99970133696	52128	59358	
4998.99970261873	52096	59341	
4997.9997039005	52124	59323	
4996.99970518227	52156	59305	
4995.99970148426	52096	59288	
4994.99970276603	52112	59270	
4993.9997040478	52144	59253	
4992.99970532957	52124	59235	
4991.99970163157	52108	59218	
4990.99970291334	52112	59200	
4989.99970419511	52140	59182	
4988.99970547688	52128	59165	
4987.99970177887	52128	59147	
4986.99970306064	52108	59130	
4985.99970434241	52108	59112	
4984.99970562418	52144	59095	
4983.99970192617	52108	59077	
4982.99970320794	52092	59060	
4981.99970448971	52156	59042	
4980.99970577148	52112	59025	
4979.99970207347	52108	59007	
4978.99970335524	52060	58989	
4977.99970463701	52124	58972	
4976.99970591878	52128	58954	
4975.99970222078	52144	58937	
4974.99970350255	52112	58919	
4973.99970478432	52128	58902	
4972.99970606609	52140	58884	
4971.99970236808	52096	58867	
4970.99970364985	52108	58849	
4969.99970493162	52128	58832	
4968.99970123361	52112	58814	
4967.99970251538	52144	58797	
4966.99970379715	52108	58779	
4965.99970507892	52140	58762	
4964.99970138092	52144	58744	
4963.99970266268	52124	58727	
4962.99970394445	52064	58709	
4961.99970522622	52108	58692	
4960.99970152822	52108	58674	
4959.99970280999	52092	58657	
4958.99970409176	52108	58639	
4957.99970537353	52112	58622	
4956.99970167552	52108	58604	
4955.99970295729	52124	58587	
4954.99970423906	52124	58569	
4953.99970552083	52108	58552	
4952.99970182282	52092	58534	
4951.99970310459	52112	58517	
4950.99970438636	52128	58499	
4949.99970566813	52096	58482	
4948.99970197013	52112	58464	
4947.9997032519	52096	58447	
4946.99970453366	52112	58430	
4945.99970581543	52096	58412	
4944.99970211743	52112	58395	
4943.9997033992	52128	58377	
4942.99970468097	52112	58360	
4941.99970596274	52076	58342	
4940.99970226473	52124	58325	
4939.9997035465	52092	58307	
4938.99970482827	52092	58290	
4937.99970611004	52128	58272	
4936.99970241203	52096	58255	
4935.9997036938	52128	58238	
4934.99970497557	52096	58220	
4933.99970127757	52124	58203	
4932.99970255934	52128	58185	
4931.9997038411	52124	58168	
4930.99970512287	52140	58150	
4929.99970142487	52144	58133	
4928.99970768641	52128	58116	
4927.99970896818	52128	58098	
4926.99971024995	52092	58081	
4925.99970655195	52112	58063	
4924.99970783372	52112	58046	
4923.99970911549	52140	58028	
4922.99971039726	52112	58011	
4921.99970669925	52108	57994	
4920.99970798102	52096	57976	
4919.99970926279	52080	57959	
4918.99971054456	52092	57941	
4917.99970684655	52124	57924	
4916.99970812832	52092	57907	
4915.99970941009	52096	57889	
4914.99971069186	52108	57872	
4913.99970699385	52128	57854	
4912.99970827562	52108	57837	
4911.99970955739	52108	57820	
4910.99971083916	52140	57802	
4909.99970714116	52108	57785	
4908.99970842293	52160	57767	
4907.9997097047	52108	57750	
4906.99971098647	52144	57733	
4905.99970728846	52092	57715	
4904.99970857023	52128	57698	
4903.999709852	52128	57681	
4902.99971113377	52124	57663	
4901.99970743576	52140	57646	
4900.99970871753	52128	57628	
4899.9997099993	52124	57611	
4898.9997063013	52140	57594	
4897.99970758307	52108	57576	
4896.99970886483	52128	57559	
4895.9997101466	52112	57542	
4894.9997064486	52080	57524	
4893.99970773037	52124	57507	
4892.99970901214	52092	57490	
4891.99971029391	52092	57472	
4890.9997065959	52108	57455	
4889.99970787767	52140	57438	
4888.99970915944	52128	57420	
4887.99971044121	52108	57403	
4886.9997067432	52144	57386	
4885.99970802497	52160	57368	
4884.99970930674	52096	57351	
4883.99971058851	52124	57333	
4882.99970689051	52112	57316	
4881.99970817227	52128	57299	
4880.99970945404	52108	57282	
4879.99971073581	52128	57264	
4878.99970703781	52124	57247	
4877.99970831958	52112	57230	
4876.99970960135	52080	57212	
4875.99971088312	52112	57195	
4874.99970718511	52140	57178	
4873.99970846688	52108	57160	
4872.99970974865	52092	57143	
4871.99971103042	52128	57126	
4870.99970733241	52112	57108	
4869.99970861418	52112	57091	
4868.99970989595	52108	57074	
4867.99970619795	52096	57056	
4866.99970747972	52108	57039	
4865.99970876149	52080	57022	
4864.99971004325	52112	57005	
4863.99970634525	52128	56987	
4862.99970762702	52092	56970	
4861.99970890879	52108	56953	
4860.99971019056	52124	56935	
4859.99970649255	52112	56918	
4858.99970777432	52140	56901	
4857.99970905609	52112	56884	
4856.99971033786	52128	56866	
4855.99970663985	52140	56849	
4854.99970792162	52108	56832	
4853.99970920339	52144	56814	
4852.99971048516	52128	56797	
4851.99970678716	52124	56780	
4850.99970806893	52108	56763	
4849.9997093507	52112	56745	
4848.99971063247	52108	56728	
4847.99970693446	52128	56711	
4846.99970821623	52124	56694	
4845.999709498	52140	56676	
4844.99971575954	52108	56659	
4843.99971206154	52124	56642	
4842.99971334331	52128	56625	
4841.99971462508	52108	56607	
4840.99971590685	52140	56590	
4839.99971220884	52096	56573	
4838.99971349061	52140	56556	
4837.99971477238	52076	56538	
4836.99971605415	52108	56521	
4835.99971235614	52092	56504	
4834.99971363791	52080	56487	
4833.99971491968	52124	56469	
4832.99971122168	52080	56452	
4831.99971250345	52108	56435	
4830.99971378521	52124	56418	
4829.99971506698	52140	56400	
4828.99971136898	52092	56383	
4827.99971265075	52160	56366	
4826.99971393252	52124	56349	
4825.99971521429	52124	56332	
4824.99971151628	52096	56314	
4823.99971279805	52144	56297	
4822.99971407982	52096	56280	
4821.99971536159	52124	56263	
4820.99971166358	52144	56245	
4819.99971294535	52112	56228	
4818.99971422712	52092	56211	
4817.99971550889	52112	56194	
4816.99971181089	52096	56177	
4815.99971309265	52128	56159	
4814.99971437442	52156	56142	
4813.99971565619	52112	56125	
4812.99971195819	52076	56108	
4811.99971323996	52096	56091	
4810.99971452173	52108	56074	
4809.9997158035	52124	56056	
4808.99971210549	52096	56039	
4807.99971338726	52128	56022	
4806.99971466903	52112	56005	
4805.9997159508	52144	55988	
4804.99971225279	52096	55970	
4803.99971353456	52092	55953	
4802.99971481633	52060	55936	
4801.9997160981	52108	55919	
4800.9997124001	52108	55902	
4799.99971368187	52096	55885	
4798.99971496363	52108	55867	
4797.99971126563	52112	55850	
4796.9997125474	52124	55833	
4795.99971382917	52140	55816	
4794.99971511094	52128	55799	
4793.99971141293	52108	55782	
4792.9997126947	52112	55764	
4791.99971397647	52092	55747	
4790.99971525824	52092	55730	
4789.99971156023	52092	55713	
4788.999712842	52124	55696	
4787.99971412377	52076	55679	
4786.99971540554	52176	55662	
4785.99971170754	52128	55644	
4784.99971298931	52112	55627	
4783.99971427108	52128	55610	
4782.99971555285	52112	55593	
4781.99971185484	52108	55576	
4780.99971313661	52108	55559	
4779.99971441838	52108	55542	
4778.99971570015	52144	55524	
4777.99971200214	52096	55507	
4776.99971328391	52124	55490	
4775.99971456568	52112	55473	
4774.99971584745	52124	55456	
4773.99971214944	52124	55439	
4772.99971343121	52092	55422	
4771.99971471298	52096	55405	
4770.99971599475	52092	55388	
4769.99971229675	52112	55370	
4768.99971357852	52128	55353	
4767.99971486029	52124	55336	
4766.99971614206	52124	55319	
4765.99971244405	52092	55302	
4764.99971372582	52096	55285	
4763.99971500759	52080	55268	
4762.99971130958	52128	55251	
4761.99971757113	52112	55234	
4760.9997188529	52092	55217	
4759.99972013467	52112	55199	
4758.99971643666	52160	55182	
4757.99971771843	52160	55165	
4756.9997190002	52112	55148	
4755.99972028197	52108	55131	
4754.99971658396	52080	55114	
4753.99971786573	52128	55097	
4752.9997191475	52108	55080	
4751.99972042927	52112	55063	
4750.99971673127	52140	55046	
4749.99971801303	52108	55029	
4748.9997192948	52144	55012	
4747.99972057657	52124	54994	
4746.99971687857	52124	54977	
4745.99971816034	52112	54960	
4744.99971944211	52108	54943	
4743.99972072388	52124	54926	
4742.99971702587	52092	54909	
4741.99971830764	52128	54892	
4740.99971958941	52108	54875	
4739.99972087118	52112	54858	
4738.99971717317	52108	54841	
4737.99971845494	52140	54824	
4736.99971973671	52108	54807	
4735.99972101848	52140	54790	
4734.99971732048	52112	54773	
4733.99971860225	52128	54756	
4732.99971988401	52140	54739	
4731.99971618601	52140	54722	
4730.99971746778	52128	54705	
4729.99971874955	52124	54688	
4728.99972003132	52092	54671	
4727.99971633331	52112	54654	
4726.99971761508	52128	54636	
4725.99971889685	52140	54619	
4724.99972017862	52112	54602	
4723.99971648061	52144	54585	
4722.99971776238	52096	54568	
4721.99971904415	52124	54551	
4720.99972032592	52108	54534	
4719.99971662792	52144	54517	
4718.99971790969	52140	54500	
4717.99971919146	52124	54483	
4716.99972047323	52124	54466	
4715.99971677522	52140	54449	
4714.99971805699	52096	54432	
4713.99971933876	52144	54415	
4712.99972062053	52096	54398	
4711.99971692252	52128	54381	
4710.99971820429	52192	54364	
4709.99971948606	52112	54347	
4708.99972076783	52156	54330	
4707.99971706982	52112	54313	
4706.99971835159	52128	54296	
4705.99971963336	52108	54279	
4704.99972091513	52128	54262	
4703.99971721713	52156	54245	
4702.9997184989	52140	54228	
4701.99971978067	52128	54211	
4700.99972106244	52112	54194	
4699.99971736443	52124	54177	
4698.9997186462	52140	54160	
4697.99971992797	52128	54143	
4696.99971622996	52140	54126	
4695.99971751173	52112	54109	
4694.9997187935	52112	54093	
4693.99972007527	52112	54076	
4692.99971637727	52140	54059	
4691.99971765903	52128	54042	
4690.9997189408	52144	54025	
4689.99972022257	52108	54008	
4688.99971652457	52112	53991	
4687.99971780634	52112	53974	
4686.99971908811	52096	53957	
4685.99972036988	52112	53940	
4684.99971667187	52144	53923	
4683.99971795364	52096	53906	
4682.99971923541	52108	53889	
4681.99972051718	52080	53872	
4680.99971681917	52108	53855	
4679.99971810094	52124	53838	
4678.99971938271	52140	53821	
4677.99972564426	52096	53804	
4676.99972194625	52144	53787	
4675.99972322802	52140	53770	
4674.99972450979	52112	53754	
4673.99972579156	52080	53737	
4672.99972209355	52156	53720	
4671.99972337532	52112	53703	
4670.99972465709	52096	53686	
4669.99972593886	52108	53669	
4668.99972224086	52112	53652	
4667.99972352263	52108	53635	
4666.99972480439	52080	53618	
4665.99972608616	52096	53601	
4664.99972238816	52096	53584	
4663.99972366993	52144	53567	
4662.9997249517	52128	53550	
4661.99972125369	52124	53534	
4660.99972253546	52140	53517	
4659.99972381723	52124	53500	
4658.999725099	52112	53483	
4657.99972140099	52108	53466	
4656.99972268276	52144	53449	
4655.99972396453	52124	53432	
4654.9997252463	52108	53415	
4653.9997215483	52144	53398	
4652.99972283007	52112	53381	
4651.99972411184	52128	53365	
4650.99972539361	52124	53348	
4649.9997216956	52108	53331	
4648.99972297737	52140	53314	
4647.99972425914	52140	53297	
4646.99972554091	52124	53280	
4645.9997218429	52140	53263	
4644.99972312467	52144	53246	
4643.99972440644	52128	53229	
4642.99972568821	52112	53213	
4641.9997219902	52108	53196	
4640.99972327197	52128	53179	
4639.99972455374	52108	53162	
4638.99972583551	52128	53145	
4637.99972213751	52112	53128	
4636.99972341928	52128	53111	
4635.99972470105	52144	53094	
4634.99972598282	52128	53078	
4633.99972228481	52080	53061	
4632.99972356658	52112	53044	
4631.99972484835	52144	53027	
4630.99972115034	52092	53010	
4629.99972243211	52124	52993	
4628.99972371388	52128	52976	
4627.99972499565	52108	52960	
4626.99972129765	52096	52943	
4625.99972257941	52112	52926	
4624.99972386118	52096	52909	
4623.99972514295	52140	52892	
4622.99972144495	52124	52875	
4621.99972272672	52124	52859	
4620.99972400849	52144	52842	
4619.99972529026	52124	52825	
4618.99972159225	52140	52808	
4617.99972287402	52140	52791	
4616.99972415579	52124	52774	
4615.99972543756	52128	52758	
4614.99972173955	52144	52741	
4613.99972302132	52160	52724	
4612.99972430309	52144	52707	
4611.99972558486	52124	52690	
4610.99972188685	52144	52673	
4609.99972316862	52140	52657	
4608.99972445039	52140	52640	
4607.99972573216	52144	52623	
4606.99972203416	52124	52606	
4605.99972331593	52156	52589	
4604.9997245977	52096	52573	
4603.99972587947	52124	52556	
4602.99972218146	52128	52539	
4601.99972346323	52124	52522	
4600.999724745	52140	52505	
4599.99972602677	52144	52489	
4598.99972232876	52140	52472	
4597.99972361053	52128	52455	
4596.9997248923	52124	52438	
4595.9997211943	52144	52421	
4594.99972745584	52112	52405	
4593.99972873761	52128	52388	
4592.99973001938	52156	52371	
4591.99972632137	52112	52354	
4590.99972760314	52108	52337	
4589.99972888491	52128	52321	
4588.99973016668	52156	52304	
4587.99972646868	52128	52287	
4586.99972775045	52124	52270	
4585.99972903222	52128	52254	
4584.99973031399	52140	52237	
4583.99972661598	52128	52220	
4582.99972789775	52124	52203	
4581.99972917952	52140	52186	
4580.99973046129	52128	52170	
4579.99972676328	52144	52153	
4578.99972804505	52144	52136	
4577.99972932682	52140	52119	
4576.99973060859	52096	52103	
4575.99972691058	52108	52086	
4574.99972819235	52140	52069	
4573.99972947412	52112	52052	
4572.99973075589	52124	52036	
4571.99972705789	52108	52019	
4570.99972833966	52124	52002	
4569.99972962143	52188	51985	
4568.9997309032	52128	51969	
4567.99972720519	52112	51952	
4566.99972848696	52128	51935	
4565.99972976873	52096	51918	
4564.9997310505	52156	51902	
4563.99972735249	52112	51885	
4562.99972863426	52124	51868	
4561.99972991603	52108	51851	
4560.99972621803	52096	51835	
4559.99972749979	52124	51818	
4558.99972878156	52128	51801	
4557.99973006333	52092	51785	
4556.99972636533	52112	51768	
4555.9997276471	52144	51751	
4554.99972892887	52160	51734	
4553.99973021064	52128	51718	
4552.99972651263	52096	51701	
4551.9997277944	52112	51684	
4550.99972907617	52144	51667	
4549.99973035794	52128	51651	
4548.99972665993	52112	51634	
4547.9997279417	52140	51617	
4546.99972922347	52156	51601	
4545.99973050524	52140	51584	
4544.99972680723	52112	51567	
4543.999728089	52128	51550	
4542.99972937077	52128	51534	
4541.99973065254	52124	51517	
4540.99972695454	52124	51500	
4539.99972823631	52156	51484	
4538.99972951808	52112	51467	
4537.99973079985	52156	51450	
4536.99972710184	52124	51434	
4535.99972838361	52140	51417	
4534.99972966538	52124	51400	
4533.99973094715	52160	51384	
4532.99972724914	52140	51367	
4531.99972853091	52112	51350	
4530.99972981268	52128	51333	
4529.99972611468	52156	51317	
4528.99972739645	52112	51300	
4527.99972867821	52128	51283	
4526.99972995998	52140	51267	
4525.99972626198	52144	51250	
4524.99972754375	52140	51233	
4523.99972882552	52160	51217	
4522.99973010729	52144	51200	
4521.99972640928	52112	51183	
4520.99972769105	52128	51167	
4519.99972897282	52128	51150	
4518.99973025459	52140	51133	
4517.99972655658	52156	51117	
4516.99972783835	52108	51100	
4515.99972912012	52108	51083	
4514.99973040189	52112	51067	
4513.99972670389	52156	51050	
4512.99972798566	52192	51033	
4511.99972926743	52112	51017	
4510.99973552897	52144	51000	
4509.99973183096	52156	50984	
4508.99973311273	52096	50967	
4507.9997343945	52128	50950	
4506.99973567627	52128	50934	
4505.99973197827	52140	50917	
4504.99973326004	52128	50900	
4503.99973454181	52156	50884	
4502.99973582358	52128	50867	
4501.99973212557	52108	50850	
4500.99973340734	52156	50834	
4499.99973468911	52124	50817	
4498.99973597088	52140	50801	
4497.99973227287	52144	50784	
4496.99973355464	52160	50767	
4495.99973483641	52096	50751	
4494.99973113841	52156	50734	
4493.99973242017	52160	50717	
4492.99973370194	52108	50701	
