Graphite%SampleName
Probe8%ProbeName
20000%MaxDepth
1%step_size_nm
40%StiffnessPRC_nN_per_nm
76.9866%PRC_ADCValue_per_nm
1000%TriggerForce_nN
5000%LoopDelay_uS
2048%NumberOfSamplingPoints
%
%
%
%
%
%
%
%
%
%
%
8500.0000005%XL
6500.0000005%YL

3999.99976306148	52208	39957	
3998.99976434325	52204	39945	
3997.99976562502	52220	39932	
3996.99976192701	52176	39920	
3995.99976320878	52208	39907	
3994.99976449055	52188	39895	
3993.99976577232	52220	39883	
3992.99976207432	52188	39870	
3991.99976335608	52188	39858	
3990.99976463785	52176	39846	
3989.99976591962	52144	39833	
3988.99976222162	52176	39821	
3987.99976350339	52140	39808	
3986.99976478516	52192	39796	
3985.99976108715	52156	39784	
3984.99976236892	52160	39771	
3983.99976365069	52220	39759	
3982.99976493246	52176	39747	
3981.99976123445	52156	39734	
3980.99976251622	52160	39722	
3979.99976379799	52188	39710	
3978.99976507976	52176	39697	
3977.99976138176	52192	39685	
3976.99976266353	52172	39672	
3975.99976394529	52204	39660	
3974.99976522706	52176	39648	
3973.99976152906	52176	39635	
3972.99976281083	52220	39623	
3971.9997640926	52208	39611	
3970.99976537437	52220	39598	
3969.99976167636	52192	39586	
3968.99976295813	52172	39574	
3967.9997642399	52176	39561	
3966.99976552167	52220	39549	
3965.99976182366	52204	39537	
3964.99976310543	52160	39524	
3963.9997643872	52188	39512	
3962.99976566897	52188	39499	
3961.99976197097	52160	39487	
3960.99976325274	52220	39475	
3959.99976453451	52188	39462	
3958.99976581627	52208	39450	
3957.99976211827	52188	39438	
3956.99976340004	52144	39425	
3955.99976468181	52192	39413	
3954.9997609838	52176	39401	
3953.99976226557	52172	39388	
3952.99976354734	52192	39376	
3951.99976482911	52188	39364	
3950.9997611311	52172	39351	
3949.99976241287	52156	39339	
3948.99976369464	52160	39327	
3947.99976497641	52208	39314	
3946.99976127841	52220	39302	
3945.99976256018	52188	39290	
3944.99976384195	52188	39277	
3943.99976512372	52176	39265	
3942.99976142571	52188	39253	
3941.99976270748	52156	39240	
3940.99976398925	52192	39228	
3939.99976527102	52204	39216	
3938.99976157301	52160	39203	
3937.99976285478	52156	39191	
3936.99976413655	52220	39179	
3935.99976541832	52160	39166	
3934.99976172031	52176	39154	
3933.99976300208	52172	39142	
3932.99976428385	52208	39129	
3931.99976556562	52160	39117	
3930.99976186762	52172	39105	
3929.99976314939	52188	39092	
3928.99976443116	52188	39080	
3927.99976571293	52224	39068	
3926.99976201492	52192	39055	
3925.99976827646	52160	39043	
3924.99976955823	52160	39031	
3923.99977084	52172	39018	
3922.999767142	52160	39006	
3921.99976842377	52192	38994	
3920.99976970554	52192	38981	
3919.99976600753	52172	38969	
3918.9997672893	52160	38957	
3917.99976857107	52176	38944	
3916.99976985284	52172	38932	
3915.99976615483	52172	38920	
3914.9997674366	52156	38907	
3913.99976871837	52176	38895	
3912.99977000014	52172	38883	
3911.99976630214	52204	38870	
3910.99976758391	52188	38858	
3909.99976886567	52204	38846	
3908.99977014744	52204	38833	
3907.99976644944	52224	38821	
3906.99976773121	52160	38809	
3905.99976901298	52208	38797	
3904.99977029475	52176	38784	
3903.99976659674	52160	38772	
3902.99976787851	52172	38760	
3901.99976916028	52172	38747	
3900.99977044205	52128	38735	
3899.99976674404	52220	38723	
3898.99976802581	52236	38710	
3897.99976930758	52204	38698	
3896.99977058935	52192	38686	
3895.99976689135	52220	38673	
3894.99976817312	52188	38661	
3893.99976945489	52176	38649	
3892.99977073665	52160	38637	
3891.99976703865	52160	38624	
3890.99976832042	52160	38612	
3889.99976960219	52176	38600	
3888.99977088396	52172	38587	
3887.99976718595	52172	38575	
3886.99976846772	52172	38563	
3885.99976974949	52204	38550	
3884.99976605148	52192	38538	
3883.99976733325	52188	38526	
3882.99976861502	52204	38514	
3881.99976989679	52172	38501	
3880.99976619879	52188	38489	
3879.99976748056	52176	38477	
3878.99976876233	52188	38464	
3877.9997700441	52188	38452	
3876.99976634609	52192	38440	
3875.99976762786	52188	38427	
3874.99976890963	52192	38415	
3873.9997701914	52176	38403	
3872.99976649339	52160	38391	
3871.99976777516	52208	38378	
3870.99976905693	52192	38366	
3869.9997703387	52176	38354	
3868.99976664069	52192	38341	
3867.99976792246	52172	38329	
3866.99976920423	52188	38317	
3865.999770486	52176	38305	
3864.999766788	52188	38292	
3863.99976806977	52172	38280	
3862.99976935154	52188	38268	
3861.99977063331	52204	38255	
3860.9997669353	52176	38243	
3859.99976821707	52176	38231	
3858.99976949884	52192	38219	
3857.99977078061	52192	38206	
3856.9997670826	52192	38194	
3855.99976836437	52188	38182	
3854.99976964614	52156	38169	
3853.99977092791	52176	38157	
3852.9997672299	52220	38145	
3851.99976851167	52220	38133	
3850.99976979344	52188	38120	
3849.99976609544	52172	38108	
3848.99976737721	52160	38096	
3847.99976865898	52188	38083	
3846.99976994075	52192	38071	
3845.99976624274	52172	38059	
3844.99976752451	52192	38047	
3843.99976880628	52188	38034	
3842.99977506782	52220	38022	
3841.99977136982	52140	38010	
3840.99977265159	52160	37998	
3839.99977393336	52172	37985	
3838.99977521513	52204	37973	
3837.99977151712	52192	37961	
3836.99977279889	52172	37948	
3835.99977408066	52204	37936	
3834.99977536243	52188	37924	
3833.99977166442	52208	37912	
3832.99977294619	52188	37899	
3831.99977422796	52224	37887	
3830.99977550973	52160	37875	
3829.99977181173	52176	37863	
3828.9997730935	52188	37850	
3827.99977437527	52192	37838	
3826.99977565703	52188	37826	
3825.99977195903	52172	37814	
3824.9997732408	52160	37801	
3823.99977452257	52224	37789	
3822.99977580434	52176	37777	
3821.99977210633	52172	37765	
3820.9997733881	52156	37752	
3819.99977466987	52176	37740	
3818.99977097186	52176	37728	
3817.99977225363	52176	37716	
3816.9997735354	52192	37703	
3815.99977481717	52172	37691	
3814.99977111917	52176	37679	
3813.99977240094	52192	37666	
3812.99977368271	52156	37654	
3811.99977496448	52220	37642	
3810.99977126647	52188	37630	
3809.99977254824	52204	37617	
3808.99977383001	52172	37605	
3807.99977511178	52176	37593	
3806.99977141377	52172	37581	
3805.99977269554	52188	37568	
3804.99977397731	52172	37556	
3803.99977525908	52172	37544	
3802.99977156107	52204	37532	
3801.99977284284	52176	37519	
3800.99977412461	52156	37507	
3799.99977540638	52204	37495	
3798.99977170838	52220	37483	
3797.99977299015	52188	37471	
3796.99977427192	52192	37458	
3795.99977555369	52192	37446	
3794.99977185568	52192	37434	
3793.99977313745	52160	37422	
3792.99977441922	52204	37409	
3791.99977570099	52192	37397	
3790.99977200298	52192	37385	
3789.99977328475	52188	37373	
3788.99977456652	52188	37360	
3787.99977584829	52144	37348	
3786.99977215028	52160	37336	
3785.99977343205	52236	37324	
3784.99977471382	52220	37311	
3783.99977101582	52204	37299	
3782.99977229759	52160	37287	
3781.99977357936	52160	37275	
3780.99977486113	52192	37262	
3779.99977116312	52172	37250	
3778.99977244489	52204	37238	
3777.99977372666	52220	37226	
3776.99977500843	52208	37214	
3775.99977131042	52176	37201	
3774.99977259219	52176	37189	
3773.99977387396	52192	37177	
3772.99977515573	52204	37165	
3771.99977145773	52220	37152	
3770.99977273949	52160	37140	
3769.99977402126	52172	37128	
3768.99977530303	52188	37116	
3767.99977160503	52240	37103	
3766.9997728868	52160	37091	
3765.99977416857	52144	37079	
3764.99977545034	52192	37067	
3763.99977175233	52252	37055	
3762.9997730341	52192	37042	
3761.99977431587	52156	37030	
3760.99977559764	52220	37018	
3759.99977189963	52140	37006	
3758.99977816118	52208	36993	
3757.99977944295	52220	36981	
3756.99978072472	52208	36969	
3755.99977702671	52176	36957	
3754.99977830848	52160	36945	
3753.99977959025	52188	36932	
3752.99978087202	52204	36920	
3751.99977717401	52192	36908	
3750.99977845578	52192	36896	
3749.99977973755	52188	36883	
3748.99977603955	52192	36871	
3747.99977732132	52188	36859	
3746.99977860309	52208	36847	
3745.99977988486	52192	36835	
3744.99977618685	52220	36822	
3743.99977746862	52156	36810	
3742.99977875039	52208	36798	
3741.99978003216	52176	36786	
3740.99977633415	52192	36774	
3739.99977761592	52208	36761	
3738.99977889769	52208	36749	
3737.99978017946	52204	36737	
3736.99977648145	52176	36725	
3735.99977776322	52204	36713	
3734.99977904499	52176	36700	
3733.99978032676	52204	36688	
3732.99977662876	52176	36676	
3731.99977791053	52204	36664	
3730.9997791923	52176	36651	
3729.99978047407	52160	36639	
3728.99977677606	52204	36627	
3727.99977805783	52208	36615	
3726.9997793396	52160	36603	
3725.99978062137	52188	36590	
3724.99977692336	52236	36578	
3723.99977820513	52192	36566	
3722.9997794869	52192	36554	
3721.99978076867	52176	36542	
3720.99977707067	52192	36529	
3719.99977835243	52220	36517	
3718.9997796342	52188	36505	
3717.9997759362	52220	36493	
3716.99977721797	52204	36481	
3715.99977849974	52188	36468	
3714.99977978151	52176	36456	
3713.9997760835	52188	36444	
3712.99977736527	52204	36432	
3711.99977864704	52192	36420	
3710.99977992881	52204	36408	
3709.9997762308	52144	36395	
3708.99977751257	52144	36383	
3707.99977879434	52208	36371	
3706.99978007611	52172	36359	
3705.99977637811	52208	36347	
3704.99977765988	52192	36334	
3703.99977894164	52204	36322	
3702.99978022341	52188	36310	
3701.99977652541	52224	36298	
3700.99977780718	52220	36286	
3699.99977908895	52176	36273	
3698.99978037072	52188	36261	
3697.99977667271	52192	36249	
3696.99977795448	52204	36237	
3695.99977923625	52204	36225	
3694.99978051802	52192	36213	
3693.99977682001	52188	36200	
3692.99977810178	52176	36188	
3691.99977938355	52224	36176	
3690.99978066532	52220	36164	
3689.99977696732	52176	36152	
3688.99977824909	52188	36139	
3687.99977953086	52172	36127	
3686.99978081262	52224	36115	
3685.99977711462	52208	36103	
3684.99977839639	52176	36091	
3683.99977967816	52192	36079	
3682.99977598015	52208	36066	
3681.99977726192	52192	36054	
3680.99977854369	52160	36042	
3679.99977982546	52188	36030	
3678.99977612745	52192	36018	
3677.99977740922	52176	36005	
3676.99977869099	52176	35993	
3675.99978495254	52176	35981	
3674.99978125453	52188	35969	
3673.9997825363	52224	35957	
3672.99978381807	52188	35945	
3671.99978509984	52192	35932	
3670.99978140183	52204	35920	
3669.9997826836	52176	35908	
3668.99978396537	52208	35896	
3667.99978524714	52236	35884	
3666.99978154914	52192	35872	
3665.99978283091	52204	35859	
3664.99978411268	52176	35847	
3663.99978539445	52192	35835	
3662.99978169644	52156	35823	
3661.99978297821	52192	35811	
3660.99978425998	52208	35799	
3659.99978554175	52204	35786	
3658.99978184374	52204	35774	
3657.99978312551	52204	35762	
3656.99978440728	52208	35750	
3655.99978568905	52176	35738	
3654.99978199105	52208	35726	
3653.99978327281	52220	35713	
3652.99978455458	52208	35701	
3651.99978583635	52204	35689	
3650.99978213835	52156	35677	
3649.99978342012	52192	35665	
3648.99978470189	52188	35653	
3647.99978100388	52176	35640	
3646.99978228565	52176	35628	
3645.99978356742	52220	35616	
3644.99978484919	52188	35604	
3643.99978115118	52224	35592	
3642.99978243295	52204	35580	
3641.99978371472	52208	35568	
3640.99978499649	52188	35555	
3639.99978129849	52192	35543	
3638.99978258026	52192	35531	
3637.99978386202	52208	35519	
3636.99978514379	52192	35507	
3635.99978144579	52208	35495	
3634.99978272756	52224	35482	
3633.99978400933	52176	35470	
3632.9997852911	52172	35458	
3631.99978159309	52224	35446	
3630.99978287486	52208	35434	
3629.99978415663	52188	35422	
3628.9997854384	52176	35410	
3627.99978174039	52156	35397	
3626.99978302216	52204	35385	
3625.99978430393	52220	35373	
3624.9997855857	52188	35361	
3623.9997818877	52188	35349	
3622.99978316947	52176	35337	
3621.99978445124	52176	35325	
3620.999785733	52208	35312	
3619.999782035	52192	35300	
3618.99978331677	52192	35288	
3617.99978459854	52204	35276	
3616.99978090053	52236	35264	
3615.9997821823	52220	35252	
3614.99978346407	52220	35240	
3613.99978474584	52172	35227	
3612.99978104783	52172	35215	
3611.9997823296	52192	35203	
3610.99978361137	52176	35191	
3609.99978489314	52188	35179	
3608.99978119514	52188	35167	
3607.99978247691	52204	35155	
3606.99978375868	52192	35142	
3605.99978504045	52176	35130	
3604.99978134244	52208	35118	
3603.99978262421	52160	35106	
3602.99978390598	52176	35094	
3601.99978518775	52208	35082	
3600.99978148974	52204	35070	
3599.99978277151	52188	35058	
3598.99978405328	52220	35045	
3597.99978533505	52220	35033	
3596.99978163704	52224	35021	
3595.99978291881	52188	35009	
3594.99978420058	52240	34997	
3593.99978548235	52176	34985	
3592.99978178435	52192	34973	
3591.99978804589	52188	34961	
3590.99978932766	52224	34948	
3589.99979060943	52208	34936	
3588.99978691143	52220	34924	
3587.99978819319	52188	34912	
3586.99978947496	52188	34900	
3585.99979075673	52176	34888	
3584.99978705873	52224	34876	
3583.9997883405	52192	34864	
3582.99978962227	52220	34851	
3581.99978592426	52204	34839	
3580.99978720603	52156	34827	
3579.9997884878	52172	34815	
3578.99978976957	52176	34803	
3577.99978607156	52176	34791	
3576.99978735333	52176	34779	
3575.9997886351	52192	34767	
3574.99978991687	52192	34754	
3573.99978621887	52156	34742	
3572.99978750064	52176	34730	
3571.9997887824	52188	34718	
3570.99979006417	52176	34706	
3569.99978636617	52172	34694	
3568.99978764794	52188	34682	
3567.99978892971	52220	34670	
3566.99979021148	52192	34658	
3565.99978651347	52188	34645	
3564.99978779524	52204	34633	
3563.99978907701	52204	34621	
3562.99979035878	52188	34609	
3561.99978666077	52192	34597	
3560.99978794254	52172	34585	
3559.99978922431	52204	34573	
3558.99979050608	52204	34561	
3557.99978680808	52172	34549	
3556.99978808985	52208	34536	
3555.99978937162	52224	34524	
3554.99979065338	52188	34512	
3553.99978695538	52192	34500	
3552.99978823715	52208	34488	
3551.99978951892	52172	34476	
3550.99979080069	52208	34464	
3549.99978710268	52252	34452	
3548.99978838445	52192	34440	
3547.99978966622	52220	34427	
3546.99978596821	52204	34415	
3545.99978724998	52224	34403	
3544.99978853175	52208	34391	
3543.99978981352	52176	34379	
3542.99978611552	52208	34367	
3541.99978739729	52192	34355	
3540.99978867906	52240	34343	
3539.99978996083	52156	34331	
3538.99978626282	52188	34319	
3537.99978754459	52192	34306	
3536.99978882636	52160	34294	
3535.99979010813	52220	34282	
3534.99978641012	52192	34270	
3533.99978769189	52176	34258	
3532.99978897366	52192	34246	
3531.99979025543	52188	34234	
3530.99978655742	52208	34222	
3529.99978783919	52220	34210	
3528.99978912096	52176	34198	
3527.99979040273	52172	34185	
3526.99978670473	52176	34173	
3525.9997879865	52208	34161	
3524.99978926827	52204	34149	
3523.99979055004	52188	34137	
3522.99978685203	52204	34125	
3521.9997881338	52188	34113	
3520.99978941557	52188	34101	
3519.99979069734	52208	34089	
3518.99978699933	52188	34077	
3517.9997882811	52204	34065	
3516.99978956287	52220	34052	
3515.99979084464	52192	34040	
3514.99978714663	52192	34028	
3513.9997884284	52224	34016	
3512.99978971017	52208	34004	
3511.99978601217	52192	33992	
3510.99978729394	52224	33980	
3509.99978857571	52188	33968	
3508.99978985748	52188	33956	
3507.99979113925	52188	33944	
3506.99979242102	52192	33932	
3505.99979370278	52224	33919	
3504.99979498455	52208	33907	
3503.99979128655	52208	33895	
3502.99979256832	52224	33883	
3501.99979385009	52192	33871	
3500.99979513186	52192	33859	
3499.99979143385	52204	33847	
3498.99979271562	52188	33835	
3497.99979399739	52192	33823	
3496.99979527916	52188	33811	
3495.99979158115	52204	33799	
3494.99979286292	52208	33787	
3493.99979414469	52208	33775	
3492.99979542646	52172	33762	
3491.99979172846	52188	33750	
3490.99979301023	52192	33738	
3489.99979429199	52240	33726	
3488.99979557376	52172	33714	
3487.99979187576	52204	33702	
3486.99979315753	52208	33690	
3485.9997944393	52204	33678	
3484.99979572107	52208	33666	
3483.99979202306	52204	33654	
3482.99979330483	52192	33642	
3481.9997945866	52204	33630	
3480.99979088859	52192	33618	
3479.99979217036	52192	33605	
3478.99979345213	52208	33593	
3477.9997947339	52172	33581	
3476.9997910359	52220	33569	
3475.99979231767	52204	33557	
3474.99979359944	52188	33545	
3473.99979488121	52208	33533	
3472.9997911832	52204	33521	
3471.99979246497	52208	33509	
3470.99979374674	52192	33497	
3469.99979502851	52192	33485	
3468.9997913305	52192	33473	
3467.99979261227	52220	33461	
3466.99979389404	52220	33449	
3465.99979517581	52192	33437	
3464.9997914778	52204	33424	
3463.99979275957	52220	33412	
3462.99979404134	52208	33400	
3461.99979532311	52208	33388	
3460.99979162511	52204	33376	
3459.99979290688	52176	33364	
3458.99979418865	52192	33352	
3457.99979547042	52208	33340	
3456.99979177241	52256	33328	
3455.99979305418	52192	33316	
3454.99979433595	52220	33304	
3453.99979561772	52160	33292	
3452.99979191971	52224	33280	
3451.99979320148	52176	33268	
3450.99979448325	52192	33256	
3449.99979576502	52192	33244	
3448.99979206701	52172	33232	
3447.99979334878	52208	33219	
3446.99979463055	52192	33207	
3445.99979093255	52192	33195	
3444.99979221432	52220	33183	
3443.99979349609	52204	33171	
3442.99979477786	52204	33159	
3441.99979107985	52220	33147	
3440.99979236162	52220	33135	
3439.99979364339	52220	33123	
3438.99979492516	52208	33111	
3437.99979122715	52204	33099	
3436.99979250892	52192	33087	
3435.99979379069	52224	33075	
3434.99979507246	52220	33063	
3433.99979137446	52220	33051	
3432.99979265622	52208	33039	
3431.99979393799	52188	33027	
3430.99979521976	52220	33015	
3429.99979152176	52220	33003	
3428.99979280353	52236	32991	
3427.9997940853	52204	32978	
3426.99979536707	52176	32966	
3425.99979166906	52188	32954	
3424.99979793061	52208	32942	
3423.99979921237	52188	32930	
3422.99980049414	52208	32918	
3421.99979679614	52204	32906	
3420.99979807791	52188	32894	
3419.99979935968	52176	32882	
3418.99980064145	52204	32870	
3417.99979694344	52204	32858	
3416.99979822521	52220	32846	
3415.99979950698	52204	32834	
3414.99980078875	52220	32822	
3413.99979709074	52188	32810	
3412.99979837251	52252	32798	
3411.99979965428	52208	32786	
3410.99979595628	52220	32774	
3409.99979723805	52252	32762	
3408.99979851982	52208	32750	
3407.99979980159	52176	32738	
3406.99979610358	52156	32726	
3405.99979738535	52192	32714	
3404.99979866712	52192	32702	
3403.99979994889	52236	32690	
3402.99979625088	52204	32678	
3401.99979753265	52188	32665	
3400.99979881442	52188	32653	
3399.99980009619	52252	32641	
3398.99979639818	52160	32629	
3397.99979767995	52208	32617	
3396.99979896172	52192	32605	
3395.99980024349	52208	32593	
3394.99979654549	52204	32581	
3393.99979782726	52192	32569	
3392.99979910903	52192	32557	
3391.9998003908	52220	32545	
3390.99979669279	52176	32533	
3389.99979797456	52176	32521	
3388.99979925633	52208	32509	
3387.9998005381	52208	32497	
3386.99979684009	52192	32485	
3385.99979812186	52192	32473	
3384.99979940363	52224	32461	
3383.9998006854	52176	32449	
3382.99979698739	52236	32437	
3381.99979826916	52224	32425	
3380.99979955093	52236	32413	
3379.99979585293	52176	32401	
3378.9997971347	52220	32389	
3377.99979841647	52204	32377	
3376.99979969824	52224	32365	
3375.99979600023	52240	32353	
3374.999797282	52236	32341	
3373.99979856377	52188	32329	
3372.99979984554	52208	32317	
3371.99979614753	52220	32305	
3370.9997974293	52220	32293	
3369.99979871107	52220	32281	
3368.99979999284	52208	32269	
3367.99979629484	52204	32257	
3366.9997975766	52224	32245	
3365.99979885837	52220	32233	
3364.99980014014	52208	32221	
3363.99979644214	52224	32209	
3362.99979772391	52252	32197	
3361.99979900568	52176	32185	
3360.99980028745	52192	32173	
3359.99979658944	52204	32160	
3358.99979787121	52204	32148	
3357.99979915298	52192	32136	
3356.99980043475	52172	32124	
3355.99979673674	52208	32112	
3354.99979801851	52208	32100	
3353.99979930028	52204	32088	
3352.99980058205	52224	32076	
3351.99979688405	52188	32064	
3350.99979816581	52172	32052	
3349.99979944758	52208	32040	
3348.99980072935	52176	32028	
3347.99979703135	52188	32016	
3346.99979831312	52176	32004	
3345.99979959489	52224	31992	
3344.99979589688	52208	31980	
3343.99979717865	52224	31968	
3342.99979846042	52252	31956	
3341.99979974219	52192	31944	
3340.99980102396	52236	31932	
3339.99980230573	52204	31920	
3338.9998035875	52220	31908	
3337.99980486927	52220	31896	
3336.99980117126	52204	31884	
3335.99980245303	52188	31872	
3334.9998037348	52224	31860	
3333.99980501657	52188	31848	
3332.99980131856	52220	31836	
3331.99980260033	52204	31824	
3330.9998038821	52192	31812	
3329.99980516387	52188	31800	
3328.99980146587	52224	31788	
3327.99980274764	52240	31776	
3326.99980402941	52192	31764	
3325.99980531118	52188	31752	
3324.99980161317	52236	31740	
3323.99980289494	52204	31728	
3322.99980417671	52192	31716	
3321.99980545848	52188	31704	
3320.99980176047	52224	31692	
3319.99980304224	52236	31680	
3318.99980432401	52208	31668	
3317.99980560578	52220	31656	
3316.99980190777	52208	31644	
3315.99980318954	52236	31632	
3314.99980447131	52256	31620	
3313.99980575308	52208	31608	
3312.99980205508	52236	31596	
3311.99980333685	52204	31584	
3310.99980461862	52208	31572	
3309.99980092061	52224	31560	
3308.99980220238	52224	31548	
3307.99980348415	52192	31536	
3306.99980476592	52220	31524	
3305.99980106791	52208	31512	
3304.99980234968	52188	31500	
3303.99980363145	52188	31488	
3302.99980491322	52192	31476	
3301.99980121522	52252	31464	
3300.99980249698	52224	31452	
3299.99980377875	52240	31440	
3298.99980506052	52224	31428	
3297.99980136252	52220	31416	
3296.99980264429	52224	31405	
3295.99980392606	52192	31393	
3294.99980520783	52192	31381	
3293.99980150982	52224	31369	
3292.99980279159	52192	31357	
3291.99980407336	52208	31345	
3290.99980535513	52192	31333	
3289.99980165712	52220	31321	
3288.99980293889	52208	31309	
3287.99980422066	52208	31297	
3286.99980550243	52220	31285	
3285.99980180443	52176	31273	
3284.99980308619	52236	31261	
3283.99980436796	52192	31249	
3282.99980564973	52192	31237	
3281.99980195173	52172	31225	
3280.9998032335	52240	31213	
3279.99980451527	52204	31201	
3278.99980081726	52208	31189	
3277.99980209903	52208	31177	
3276.9998033808	52224	31165	
3275.99980466257	52220	31153	
3274.99980096456	52192	31141	
3273.99980224633	52188	31129	
3272.9998035281	52172	31117	
3271.99980480987	52252	31105	
3270.99980111187	52224	31093	
3269.99980239364	52240	31081	
3268.99980367541	52208	31069	
3267.99980495718	52240	31057	
3266.99980125917	52224	31045	
3265.99980254094	52188	31033	
3264.99980382271	52204	31021	
3263.99980510448	52188	31009	
3262.99980140647	52220	30997	
3261.99980268824	52176	30985	
3260.99980397001	52220	30973	
3259.99980525178	52236	30961	
3258.99980155377	52236	30949	
3257.99980781532	52236	30937	
3256.99980909709	52204	30925	
3255.99981037886	52176	30913	
3254.99980668085	52220	30901	
3253.99980796262	52192	30890	
3252.99980924439	52204	30878	
3251.99981052616	52208	30866	
3250.99980682815	52208	30854	
3249.99980810992	52252	30842	
3248.99980939169	52220	30830	
3247.99981067346	52224	30818	
3246.99980697546	52188	30806	
3245.99980825723	52188	30794	
3244.999809539	52220	30782	
3243.99980584099	52204	30770	
3242.99980712276	52192	30758	
3241.99980840453	52236	30746	
3240.9998096863	52224	30734	
3239.99980598829	52204	30722	
3238.99980727006	52192	30710	
3237.99980855183	52188	30698	
3236.9998098336	52208	30686	
3235.9998061356	52220	30674	
3234.99980741737	52160	30662	
3233.99980869913	52204	30650	
3232.9998099809	52236	30638	
3231.9998062829	52220	30626	
3230.99980756467	52252	30614	
3229.99980884644	52224	30602	
3228.99981012821	52204	30590	
3227.9998064302	52224	30578	
3226.99980771197	52208	30567	
3225.99980899374	52204	30555	
3224.99981027551	52224	30543	
3223.9998065775	52192	30531	
3222.99980785927	52172	30519	
3221.99980914104	52172	30507	
3220.99981042281	52208	30495	
3219.99980672481	52188	30483	
3218.99980800658	52204	30471	
3217.99980928834	52160	30459	
3216.99981057011	52192	30447	
3215.99980687211	52208	30435	
3214.99980815388	52176	30423	
3213.99980943565	52220	30411	
3212.99981071742	52192	30399	
3211.99980701941	52220	30387	
3210.99980830118	52220	30375	
3209.99980958295	52192	30363	
3208.99980588494	52208	30351	
3207.99980716671	52236	30339	
3206.99980844848	52172	30327	
3205.99980973025	52208	30316	
3204.99980603225	52204	30304	
3203.99980731402	52224	30292	
3202.99980859579	52208	30280	
3201.99980987756	52208	30268	
3200.99980617955	52188	30256	
3199.99980746132	52208	30244	
3198.99980874309	52204	30232	
3197.99981002486	52224	30220	
3196.99980632685	52220	30208	
3195.99980760862	52224	30196	
3194.99980889039	52192	30184	
3193.99981017216	52188	30172	
3192.99980647415	52236	30160	
3191.99980775592	52192	30148	
3190.99980903769	52204	30136	
3189.99981031946	52220	30124	
3188.99980662146	52176	30112	
3187.99980790323	52220	30101	
3186.999809185	52204	30089	
3185.99981046677	52204	30077	
3184.99980676876	52220	30065	
3183.99980805053	52220	30053	
3182.9998093323	52220	30041	
3181.99981061407	52220	30029	
3180.99980691606	52192	30017	
3179.99980819783	52188	30005	
3178.9998094796	52208	29993	
3177.99981076137	52176	29981	
3176.99980706336	52156	29969	
3175.99980834513	52188	29957	
3174.9998096269	52220	29945	
3173.99981090867	52236	29933	
3172.99981219044	52188	29921	
3171.99981347221	52240	29910	
3170.99981475398	52240	29898	
3169.99981105598	52208	29886	
3168.99981233775	52224	29874	
3167.99981361951	52208	29862	
3166.99981490128	52188	29850	
3165.99981120328	52204	29838	
3164.99981248505	52224	29826	
3163.99981376682	52220	29814	
3162.99981504859	52192	29802	
3161.99981135058	52204	29790	
3160.99981263235	52204	29778	
3159.99981391412	52192	29766	
3158.99981519589	52144	29754	
3157.99981149788	52224	29743	
3156.99981277965	52224	29731	
3155.99981406142	52236	29719	
3154.99981534319	52208	29707	
3153.99981164519	52204	29695	
3152.99981292696	52236	29683	
3151.99981420872	52220	29671	
3150.99981549049	52220	29659	
3149.99981179249	52224	29647	
3148.99981307426	52176	29635	
3147.99981435603	52224	29623	
3146.9998156378	52224	29611	
3145.99981193979	52192	29599	
3144.99981322156	52204	29587	
3143.99981450333	52220	29576	
3142.99981080532	52192	29564	
3141.99981208709	52192	29552	
3140.99981336886	52176	29540	
3139.99981465063	52220	29528	
3138.99981095263	52188	29516	
3137.9998122344	52176	29504	
3136.99981351617	52224	29492	
3135.99981479794	52192	29480	
3134.99981109993	52204	29468	
3133.9998123817	52204	29456	
3132.99981366347	52188	29444	
3131.99981494524	52236	29433	
3130.99981124723	52220	29421	
3129.999812529	52224	29409	
3128.99981381077	52208	29397	
3127.99981509254	52236	29385	
3126.99981139453	52188	29373	
3125.9998126763	52188	29361	
3124.99981395807	52204	29349	
3123.99981523984	52176	29337	
3122.99981154184	52172	29325	
3121.99981282361	52192	29313	
3120.99981410538	52208	29301	
3119.99981538715	52204	29290	
3118.99981168914	52204	29278	
3117.99981297091	52224	29266	
3116.99981425268	52236	29254	
3115.99981553445	52208	29242	
3114.99981183644	52204	29230	
3113.99981311821	52176	29218	
3112.99981439998	52208	29206	
3111.99981568175	52208	29194	
3110.99981198374	52224	29182	
3109.99981326551	52188	29170	
3108.99981454728	52208	29158	
3107.99981084928	52192	29147	
3106.99981213105	52256	29135	
3105.99981341282	52224	29123	
3104.99981469459	52204	29111	
3103.99981099658	52188	29099	
3102.99981227835	52188	29087	
3101.99981356012	52204	29075	
3100.99981484189	52220	29063	
3099.99981114388	52192	29051	
3098.99981242565	52236	29039	
3097.99981370742	52220	29028	
3096.99981498919	52224	29016	
3095.99981129118	52204	29004	
3094.99981257295	52192	28992	
3093.99981385472	52204	28980	
3092.99981513649	52252	28968	
3091.99981143849	52188	28956	
3090.99981770003	52176	28944	
3089.9998189818	52224	28932	
3088.99982026357	52188	28920	
3087.99981656557	52160	28908	
3086.99981784734	52204	28897	
3085.9998191291	52172	28885	
3084.99982041087	52176	28873	
3083.99981671287	52208	28861	
3082.99981799464	52208	28849	
3081.99981927641	52192	28837	
3080.99982055818	52220	28825	
3079.99981686017	52236	28813	
3078.99981814194	52204	28801	
3077.99981942371	52188	28789	
3076.99982070548	52192	28778	
3075.99981700747	52220	28766	
3074.99981828924	52192	28754	
3073.99981957101	52236	28742	
3072.99981587301	52224	28730	
3071.99981715478	52224	28718	
3070.99981843655	52240	28706	
3069.99981971831	52220	28694	
6978.99958488598	52096	85354	
6979.99958360421	52096	85366	
6980.99958232244	52112	85377	
6981.99958602045	52080	85388	
6982.99958473868	52108	85399	
6983.99958345691	52096	85411	
6984.99958217514	52128	85422	
6985.99958587315	52128	85433	
6986.99958459138	52108	85445	
6987.99958330961	52092	85456	
6988.99958202784	52096	85467	
6989.99958572585	52076	85479	
6990.99958444408	52108	85490	
6991.99958316231	52156	85501	
6992.99958188054	52124	85513	
6993.99958557854	52144	85524	
6994.99958429677	52096	85535	
6995.999583015	52096	85547	
6996.99958173323	52096	85558	
6997.99958543124	52080	85569	
6998.99958414947	52096	85581	
6999.9995828677	52108	85592	
7000.99958656571	52124	85603	
7001.99958528394	52144	85615	
7002.99958400217	52128	85626	
7003.9995827204	52112	85637	
7004.9995864184	52128	85648	
7005.99958513664	52112	85660	
7006.99958385487	52108	85671	
7007.9995825731	52112	85682	
7008.9995862711	52060	85694	
7009.99958498933	52108	85705	
7010.99958370756	52096	85716	
7011.99958242579	52080	85728	
7012.9995861238	52112	85739	
7013.99958484203	52112	85750	
7014.99958356026	52112	85762	
7015.99958227849	52096	85773	
7016.9995859765	52112	85784	
7017.99957971495	52092	85796	
7018.99957843318	52112	85807	
7019.99957715141	52076	85818	
7020.99958084942	52092	85830	
7021.99957956765	52112	85841	
7022.99957828588	52124	85852	
7023.99957700411	52080	85863	
7024.99958070212	52112	85875	
7025.99957942035	52080	85886	
7026.99957813858	52080	85897	
7027.99957685681	52096	85909	
7028.99958055481	52096	85920	
7029.99957927304	52080	85931	
7030.99957799128	52076	85943	
7031.99958168928	52108	85954	
7032.99958040751	52064	85965	
7033.99957912574	52080	85977	
7034.99957784397	52092	85988	
7035.99958154198	52080	85999	
7036.99958026021	52108	86011	
7037.99957897844	52124	86022	
7038.99957769667	52124	86033	
7039.99958139468	52096	86045	
7040.99958011291	52108	86056	
7041.99957883114	52080	86067	
7042.99957754937	51712	86078	
7043.99958124737	51776	86090	
7044.9995799656	52160	86101	
7045.99957868383	51772	86112	
7046.99957740206	51952	86124	
7047.99958110007	52348	86135	
7048.9995798183	51792	86146	
7049.99957853653	52428	86158	
7050.99957725476	52304	86169	
7051.99958095277	52364	86180	
7052.999579671	52204	86192	
7053.99957838923	52764	86203	
7054.99957710746	52652	86214	
7055.99958080547	52752	86226	
7056.9995795237	52924	86237	
7057.99957824193	53264	86248	
7058.99957696016	52720	86260	
7059.99958065816	52924	86271	
7060.99957937639	53808	86282	
7061.99957809462	53456	86293	
7062.99957681285	53148	86305	
7063.99958051086	53392	86316	
7064.99957922909	53996	86327	
7065.99957794732	53564	86339	
7066.99958164533	53596	86350	
7067.99958036356	53980	86361	
7068.99957908179	54092	86373	
7069.99957780002	53788	86384	
7070.99958149802	54044	86395	
7071.99958021626	54524	86407	
7070.99958149802	54384	86388	
7069.99957780002	54176	86369	
7068.99957908179	54608	86350	
7067.99958036356	54204	86331	
7066.99958164533	54128	86312	
7065.99957794732	54012	86293	
7064.99957922909	54288	86274	
7063.99958051086	53728	86255	
7062.99957681285	53872	86236	
7061.99957809462	53820	86217	
7060.99957937639	53904	86198	
7059.99958065816	53420	86179	
7058.99957696016	53664	86160	
7057.99957824193	53808	86141	
7056.9995795237	53280	86123	
7055.99958080547	53196	86104	
7054.99957710746	53504	86085	
7053.99957838923	53136	86066	
7052.999579671	53020	86047	
7051.99958095277	53056	86028	
7050.99957725476	53104	86009	
7049.99957853653	53084	85990	
7048.9995798183	52844	85971	
7047.99958110007	52988	85952	
7046.99957740206	52352	85933	
7045.99957868383	52684	85915	
7044.9995799656	53372	85896	
7043.99958124737	52188	85877	
7042.99957754937	52748	85858	
7041.99957883114	52348	85839	
7040.99958011291	52192	85820	
7039.99958139468	52412	85801	
7038.99957769667	51996	85782	
7037.99957897844	52592	85764	
7036.99958026021	51660	85745	
7035.99958154198	51964	85726	
7034.99957784397	52096	85707	
7033.99957912574	51664	85688	
7032.99958040751	51712	85669	
7031.99958168928	51708	85651	
7030.99957799128	51980	85632	
7029.99957927304	51900	85613	
7028.99958055481	51472	85594	
7027.99957685681	51868	85575	
7026.99957813858	52044	85556	
7025.99957942035	51984	85538	
7024.99958070212	51996	85519	
7023.99957700411	52028	85500	
7022.99957828588	52080	85481	
7021.99957956765	52060	85462	
7020.99958084942	52092	85443	
7019.99957715141	52096	85425	
7018.99957843318	52080	85406	
7017.99957971495	52080	85387	
7016.9995859765	52108	85368	
7015.99958227849	52048	85349	
7014.99958356026	52092	85331	
7013.99958484203	52076	85312	
7012.9995861238	52124	85293	
7011.99958242579	52112	85274	
7010.99958370756	52080	85255	
7009.99958498933	52080	85237	
7008.9995862711	52112	85218	
7007.9995825731	52076	85199	
7006.99958385487	52108	85180	
7005.99958513664	52112	85162	
7004.9995864184	52076	85143	
7003.9995827204	52092	85124	
7002.99958400217	52076	85105	
7001.99958528394	52112	85087	
7000.99958656571	52144	85068	
6999.9995828677	52092	85049	
6998.99958414947	52048	85030	
6997.99958543124	52076	85012	
6996.99958173323	52092	84993	
6995.999583015	52096	84974	
6994.99958429677	52060	84955	
6993.99958557854	52096	84937	
6992.99958188054	52064	84918	
6991.99958316231	52080	84899	
6990.99958444408	52092	84880	
6989.99958572585	52080	84862	
6988.99958202784	52080	84843	
6987.99958330961	52092	84824	
6986.99958459138	52108	84806	
6985.99958587315	52112	84787	
6984.99958217514	52096	84768	
6983.99958345691	52108	84750	
6982.99958473868	52108	84731	
6981.99958602045	52112	84712	
6980.99958232244	52060	84693	
6979.99958360421	52096	84675	
6978.99958488598	52092	84656	
6977.99958616775	52096	84637	
6976.99958246975	52080	84619	
6975.99958375152	52064	84600	
6974.99958503329	52080	84581	
6973.99958631506	52092	84563	
6972.99958261705	52112	84544	
6971.99958389882	52092	84525	
6970.99958518059	52124	84507	
6969.99958646236	52096	84488	
6968.99958276435	52124	84469	
6967.99958404612	52092	84451	
6966.99958532789	52076	84432	
6965.99958660966	52112	84413	
6964.99958291166	52080	84395	
6963.99958419342	52096	84376	
6962.99958547519	52092	84357	
6961.99958177719	52112	84339	
6960.99958305896	52096	84320	
6959.99958434073	52096	84302	
6958.9995856225	52092	84283	
6957.99958192449	52080	84264	
6956.99958320626	52080	84246	
6955.99958448803	52048	84227	
6954.9995857698	52112	84208	
6953.99958207179	52124	84190	
6952.99958335356	52096	84171	
6951.99958463533	52112	84153	
6950.9995859171	52108	84134	
6949.9995822191	52076	84115	
6948.99958350086	52080	84097	
6947.99958478263	52096	84078	
6946.9995860644	52080	84060	
6945.9995823664	52096	84041	
6944.99958364817	52140	84022	
6943.99958492994	52128	84004	
6942.99958621171	52108	83985	
6941.9995825137	52112	83967	
6940.99958379547	52064	83948	
6939.99958507724	52096	83929	
6938.99958635901	52080	83911	
6937.999582661	52108	83892	
6936.99958394277	52096	83874	
6935.99958522454	52140	83855	
6934.99958650631	52064	83837	
6933.99958778808	52096	83818	
6932.99958906985	52092	83799	
6931.99959035162	52076	83781	
6930.99959163339	52092	83762	
6929.99958793538	52128	83744	
6928.99958921715	52112	83725	
6927.99959049892	52060	83707	
6926.99958680092	52060	83688	
6925.99958808269	52092	83670	
6924.99958936446	52060	83651	
6923.99959064623	52108	83633	
6922.99958694822	52096	83614	
6921.99958822999	52048	83596	
6920.99958951176	52096	83577	
6919.99959079353	52140	83558	
6918.99958709552	52080	83540	
6917.99958837729	52112	83521	
6916.99958965906	52096	83503	
6915.99959094083	52124	83484	
6914.99958724282	52080	83466	
6913.99958852459	52080	83447	
6912.99958980636	52096	83429	
6911.99959108813	52080	83410	
6910.99958739013	52076	83392	
6909.9995886719	52076	83373	
6908.99958995367	52092	83355	
6907.99959123544	52064	83336	
6906.99958753743	52108	83318	
6905.9995888192	52108	83299	
6904.99959010097	52108	83281	
6903.99959138274	52112	83263	
6902.99958768473	52112	83244	
6901.9995889665	52108	83226	
6900.99959024827	52080	83207	
6899.99959153004	52076	83189	
6898.99958783204	52124	83170	
6897.9995891138	52124	83152	
6896.99959039557	52096	83133	
6895.99958669757	52112	83115	
6894.99958797934	52112	83096	
6893.99958926111	52048	83078	
6892.99959054288	52108	83059	
6891.99958684487	52108	83041	
6890.99958812664	52108	83023	
6889.99958940841	52096	83004	
6888.99959069018	52092	82986	
6887.99958699217	52108	82967	
6886.99958827394	52092	82949	
6885.99958955571	52092	82930	
6884.99959083748	52108	82912	
6883.99958713948	52076	82894	
6882.99958842124	52076	82875	
6881.99958970301	52096	82857	
6880.99959098478	52096	82838	
6879.99958728678	52080	82820	
6878.99958856855	52156	82801	
6877.99958985032	52112	82783	
6876.99959113209	52076	82765	
6875.99958743408	52064	82746	
6874.99958871585	52112	82728	
6873.99958999762	52096	82709	
6872.99959127939	52092	82691	
6871.99958758138	52124	82673	
6870.99958886315	52128	82654	
6869.99959014492	52108	82636	
6868.99959142669	52096	82618	
6867.99958772869	52112	82599	
6866.99958901046	52092	82581	
6865.99959029222	52080	82562	
6864.99959157399	52096	82544	
6863.99958787599	52108	82526	
6862.99958915776	52108	82507	
6861.99959043953	52092	82489	
6860.99958674152	52096	82471	
6859.99958802329	52128	82452	
6858.99958930506	52108	82434	
6857.99959058683	52060	82416	
6856.99958688882	52080	82397	
6855.99958817059	52076	82379	
6854.99958945236	52076	82360	
6853.99959073413	52112	82342	
6852.99958703613	52108	82324	
6851.9995883179	52108	82305	
6850.99958959967	52096	82287	
6849.99959586121	52080	82269	
6848.9995921632	52080	82250	
6847.99959344497	52092	82232	
6846.99959472674	52096	82214	
6845.99959600851	52128	82195	
6844.99959231051	52092	82177	
6843.99959359228	52108	82159	
6842.99959487405	52076	82141	
6841.99959615582	52076	82122	
6840.99959245781	52112	82104	
6839.99959373958	52092	82086	
6838.99959502135	52096	82067	
6837.99959630312	52064	82049	
6836.99959260511	52124	82031	
6835.99959388688	52096	82012	
6834.99959516865	52076	81994	
6833.99959645042	52060	81976	
6832.99959275242	52112	81958	
6831.99959403418	52128	81939	
6830.99959531595	52108	81921	
6829.99959659772	52076	81903	
6828.99959289972	52108	81884	
6827.99959418149	52080	81866	
6826.99959546326	52108	81848	
6825.99959176525	52140	81830	
6824.99959304702	52108	81811	
6823.99959432879	52096	81793	
6822.99959561056	52112	81775	
6821.99959191255	52080	81757	
6820.99959319432	52092	81738	
6819.99959447609	52092	81720	
6818.99959575786	52112	81702	
6817.99959205986	52092	81684	
6816.99959334162	52108	81665	
6815.99959462339	52096	81647	
6814.99959590516	52096	81629	
6813.99959220716	52064	81611	
6812.99959348893	52124	81592	
6811.9995947707	52112	81574	
6810.99959605247	52092	81556	
6809.99959235446	52096	81538	
6808.99959363623	52080	81519	
6807.999594918	52108	81501	
6806.99959619977	52092	81483	
6805.99959250176	52060	81465	
6804.99959378353	52092	81447	
6803.9995950653	52096	81428	
6802.99959634707	52124	81410	
6801.99959264907	52096	81392	
6800.99959393084	52096	81374	
6799.9995952126	52108	81356	
6798.99959649437	52092	81337	
6797.99959279637	52124	81319	
6796.99959407814	52108	81301	
6795.99959535991	52092	81283	
6794.9995916619	52080	81265	
6793.99959294367	52144	81246	
6792.99959422544	52108	81228	
6791.99959550721	52096	81210	
6790.9995918092	52124	81192	
6789.99959309097	52108	81174	
6788.99959437274	52144	81155	
6787.99959565451	52140	81137	
6786.99959195651	52108	81119	
6785.99959323828	52080	81101	
6784.99959452005	52108	81083	
6783.99959580182	52140	81065	
6782.99959210381	52108	81047	
6781.99959338558	52092	81028	
6780.99959466735	52112	81010	
6779.99959594912	52108	80992	
6778.99959225111	52096	80974	
6777.99959353288	52112	80956	
6776.99959481465	52092	80938	
6775.99959609642	52092	80919	
6774.99959239841	52064	80901	
6773.99959368018	52096	80883	
6772.99959496195	52080	80865	
6771.99959624372	52092	80847	
6770.99959254572	52080	80829	
6769.99959382749	52156	80811	
6768.99959510926	52108	80793	
6767.99959639103	52096	80774	
6766.9995976728	52112	80756	
6765.99959895457	52124	80738	
6764.99960023633	52096	80720	
6763.9996015181	52096	80702	
6762.9995978201	52128	80684	
6761.99959910187	52076	80666	
6760.99960038364	52076	80648	
6759.99959668563	52096	80630	
6758.9995979674	52076	80611	
6757.99959924917	52092	80593	
6756.99960053094	52080	80575	
6755.99959683293	52112	80557	
6754.9995981147	52096	80539	
6753.99959939647	52092	80521	
6752.99960067824	52124	80503	
6751.99959698024	52140	80485	
6750.99959826201	52096	80467	
6749.99959954377	52112	80449	
6748.99960082554	52108	80431	
6747.99959712754	52124	80413	
6746.99959840931	52096	80394	
6745.99959969108	52096	80376	
6744.99960097285	52108	80358	
6743.99959727484	52108	80340	
6742.99959855661	52112	80322	
6741.99959983838	52064	80304	
6740.99960112015	52128	80286	
6739.99959742214	52080	80268	
6738.99959870391	52108	80250	
6737.99959998568	52112	80232	
6736.99960126745	52112	80214	
6735.99959756945	52124	80196	
6734.99959885122	52080	80178	
6733.99960013299	52092	80160	
6732.99960141475	52076	80142	
6731.99959771675	52060	80124	
6730.99959899852	52076	80106	
6729.99960028029	52092	80088	
6728.99960156206	52080	80070	
6727.99959786405	52096	80052	
6726.99959914582	52060	80034	
6725.99960042759	52092	80016	
6724.99959672958	52112	79998	
6723.99959801135	52076	79980	
6722.99959929312	52092	79962	
6721.99960057489	52060	79944	
6720.99959687689	52108	79926	
6719.99959815866	52096	79908	
6718.99959944043	52112	79890	
6717.9996007222	52108	79872	
6716.99959702419	52112	79854	
6715.99959830596	52080	79836	
6714.99959958773	52080	79818	
6713.9996008695	52112	79800	
6712.99959717149	52124	79782	
6711.99959845326	52080	79764	
6710.99959973503	52064	79746	
6709.9996010168	52108	79728	
6708.99959731879	52112	79710	
6707.99959860056	52096	79692	
6706.99959988233	52108	79674	
6705.9996011641	52112	79656	
6704.9995974661	52112	79638	
6703.99959874787	52108	79620	
6702.99960002964	52076	79602	
6701.99960131141	52080	79584	
6700.9995976134	52096	79566	
6699.99959889517	52124	79548	
6698.99960017694	52060	79530	
6697.99960145871	52140	79512	
6696.9995977607	52096	79494	
6695.99959904247	52076	79476	
6694.99960032424	52076	79458	
6693.99960160601	52076	79440	
6692.999597908	52092	79422	
6691.99959918977	52108	79404	
6690.99960047154	52092	79387	
6689.99959677354	52096	79369	
6688.99959805531	52080	79351	
6687.99959933708	52140	79333	
6686.99960061885	52092	79315	
6685.99959692084	52080	79297	
6684.99959820261	52096	79279	
6683.99959948438	52092	79261	
6682.99960574592	52112	79243	
6681.99960204792	52108	79225	
6680.99960332969	52096	79207	
6679.99960461146	52128	79189	
6678.99960589323	52096	79172	
6677.99960219522	52108	79154	
6676.99960347699	52096	79136	
6675.99960475876	52080	79118	
6674.99960604053	52108	79100	
6673.99960234252	52060	79082	
6672.99960362429	52092	79064	
6671.99960490606	52124	79046	
6670.99960618783	52092	79028	
6669.99960248983	52092	79011	
6668.9996037716	52108	78993	
6667.99960505337	52124	78975	
6666.99960633513	52112	78957	
6665.99960263713	52124	78939	
6664.9996039189	52108	78921	
6663.99960520067	52092	78903	
6662.99960648244	52064	78885	
6661.99960278443	52108	78868	
6660.9996040662	52028	78850	
6659.99960534797	52096	78832	
6658.99960164996	52080	78814	
6657.99960293173	52092	78796	
6656.9996042135	52108	78778	
6655.99960549527	52092	78760	
6654.99960179727	52060	78743	
6653.99960307904	52092	78725	
6652.99960436081	52096	78707	
6651.99960564258	52080	78689	
6650.99960194457	52076	78671	
6649.99960322634	52092	78653	
6648.99960450811	52080	78636	
6647.99960578988	52096	78618	
6646.99960209187	52080	78600	
6645.99960337364	52076	78582	
6644.99960465541	52076	78564	
6643.99960593718	52124	78546	
6642.99960223917	52096	78529	
6641.99960352094	52092	78511	
6640.99960480271	52080	78493	
6639.99960608448	52092	78475	
6638.99960238648	52060	78457	
6637.99960366825	52064	78439	
6636.99960495002	52080	78422	
6635.99960623179	52092	78404	
6634.99960253378	52080	78386	
6633.99960381555	52108	78368	
6632.99960509732	52112	78350	
6631.99960637909	52064	78333	
6630.99960268108	52096	78315	
6629.99960396285	52076	78297	
6628.99960524462	52048	78279	
6627.99960652639	52092	78262	
6626.99960282838	52112	78244	
6625.99960411015	52096	78226	
6624.99960539192	52140	78208	
6623.99960169392	52124	78190	
6622.99960297569	52108	78173	
6621.99960425746	52108	78155	
6620.99960553923	52112	78137	
6619.99960184122	52076	78119	
6618.99960312299	52112	78102	
6617.99960440476	52108	78084	
6616.99960568653	52080	78066	
6615.99960198852	52124	78048	
6614.99960327029	52108	78031	
6613.99960455206	52092	78013	
6612.99960583383	52112	77995	
6611.99960213583	52112	77977	
6610.99960341759	52108	77960	
6609.99960469936	52096	77942	
6608.99960598113	52096	77924	
6607.99960228313	52108	77906	
6606.9996035649	52096	77889	
6605.99960484667	52092	77871	
6604.99960612844	52112	77853	
6603.99960243043	52060	77835	
6602.9996037122	52080	77818	
6601.99960499397	52092	77800	
6600.99960627574	52064	77782	
6599.99960755751	52108	77764	
6598.99960883928	52060	77747	
6597.99961012105	52080	77729	
6596.99961140282	52092	77711	
6595.99960770481	52076	77694	
6594.99960898658	52096	77676	
6593.99961026835	52060	77658	
6592.99961155012	52108	77641	
6591.99960785211	52076	77623	
6590.99960913388	52096	77605	
6589.99961041565	52076	77587	
6588.99960671765	52064	77570	
6587.99960799942	52080	77552	
6586.99960928119	52124	77534	
6585.99961056296	52140	77517	
6584.99960686495	52108	77499	
6583.99960814672	52096	77481	
6582.99960942849	52076	77464	
6581.99961071026	52108	77446	
6580.99960701225	52092	77428	
6579.99960829402	52092	77411	
6578.99960957579	52108	77393	
6577.99961085756	52096	77375	
6576.99960715955	52108	77358	
6575.99960844132	52096	77340	
6574.99960972309	52064	77322	
6573.99961100486	52060	77305	
6572.99960730686	52092	77287	
6571.99960858863	52080	77269	
6570.9996098704	52112	77252	
6569.99961115217	52076	77234	
6568.99960745416	52112	77216	
6567.99960873593	52128	77199	
6566.9996100177	52124	77181	
6565.99961129947	52076	77163	
6564.99960760146	52092	77146	
6563.99960888323	52060	77128	
6562.999610165	52092	77110	
6561.99961144677	52108	77093	
6560.99960774876	52124	77075	
6559.99960903053	52108	77057	
6558.9996103123	52112	77040	
6557.9996066143	52076	77022	
6556.99960789607	52060	77005	
6555.99960917784	52080	76987	
6554.99961045961	52096	76969	
6553.9996067616	52108	76952	
6552.99960804337	52060	76934	
6551.99960932514	52096	76916	
6550.99961060691	52108	76899	
6549.9996069089	52108	76881	
6548.99960819067	52096	76864	
6547.99960947244	52092	76846	
6546.99961075421	52124	76828	
6545.99960705621	52140	76811	
6544.99960833797	52108	76793	
6543.99960961974	52096	76776	
6542.99961090151	52076	76758	
6541.99960720351	52096	76740	
6540.99960848528	52128	76723	
6539.99960976705	52140	76705	
6538.99961104882	52124	76688	
6537.99960735081	52092	76670	
6536.99960863258	52080	76653	
6535.99960991435	52128	76635	
6534.99961119612	52140	76617	
6533.99960749811	52128	76600	
6532.99960877988	52080	76582	
6531.99961006165	52128	76565	
6530.99961134342	52112	76547	
6529.99960764542	52140	76530	
6528.99960892719	52108	76512	
6527.99961020895	52112	76494	
6526.99961149072	52112	76477	
6525.99960779272	52096	76459	
6524.99960907449	52092	76442	
6523.99961035626	52160	76424	
6522.99960665825	52064	76407	
6521.99960794002	52124	76389	
6520.99960922179	52096	76372	
6519.99961050356	52124	76354	
6518.99960680555	52112	76336	
6517.99960808732	52096	76319	
6516.99960936909	52112	76301	
6515.99961563064	52140	76284	
6514.99961193263	52112	76266	
6513.9996132144	52108	76249	
6512.99961449617	52092	76231	
6511.99961577794	52108	76214	
6510.99961207993	52124	76196	
6509.9996133617	52112	76179	
6508.99961464347	52064	76161	
6507.99961592524	52140	76144	
6506.99961222724	52144	76126	
6505.99961350901	52112	76109	
6504.99961479078	52140	76091	
6503.99961607255	52096	76074	
6502.99961237454	52140	76056	
6501.99961365631	52128	76039	
6500.99961493808	52096	76021	
6499.99961621985	52092	76004	
6498.99961252184	52108	75986	
6497.99961380361	52064	75969	
6496.99961508538	52124	75951	
6495.99961636715	52080	75934	
6494.99961266914	52156	75916	
6493.99961395091	52124	75899	
6492.99961523268	52124	75881	
6491.99961651445	52124	75864	
6490.99961281645	52080	75846	
6489.99961409822	52128	75829	
6488.99961537999	52108	75811	
6487.99961168198	52092	75794	
6486.99961296375	52080	75776	
6485.99961424552	52108	75759	
6484.99961552729	52096	75741	
6483.99961182928	52092	75724	
6482.99961311105	52076	75706	
6481.99961439282	52112	75689	
6480.99961567459	52096	75671	
6479.99961197659	52140	75654	
6478.99961325835	52096	75636	
6477.99961454012	52092	75619	
6476.99961582189	52080	75602	
6475.99961212389	52140	75584	
6474.99961340566	52140	75567	
6473.99961468743	52140	75549	
6472.9996159692	52108	75532	
6471.99961227119	52096	75514	
6470.99961355296	52112	75497	
6469.99961483473	52124	75479	
6468.9996161165	52144	75462	
6467.99961241849	52128	75445	
6466.99961370026	52108	75427	
6465.99961498203	52112	75410	
6464.9996162638	52124	75392	
6463.9996125658	52128	75375	
6462.99961384757	52064	75357	
6461.99961512933	52108	75340	
6460.9996164111	52092	75323	
6459.9996127131	52108	75305	
6458.99961399487	52124	75288	
6457.99961527664	52112	75270	
6456.99961157863	52096	75253	
6455.9996128604	52080	75236	
6454.99961414217	52096	75218	
6453.99961542394	52108	75201	
6452.99961172593	52124	75183	
6451.9996130077	52112	75166	
6450.99961428947	52112	75149	
6449.99961557124	52124	75131	
6448.99961187324	52124	75114	
6447.99961315501	52096	75096	
6446.99961443678	52096	75079	
6445.99961571855	52112	75062	
6444.99961202054	52128	75044	
6443.99961330231	52144	75027	
6442.99961458408	52108	75009	
6441.99961586585	52108	74992	
6440.99961216784	52128	74975	
6439.99961344961	52112	74957	
6438.99961473138	52140	74940	
6437.99961601315	52128	74923	
6436.99961231514	52080	74905	
6435.99961359691	52092	74888	
6434.99961487868	52096	74870	
6433.99961616045	52108	74853	
6432.99961744222	52096	74836	
6431.99961872399	52096	74818	
6430.99962000576	52112	74801	
6429.99962128753	52096	74784	
6428.99961758952	52096	74766	
6427.99961887129	52076	74749	
6426.99962015306	52076	74732	
6425.99962143483	52112	74714	
6424.99961773683	52092	74697	
6423.9996190186	52124	74680	
6422.99962030037	52124	74662	
6421.99961660236	52112	74645	
6420.99961788413	52096	74627	
6419.9996191659	52140	74610	
6418.99962044767	52124	74593	
6417.99961674966	52108	74575	
6416.99961803143	52128	74558	
6415.9996193132	52112	74541	
6414.99962059497	52096	74523	
6413.99961689697	52092	74506	
6412.99961817873	52092	74489	
6411.9996194605	52112	74472	
6410.99962074227	52108	74454	
6409.99961704427	52140	74437	
6408.99961832604	52108	74420	
6407.99961960781	52108	74402	
6406.99962088958	52092	74385	
6405.99961719157	52124	74368	
6404.99961847334	52064	74350	
6403.99961975511	52096	74333	
6402.99962103688	52076	74316	
6401.99961733887	52080	74298	
6400.99961862064	52112	74281	
6399.99961990241	52060	74264	
6398.99962118418	52156	74247	
6397.99961748618	52144	74229	
6396.99961876795	52108	74212	
6395.99962004971	52096	74195	
6394.99962133148	52096	74177	
6393.99961763348	52096	74160	
6392.99961891525	52124	74143	
6391.99962019702	52092	74126	
6390.99962147879	52108	74108	
6389.99961778078	52112	74091	
6388.99961906255	52160	74074	
6387.99962034432	52160	74056	
6386.99961664631	52092	74039	
6385.99961792808	52108	74022	
6384.99961920985	52076	74005	
6383.99962049162	52144	73987	
6382.99961679362	52092	73970	
6381.99961807539	52124	73953	
6380.99961935716	52076	73936	
6379.99962063893	52076	73918	
6378.99961694092	52140	73901	
6377.99961822269	52128	73884	
6376.99961950446	52140	73867	
6375.99962078623	52092	73849	
6374.99961708822	52108	73832	
6373.99961836999	52096	73815	
6372.99961965176	52108	73798	
6371.99962093353	52124	73780	
6370.99961723552	52092	73763	
6369.99961851729	52140	73746	
6368.99961979906	52156	73729	
6367.99962108083	52096	73711	
6366.99961738283	52096	73694	
6365.9996186646	52140	73677	
6364.99961994637	52140	73660	
6363.99962122813	52128	73643	
6362.99961753013	52140	73625	
6361.9996188119	52096	73608	
6360.99962009367	52112	73591	
6359.99962137544	52128	73574	
6358.99961767743	52096	73556	
6357.9996189592	52112	73539	
6356.99962024097	52080	73522	
6355.99962152274	52076	73505	
6354.99961782473	52112	73488	
6353.9996191065	52076	73470	
6352.99962038827	52096	73453	
6351.99961669027	52112	73436	
6350.99961797204	52156	73419	
6349.99961925381	52144	73402	
6348.99962551535	52108	73384	
6347.99962181735	52096	73367	
6346.99962309911	52096	73350	
6345.99962438088	52108	73333	
6344.99962566265	52124	73316	
6343.99962196465	52140	73298	
6342.99962324642	52112	73281	
6341.99962452819	52108	73264	
6340.99962580996	52124	73247	
6339.99962211195	52112	73230	
6338.99962339372	52128	73213	
6337.99962467549	52096	73195	
6336.99962595726	52124	73178	
6335.99962225925	52124	73161	
6334.99962354102	52124	73144	
6333.99962482279	52140	73127	
6332.99962610456	52108	73110	
6331.99962240656	52124	73092	
6330.99962368833	52108	73075	
6329.9996249701	52112	73058	
6328.99962625186	52096	73041	
6327.99962255386	52124	73024	
6326.99962383563	52096	73007	
6325.9996251174	52096	72989	
6324.99962639917	52112	72972	
6323.99962270116	52080	72955	
6322.99962398293	52124	72938	
6321.9996252647	52108	72921	
6320.99962156669	52128	72904	
6319.99962284846	52096	72887	
6318.99962413023	52124	72869	
6317.999625412	52128	72852	
6316.999621714	52112	72835	
6315.99962299577	52128	72818	
6314.99962427754	52156	72801	
6313.99962555931	52124	72784	
6312.9996218613	52140	72767	
6311.99962314307	52124	72750	
6310.99962442484	52124	72732	
6309.99962570661	52128	72715	
6308.9996220086	52112	72698	
6307.99962329037	52140	72681	
6306.99962457214	52108	72664	
6305.99962585391	52124	72647	
6304.9996221559	52160	72630	
6303.99962343767	52176	72613	
6302.99962471944	52128	72596	
6301.99962600121	52160	72578	
6300.99962230321	52124	72561	
6299.99962358498	52108	72544	
6298.99962486675	52140	72527	
6297.99962614852	52112	72510	
6296.99962245051	52080	72493	
6295.99962373228	52092	72476	
6294.99962501405	52156	72459	
6293.99962629582	52128	72442	
6292.99962259781	52112	72425	
6291.99962387958	52112	72408	
6290.99962516135	52092	72390	
6289.99962644312	52124	72373	
6288.99962274511	52096	72356	
6287.99962402688	52092	72339	
6286.99962530865	52080	72322	
6285.99962161065	52108	72305	
6284.99962289242	52112	72288	
6283.99962417419	52112	72271	
6282.99962545596	52080	72254	
6281.99962175795	52124	72237	
6280.99962303972	52096	72220	
6279.99962432149	52128	72203	
6278.99962560326	52108	72186	
6277.99962190525	52092	72169	
6276.99962318702	52096	72151	
6275.99962446879	52092	72134	
6274.99962575056	52096	72117	
6273.99962205255	52092	72100	
6272.99962333432	52096	72083	
6271.99962461609	52124	72066	
6270.99962589786	52112	72049	
6269.99962219986	52112	72032	
6268.99962348163	52108	72015	
6267.9996247634	52076	71998	
6266.99962604517	52108	71981	
6265.99962732694	52128	71964	
6264.99962860871	52096	71947	
6263.99962989048	52096	71930	
6262.99963117224	52108	71913	
6261.99962747424	52144	71896	
6260.99962875601	52096	71879	
6259.99963003778	52108	71862	
6258.99963131955	52160	71845	
6257.99962762154	52128	71828	
6256.99962890331	52156	71811	
6255.99963018508	52124	71794	
6254.99963146685	52140	71777	
6253.99962776884	52156	71760	
6252.99962905061	52076	71743	
6251.99963033238	52124	71726	
6250.99962663438	52096	71709	
6249.99962791615	52108	71692	
6248.99962919792	52108	71675	
6247.99963047969	52124	71658	
6246.99962678168	52156	71641	
6245.99962806345	52144	71624	
6244.99962934522	52128	71607	
6243.99963062699	52128	71590	
6242.99962692898	52108	71573	
6241.99962821075	52128	71556	
6240.99962949252	52096	71539	
6239.99963077429	52108	71522	
6238.99962707628	52092	71505	
6237.99962835805	52112	71488	
6236.99962963982	52140	71471	
6235.99963092159	52124	71454	
6234.99962722359	52156	71437	
6233.99962850536	52108	71420	
6232.99962978713	52128	71403	
6231.9996310689	52124	71386	
6230.99962737089	52108	71369	
6229.99962865266	52128	71352	
6228.99962993443	52128	71335	
6227.9996312162	52108	71318	
6226.99962751819	52124	71301	
6225.99962879996	52096	71284	
6224.99963008173	52112	71267	
6223.9996313635	52108	71250	
6222.99962766549	52124	71233	
6221.99962894726	52112	71216	
6220.99963022903	52092	71199	
6219.99962653103	52112	71182	
6218.9996278128	52112	71165	
6217.99962909457	52108	71148	
6216.99963037634	52144	71131	
6215.99962667833	52128	71115	
6214.9996279601	52112	71098	
6213.99962924187	52092	71081	
6212.99963052364	52124	71064	
6211.99962682563	52108	71047	
6210.9996281074	52108	71030	
6209.99962938917	52128	71013	
6208.99963067094	52140	70996	
6207.99962697294	52108	70979	
6206.9996282547	52112	70962	
6205.99962953647	52108	70945	
6204.99963081824	52108	70928	
6203.99962712024	52076	70911	
6202.99962840201	52112	70894	
6201.99962968378	52124	70877	
6200.99963096555	52080	70861	
6199.99962726754	52124	70844	
6198.99962854931	52124	70827	
6197.99962983108	52108	70810	
6196.99963111285	52140	70793	
6195.99962741484	52128	70776	
6194.99962869661	52112	70759	
6193.99962997838	52124	70742	
6192.99963126015	52096	70725	
6191.99962756215	52108	70708	
6190.99962884392	52140	70692	
6189.99963012568	52128	70675	
6188.99963140745	52144	70658	
6187.99962770945	52124	70641	
6186.99962899122	52080	70624	
6185.99963027299	52108	70607	
6184.99962657498	52112	70590	
6183.99962785675	52144	70573	
6182.99962913852	52144	70556	
6181.99963540007	52144	70539	
6180.99963170206	52144	70523	
6179.99963298383	52112	70506	
6178.9996342656	52140	70489	
6177.99963554737	52108	70472	
6176.99963184936	52124	70455	
6175.99963313113	52096	70438	
6174.9996344129	52108	70421	
6173.99963569467	52108	70404	
6172.99963199666	52140	70388	
6171.99963327843	52160	70371	
6170.9996345602	52172	70354	
6169.99963584197	52128	70337	
6168.99963214397	52128	70320	
6167.99963342574	52156	70303	
6166.99963470751	52128	70286	
6165.99963598928	52128	70270	
6164.99963229127	52128	70253	
6163.99963357304	52172	70236	
6162.99963485481	52128	70219	
6161.99963613658	52156	70202	
6160.99963243857	52160	70185	
6159.99963372034	52128	70169	
6158.99963500211	52144	70152	
6157.99963628388	52092	70135	
6156.99963258587	52112	70118	
6155.99963386764	52096	70101	
6154.99963514941	52124	70084	
6153.99963643118	52112	70067	
6152.99963273318	52144	70051	
6151.99963401495	52144	70034	
6150.99963529672	52140	70017	
6149.99963159871	52112	70000	
6148.99963288048	52112	69983	
6147.99963416225	52124	69967	
6146.99963544402	52140	69950	
6145.99963174601	52092	69933	
6144.99963302778	52140	69916	
6143.99963430955	52156	69899	
6142.99963559132	52160	69882	
6141.99963189332	52156	69866	
6140.99963317508	52096	69849	
6139.99963445685	52128	69832	
6138.99963573862	52140	69815	
6137.99963204062	52112	69798	
6136.99963332239	52140	69782	
6135.99963460416	52124	69765	
6134.99963588593	52140	69748	
6133.99963218792	52128	69731	
6132.99963346969	52140	69714	
6131.99963475146	52112	69698	
6130.99963603323	52144	69681	
6129.99963233522	52144	69664	
6128.99963361699	52140	69647	
6127.99963489876	52124	69630	
6126.99963618053	52112	69614	
6125.99963248253	52156	69597	
6124.9996337643	52112	69580	
6123.99963504606	52124	69563	
6122.99963632783	52140	69547	
6121.99963262983	52140	69530	
6120.9996339116	52140	69513	
6119.99963519337	52112	69496	
6118.99963647514	52140	69479	
6117.99963277713	52112	69463	
6116.9996340589	52124	69446	
6115.99963534067	52140	69429	
6114.99963164266	52124	69412	
6113.99963292443	52128	69396	
6112.9996342062	52108	69379	
6111.99963548797	52112	69362	
6110.99963178997	52096	69345	
6109.99963307174	52144	69329	
6108.9996343535	52112	69312	
6107.99963563527	52112	69295	
6106.99963193727	52124	69278	
6105.99963321904	52140	69262	
6104.99963450081	52112	69245	
6103.99963578258	52144	69228	
6102.99963208457	52128	69211	
6101.99963336634	52112	69195	
6100.99963464811	52140	69178	
6099.99963592988	52124	69161	
6098.99963223187	52140	69144	
6097.99963849342	52108	69128	
6096.99963977519	52108	69111	
6095.99964105696	52140	69094	
6094.99963735895	52156	69077	
6093.99963864072	52140	69061	
6092.99963992249	52112	69044	
6091.99964120426	52144	69027	
6090.99963750625	52124	69010	
6089.99963878802	52108	68994	
6088.99964006979	52124	68977	
6087.99964135156	52112	68960	
6086.99963765356	52112	68944	
6085.99963893533	52140	68927	
6084.9996402171	52108	68910	
6083.99963651909	52112	68893	
6082.99963780086	52112	68877	
6081.99963908263	52112	68860	
6080.9996403644	52112	68843	
6079.99963666639	52128	68827	
6078.99963794816	52140	68810	
6077.99963922993	52128	68793	
6076.9996405117	52144	68777	
6075.9996368137	52112	68760	
6074.99963809546	52144	68743	
6073.99963937723	52128	68726	
6072.999640659	52144	68710	
6071.999636961	52064	68693	
6070.99963824277	52096	68676	
6069.99963952454	52128	68660	
6068.99964080631	52124	68643	
6067.9996371083	52156	68626	
6066.99963839007	52140	68610	
6065.99963967184	52128	68593	
6064.99964095361	52176	68576	
6063.9996372556	52128	68560	
6062.99963853737	52108	68543	
6061.99963981914	52096	68526	
6060.99964110091	52108	68510	
6059.99963740291	52124	68493	
6058.99963868468	52156	68476	
6057.99963996644	52156	68460	
6056.99964124821	52144	68443	
6055.99963755021	52112	68426	
6054.99963883198	52124	68410	
6053.99964011375	52108	68393	
6052.99964139552	52108	68376	
6051.99963769751	52128	68360	
6050.99963897928	52124	68343	
6049.99964026105	52112	68326	
