Graphite%SampleName
Probe8%ProbeName
20000%MaxDepth
1%step_size_nm
40%StiffnessPRC_nN_per_nm
76.9866%PRC_ADCValue_per_nm
2000%TriggerForce_nN
5000%LoopDelay_uS
2048%NumberOfSamplingPoints
%
%
%
%
%
%
%
%
%
%
%
8500.0000005%XL
6500.0000005%YL

3056.99981646222	52096	40283	
3057.99982016022	52108	40295	
3058.99981887845	52128	40307	
3059.99981759668	52140	40318	
3060.99981631491	52124	40330	
3061.99982001292	52128	40342	
3062.99981873115	52128	40354	
3063.99981744938	52112	40366	
3064.99981616761	52140	40378	
3065.99981986562	52128	40390	
3066.99981858385	52156	40401	
3067.99981730208	52096	40413	
3068.99981602031	52096	40425	
3069.99981971831	52092	40437	
3070.99981843655	52140	40449	
3071.99981715478	52128	40461	
3072.99981587301	52124	40472	
3073.99981957101	52160	40484	
3074.99981828924	52124	40496	
3075.99981700747	52128	40508	
3076.99982070548	52124	40520	
3077.99981942371	52112	40532	
3078.99981814194	52124	40543	
3079.99981686017	52112	40555	
3080.99982055818	52140	40567	
3081.99981927641	52128	40579	
3082.99981799464	52124	40591	
3083.99981671287	52080	40603	
3084.99982041087	52140	40615	
3085.9998191291	52108	40626	
3086.99981784734	52124	40638	
3087.99981656557	52144	40650	
3088.99982026357	52144	40662	
3089.9998189818	52160	40674	
3090.99981770003	52144	40686	
3091.99981143849	52124	40697	
3092.99981513649	52160	40709	
3093.99981385472	52140	40721	
3094.99981257295	52144	40733	
3095.99981129118	52108	40745	
3096.99981498919	52124	40757	
3097.99981370742	52108	40768	
3098.99981242565	52140	40780	
3099.99981114388	52160	40792	
3100.99981484189	52096	40804	
3101.99981356012	52160	40816	
3102.99981227835	52092	40828	
3103.99981099658	52096	40839	
3104.99981469459	52096	40851	
3105.99981341282	52080	40863	
3106.99981213105	52124	40875	
3107.99981084928	52144	40887	
3108.99981454728	52128	40899	
3109.99981326551	52140	40910	
3110.99981198374	52096	40922	
3111.99981568175	52128	40934	
3112.99981439998	52112	40946	
3113.99981311821	52096	40958	
3114.99981183644	52124	40969	
3128.99981381077	52108	41135	
3129.999812529	52156	41147	
3130.99981124723	52128	41159	
3131.99981494524	52096	41170	
3132.99981366347	52096	41182	
3133.9998123817	52140	41194	
3134.99981109993	52144	41206	
3135.99981479794	52156	41218	
3136.99981351617	52144	41230	
3137.9998122344	52160	41241	
3138.99981095263	52128	41253	
3139.99981465063	52096	41265	
3140.99981336886	52108	41277	
3141.99981208709	52156	41289	
3142.99981080532	52112	41301	
3143.99981450333	52128	41312	
3144.99981322156	52108	41324	
3145.99981193979	52172	41336	
3146.9998156378	52140	41348	
3147.99981435603	52140	41360	
3148.99981307426	52112	41371	
3149.99981179249	52160	41383	
3150.99981549049	52124	41395	
3151.99981420872	52160	41407	
3152.99981292696	52108	41419	
3153.99981164519	52112	41430	
3154.99981534319	52128	41442	
3155.99981406142	52112	41454	
3156.99981277965	52140	41466	
3157.99981149788	52156	41478	
3158.99981519589	52156	41490	
3159.99981391412	52092	41501	
3160.99981263235	52156	41513	
3161.99981135058	52140	41525	
3162.99981504859	52128	41537	
3163.99981376682	52108	41549	
3164.99981248505	52092	41560	
3165.99981120328	52140	41572	
3168.99981233775	52092	41608	
3170.99981475398	52124	41631	
3172.99981219044	52076	41655	
3174.9998096269	52108	41679	
3176.99980706336	52144	41702	
3178.9998094796	52156	41726	
3180.99980691606	52156	41749	
3182.9998093323	52128	41773	
3184.99980676876	52140	41797	
3186.999809185	52140	41820	
3188.99980662146	52144	41844	
3190.99980903769	52144	41867	
3192.99980647415	52156	41891	
3194.99980889039	52112	41915	
3196.99980632685	52140	41938	
3198.99980874309	52124	41962	
3200.99980617955	52140	41985	
3203.99980731402	52108	42021	
3205.99980973025	52124	42044	
3207.99980716671	52124	42068	
3209.99980958295	52124	42092	
3211.99980701941	52124	42115	
3213.99980943565	52144	42139	
3215.99980687211	52156	42162	
3217.99980928834	52160	42186	
3219.99980672481	52108	42210	
3221.99980914104	52108	42233	
3223.9998065775	52124	42257	
3224.99981027551	52140	42269	
3225.99980899374	52124	42280	
3226.99980771197	52096	42292	
3227.9998064302	52092	42304	
3228.99981012821	52140	42316	
3229.99980884644	52140	42327	
3230.99980756467	52128	42339	
3231.9998062829	52124	42351	
3232.9998099809	52128	42363	
3233.99980869913	52096	42375	
3234.99980741737	52124	42386	
3235.9998061356	52096	42398	
3236.9998098336	52128	42410	
3237.99980855183	52124	42422	
3238.99980727006	52124	42434	
3239.99980598829	52076	42445	
3240.9998096863	52128	42457	
3241.99980840453	52124	42469	
3242.99980712276	52124	42481	
3243.99980584099	52112	42493	
3244.999809539	52124	42504	
3245.99980825723	52112	42516	
3246.99980697546	52140	42528	
3256.99980909709	52112	42646	
3257.99980781532	52112	42658	
3258.99980155377	52124	42669	
3259.99980525178	52080	42681	
3260.99980397001	52112	42693	
3261.99980268824	52112	42705	
3262.99980140647	52112	42716	
3263.99980510448	52080	42728	
3264.99980382271	52124	42740	
3265.99980254094	52076	42752	
3266.99980125917	52112	42764	
3267.99980495718	52172	42775	
3268.99980367541	52124	42787	
3269.99980239364	52092	42799	
3270.99980111187	52156	42811	
3271.99980480987	52112	42822	
3272.9998035281	52112	42834	
3273.99980224633	52124	42846	
3274.99980096456	52108	42858	
3275.99980466257	52128	42870	
3276.9998033808	52140	42881	
3277.99980209903	52112	42893	
3278.99980081726	52112	42905	
3279.99980451527	52140	42917	
3280.9998032335	52112	42928	
3281.99980195173	52128	42940	
3282.99980564973	52092	42952	
3283.99980436796	52124	42964	
3284.99980308619	52144	42976	
3285.99980180443	52124	42987	
3286.99980550243	52108	42999	
3287.99980422066	52144	43011	
3288.99980293889	52096	43023	
3289.99980165712	52160	43034	
3290.99980535513	52092	43046	
3291.99980407336	52112	43058	
3292.99980279159	52108	43070	
3293.99980150982	52140	43081	
3294.99980520783	52112	43093	
3295.99980392606	52160	43105	
3296.99980264429	52124	43117	
3297.99980136252	52108	43129	
3298.99980506052	52064	43140	
3299.99980377875	52140	43152	
3300.99980249698	52140	43164	
3301.99980121522	52096	43176	
3302.99980491322	52096	43187	
3303.99980363145	52140	43199	
3304.99980234968	52144	43211	
3305.99980106791	52096	43223	
3306.99980476592	52096	43234	
3307.99980348415	52076	43246	
3308.99980220238	52092	43258	
3309.99980092061	52092	43270	
3310.99980461862	52108	43282	
3311.99980333685	52096	43293	
3312.99980205508	52096	43305	
3313.99980575308	52112	43317	
3314.99980447131	52108	43329	
3315.99980318954	52108	43340	
3316.99980190777	52080	43352	
3317.99980560578	52096	43364	
3318.99980432401	52108	43376	
3319.99980304224	52064	43387	
3320.99980176047	52112	43399	
3321.99980545848	52124	43411	
3322.99980417671	52108	43423	
3323.99980289494	52124	43434	
3324.99980161317	52108	43446	
3325.99980531118	52140	43458	
3326.99980402941	52112	43470	
3327.99980274764	52108	43482	
3328.99980146587	52096	43493	
3329.99980516387	52108	43505	
3330.9998038821	52096	43517	
3331.99980260033	52108	43529	
3332.99980131856	52112	43540	
3333.99980501657	52144	43552	
3334.9998037348	52092	43564	
3335.99980245303	52124	43576	
3336.99980117126	52108	43587	
3337.99980486927	52076	43599	
3338.9998035875	52128	43611	
3339.99980230573	52112	43623	
3340.99980102396	52128	43634	
3341.99979974219	52112	43646	
3342.99979846042	52108	43658	
3343.99979717865	52108	43670	
3344.99979589688	52096	43681	
3345.99979959489	52108	43693	
3346.99979831312	52112	43705	
3347.99979703135	52124	43717	
3348.99980072935	52060	43728	
3349.99979944758	52080	43740	
3350.99979816581	52140	43752	
3351.99979688405	52112	43764	
3352.99980058205	52096	43775	
3353.99979930028	52092	43787	
3354.99979801851	52128	43799	
3355.99979673674	52092	43811	
3356.99980043475	52140	43822	
3357.99979915298	52140	43834	
3358.99979787121	52096	43846	
3359.99979658944	52092	43858	
3360.99980028745	52140	43869	
3361.99979900568	52080	43881	
3362.99979772391	52108	43893	
3363.99979644214	52144	43905	
3364.99980014014	52080	43916	
3365.99979885837	52140	43928	
3366.9997975766	52128	43940	
3367.99979629484	52092	43952	
3368.99979999284	52096	43963	
3369.99979871107	52124	43975	
3370.9997974293	52076	43987	
3371.99979614753	52108	43999	
3372.99979984554	52124	44010	
3373.99979856377	52080	44022	
3374.999797282	52092	44034	
3375.99979600023	52112	44046	
3376.99979969824	52124	44057	
3377.99979841647	52124	44069	
3378.9997971347	52128	44081	
3379.99979585293	52108	44093	
3380.99979955093	52112	44104	
3381.99979826916	52096	44116	
3382.99979698739	52128	44128	
3383.9998006854	52080	44140	
3384.99979940363	52096	44151	
3385.99979812186	52124	44163	
3386.99979684009	52108	44175	
3387.9998005381	52140	44187	
3388.99979925633	52112	44198	
3389.99979797456	52112	44210	
3390.99979669279	52144	44222	
3391.9998003908	52128	44234	
3392.99979910903	52140	44245	
3393.99979782726	52108	44257	
3394.99979654549	52108	44269	
3395.99980024349	52092	44281	
3396.99979896172	52096	44292	
3397.99979767995	52092	44304	
3398.99979639818	52112	44316	
3399.99980009619	52140	44328	
3400.99979881442	52128	44339	
3401.99979753265	52108	44351	
3402.99979625088	52096	44363	
3403.99979994889	52096	44375	
3404.99979866712	52092	44386	
3405.99979738535	52096	44398	
3406.99979610358	52112	44410	
3407.99979980159	52124	44421	
3408.99979851982	52080	44433	
3409.99979723805	52092	44445	
3410.99979595628	52076	44457	
3411.99979965428	52112	44468	
3412.99979837251	52128	44480	
3413.99979709074	52124	44492	
3414.99980078875	52096	44504	
3415.99979950698	52092	44515	
3416.99979822521	52092	44527	
3417.99979694344	52096	44539	
3418.99980064145	52124	44551	
3419.99979935968	52080	44562	
3420.99979807791	52112	44574	
3421.99979679614	52096	44586	
3422.99980049414	52124	44598	
3423.99979921237	52128	44609	
3424.99979793061	52080	44621	
3425.99979166906	52140	44633	
3426.99979536707	52156	44644	
3427.9997940853	52112	44656	
3428.99979280353	52128	44668	
3429.99979152176	52092	44680	
3430.99979521976	52096	44691	
3431.99979393799	52128	44703	
3432.99979265622	52128	44715	
3433.99979137446	52112	44727	
3434.99979507246	52096	44738	
3435.99979379069	52112	44750	
3436.99979250892	52124	44762	
3437.99979122715	52112	44774	
3438.99979492516	52112	44785	
3439.99979364339	52124	44797	
3440.99979236162	52112	44809	
3441.99979107985	52128	44820	
3442.99979477786	52112	44832	
3443.99979349609	52124	44844	
3444.99979221432	52112	44856	
3445.99979093255	52128	44867	
3446.99979463055	52112	44879	
3447.99979334878	52124	44891	
3448.99979206701	52112	44903	
3449.99979576502	52076	44914	
3450.99979448325	52096	44926	
3451.99979320148	52112	44938	
3452.99979191971	52080	44949	
3453.99979561772	52108	44961	
3454.99979433595	52092	44973	
3455.99979305418	52108	44985	
3456.99979177241	52112	44996	
3457.99979547042	52124	45008	
3458.99979418865	52108	45020	
3459.99979290688	52092	45032	
3460.99979162511	52108	45043	
3461.99979532311	52108	45055	
3462.99979404134	52092	45067	
3463.99979275957	52064	45078	
3464.9997914778	52080	45090	
3465.99979517581	52092	45102	
3466.99979389404	52140	45114	
3467.99979261227	52128	45125	
3468.9997913305	52112	45137	
3469.99979502851	52124	45149	
3470.99979374674	52112	45160	
3471.99979246497	52092	45172	
3472.9997911832	52112	45184	
3473.99979488121	52092	45196	
3474.99979359944	52092	45207	
3475.99979231767	52124	45219	
3476.9997910359	52096	45231	
3477.9997947339	52092	45243	
3478.99979345213	52092	45254	
3479.99979217036	52076	45266	
3480.99979088859	52112	45278	
3481.9997945866	52092	45289	
3482.99979330483	52112	45301	
3483.99979202306	52108	45313	
3484.99979572107	52108	45325	
3485.9997944393	52112	45336	
3486.99979315753	52092	45348	
3487.99979187576	52108	45360	
3488.99979557376	52112	45371	
3489.99979429199	52112	45383	
3490.99979301023	52096	45395	
3491.99979172846	52096	45407	
3492.99979542646	52092	45418	
3493.99979414469	52140	45430	
3494.99979286292	52080	45442	
3495.99979158115	52108	45453	
3496.99979527916	52124	45465	
3497.99979399739	52092	45477	
3498.99979271562	52128	45489	
3499.99979143385	52112	45500	
3500.99979513186	52112	45512	
3501.99979385009	52112	45524	
3509.99978857571	52064	45617	
3511.99978601217	52080	45641	
3513.9997884284	52092	45664	
3515.99979084464	52112	45688	
3517.9997882811	52076	45711	
3519.99979069734	52124	45735	
3521.9997881338	52092	45758	
3523.99979055004	52096	45781	
3525.9997879865	52096	45805	
3526.99978670473	52108	45816	
3527.99979040273	52128	45828	
3528.99978912096	52096	45840	
3529.99978783919	52112	45852	
3530.99978655742	52064	45863	
3531.99979025543	52096	45875	
3532.99978897366	52108	45887	
3533.99978769189	52124	45898	
3534.99978641012	52096	45910	
3535.99979010813	52076	45922	
3536.99978882636	52112	45934	
3537.99978754459	52096	45945	
3538.99978626282	52140	45957	
3539.99978996083	52096	45969	
3540.99978867906	52060	45980	
3541.99978739729	52092	45992	
3542.99978611552	52096	46004	
3543.99978981352	52080	46015	
3544.99978853175	52092	46027	
3545.99978724998	52108	46039	
3546.99978596821	52124	46051	
3547.99978966622	52092	46062	
3548.99978838445	52076	46074	
3549.99978710268	52108	46086	
3550.99979080069	52080	46097	
3551.99978951892	52092	46109	
3552.99978823715	52076	46121	
3553.99978695538	52076	46132	
3554.99979065338	52096	46144	
3555.99978937162	52076	46156	
3556.99978808985	52092	46168	
3557.99978680808	52064	46179	
3558.99979050608	52108	46191	
3559.99978922431	52124	46203	
3560.99978794254	52060	46214	
3561.99978666077	52112	46226	
3562.99979035878	52096	46238	
3563.99978907701	52108	46249	
3564.99978779524	52048	46261	
3565.99978651347	52144	46273	
3566.99979021148	52080	46285	
3567.99978892971	52112	46296	
3568.99978764794	52096	46308	
3569.99978636617	52076	46320	
3570.99979006417	52076	46331	
3571.9997887824	52112	46343	
3572.99978750064	52108	46355	
3573.99978621887	52092	46366	
3574.99978991687	52076	46378	
3575.9997886351	52128	46390	
3576.99978735333	52080	46401	
3577.99978607156	52092	46413	
3578.99978976957	52092	46425	
3579.9997884878	52080	46437	
3580.99978720603	52108	46448	
3581.99978592426	52092	46460	
3582.99978962227	52096	46472	
3583.9997883405	52076	46483	
3584.99978705873	52124	46495	
3585.99979075673	52092	46507	
3586.99978947496	52112	46518	
3587.99978819319	52080	46530	
3588.99978691143	52096	46542	
3589.99979060943	52108	46553	
3590.99978932766	52092	46565	
3591.99978804589	52080	46577	
3592.99978178435	52064	46589	
3593.99978548235	52096	46600	
3594.99978420058	52092	46612	
3595.99978291881	52080	46624	
3596.99978163704	52064	46635	
3597.99978533505	52080	46647	
3598.99978405328	52076	46659	
3599.99978277151	52076	46670	
3600.99978148974	52080	46682	
3601.99978518775	52124	46694	
3602.99978390598	52096	46705	
3603.99978262421	52140	46717	
3604.99978134244	52108	46729	
3605.99978504045	52124	46741	
3606.99978375868	52092	46752	
3607.99978247691	52108	46764	
3608.99978119514	52108	46776	
3609.99978489314	52124	46787	
3610.99978361137	52092	46799	
3611.9997823296	52080	46811	
3612.99978104783	52048	46822	
3613.99978474584	52076	46834	
3614.99978346407	52112	46846	
3615.9997821823	52096	46857	
3616.99978090053	52096	46869	
3617.99978459854	52060	46881	
3618.99978331677	52092	46892	
3619.999782035	52080	46904	
3620.999785733	52060	46916	
3621.99978445124	52112	46927	
3622.99978316947	52092	46939	
3623.9997818877	52124	46951	
3624.9997855857	52092	46963	
3625.99978430393	52092	46974	
3626.99978302216	52096	46986	
3627.99978174039	52108	46998	
3628.9997854384	52112	47009	
3629.99978415663	52112	47021	
3630.99978287486	52124	47033	
3631.99978159309	52092	47044	
3632.9997852911	52140	47056	
3633.99978400933	52096	47068	
3634.99978272756	52108	47079	
3635.99978144579	52108	47091	
3636.99978514379	52108	47103	
3637.99978386202	52128	47114	
3638.99978258026	52092	47126	
3639.99978129849	52124	47138	
3640.99978499649	52096	47149	
3641.99978371472	52128	47161	
3642.99978243295	52112	47173	
3643.99978115118	52092	47184	
3644.99978484919	52096	47196	
3645.99978356742	52096	47208	
3646.99978228565	52108	47219	
3647.99978100388	52092	47231	
3648.99978470189	52096	47243	
3649.99978342012	52092	47254	
3650.99978213835	52108	47266	
3651.99978583635	52108	47278	
3652.99978455458	52076	47290	
3653.99978327281	52092	47301	
3654.99978199105	52096	47313	
3655.99978568905	52108	47325	
3656.99978440728	52096	47336	
3657.99978312551	52092	47348	
3658.99978184374	52076	47360	
3659.99978554175	52092	47371	
3660.99978425998	52096	47383	
3661.99978297821	52048	47395	
3662.99978169644	52080	47406	
3663.99978539445	52112	47418	
3664.99978411268	52108	47430	
3665.99978283091	52108	47441	
3666.99978154914	52112	47453	
3667.99978524714	52096	47465	
3668.99978396537	52096	47476	
3669.9997826836	52112	47488	
3670.99978140183	52092	47500	
3671.99978509984	52076	47511	
3672.99978381807	52092	47523	
3673.9997825363	52076	47535	
3674.99978125453	52108	47546	
3675.99978495254	52092	47558	
3676.99977869099	52060	47570	
3677.99977740922	52096	47581	
3678.99977612745	52092	47593	
3679.99977982546	52080	47605	
3680.99977854369	52096	47616	
3681.99977726192	52096	47628	
3682.99977598015	52112	47640	
3683.99977967816	52080	47651	
3684.99977839639	52096	47663	
3685.99977711462	52064	47675	
3686.99978081262	52112	47686	
3687.99977953086	52128	47698	
3688.99977824909	52080	47710	
3689.99977696732	52108	47721	
3690.99978066532	52096	47733	
3691.99977938355	52060	47745	
3692.99977810178	52108	47756	
3693.99977682001	52108	47768	
3694.99978051802	52096	47780	
3695.99977923625	52076	47791	
3696.99977795448	52080	47803	
3697.99977667271	52060	47815	
3698.99978037072	52092	47826	
3699.99977908895	52096	47838	
3700.99977780718	52112	47850	
3701.99977652541	52124	47861	
3702.99978022341	52096	47873	
3703.99977894164	52092	47885	
3704.99977765988	52080	47896	
3705.99977637811	52112	47908	
3706.99978007611	52092	47920	
3707.99977879434	52092	47931	
3708.99977751257	52124	47943	
3709.9997762308	52124	47955	
3711.99977864704	52092	47978	
3712.99977736527	52076	47990	
3713.9997760835	52124	48001	
3714.99977978151	52108	48013	
3715.99977849974	52092	48025	
3716.99977721797	52064	48036	
3717.9997759362	52092	48048	
3718.9997796342	52076	48060	
3719.99977835243	52108	48071	
3720.99977707067	52092	48083	
3721.99978076867	52096	48095	
3722.9997794869	52108	48106	
3723.99977820513	52080	48118	
3724.99977692336	52108	48130	
3725.99978062137	52076	48141	
3726.9997793396	52108	48153	
3727.99977805783	52080	48165	
3728.99977677606	52076	48176	
3729.99978047407	52108	48188	
3730.9997791923	52092	48199	
3731.99977791053	52092	48211	
3732.99977662876	52080	48223	
3733.99978032676	52108	48234	
3734.99977904499	52064	48246	
3735.99977776322	52140	48258	
3736.99977648145	52128	48269	
3737.99978017946	52092	48281	
3738.99977889769	52096	48293	
3739.99977761592	52092	48304	
3740.99977633415	52108	48316	
3741.99978003216	52108	48328	
3742.99977875039	52112	48339	
3743.99977746862	52092	48351	
3744.99977618685	52128	48363	
3745.99977988486	52140	48374	
3746.99977860309	52124	48386	
3747.99977732132	52080	48398	
3748.99977603955	52092	48409	
3749.99977973755	52080	48421	
3750.99977845578	52076	48433	
3751.99977717401	52124	48444	
3752.99978087202	52080	48456	
3753.99977959025	52080	48468	
3754.99977830848	52108	48479	
3755.99977702671	52108	48491	
3756.99978072472	52092	48503	
3757.99977944295	52108	48514	
3758.99977816118	52076	48526	
3759.99977189963	52076	48537	
3760.99977559764	52096	48549	
3761.99977431587	52064	48561	
3762.9997730341	52092	48572	
3763.99977175233	52108	48584	
3764.99977545034	52080	48596	
3765.99977416857	52096	48607	
3766.9997728868	52044	48619	
3767.99977160503	52092	48631	
3768.99977530303	52108	48642	
3769.99977402126	52080	48654	
3770.99977273949	52076	48666	
3771.99977145773	52076	48677	
3772.99977515573	52092	48689	
3773.99977387396	52108	48701	
3774.99977259219	52080	48712	
3775.99977131042	52076	48724	
3776.99977500843	52096	48735	
3777.99977372666	52108	48747	
3778.99977244489	52096	48759	
3779.99977116312	52124	48770	
3780.99977486113	52060	48782	
3781.99977357936	52064	48794	
3782.99977229759	52108	48805	
3783.99977101582	52096	48817	
3784.99977471382	52096	48829	
3785.99977343205	52092	48840	
3786.99977215028	52096	48852	
3787.99977584829	52096	48864	
3788.99977456652	52108	48875	
3789.99977328475	52092	48887	
3790.99977200298	52108	48899	
3791.99977570099	52092	48910	
3792.99977441922	52080	48922	
3793.99977313745	52112	48933	
3794.99977185568	52096	48945	
3795.99977555369	52092	48957	
3796.99977427192	52124	48968	
3797.99977299015	52112	48980	
3798.99977170838	52076	48992	
3799.99977540638	52092	49003	
3800.99977412461	52124	49015	
3801.99977284284	52108	49027	
3802.99977156107	52096	49038	
3803.99977525908	52080	49050	
3804.99977397731	52096	49062	
3805.99977269554	52124	49073	
3806.99977141377	52108	49085	
3807.99977511178	52080	49096	
3808.99977383001	52092	49108	
3809.99977254824	52092	49120	
3810.99977126647	52096	49131	
3811.99977496448	52108	49143	
3812.99977368271	52112	49155	
3813.99977240094	52092	49166	
3815.99977481717	52076	49190	
3816.9997735354	52092	49201	
3817.99977225363	52108	49213	
3818.99977097186	52128	49224	
3819.99977466987	52108	49236	
3820.9997733881	52124	49248	
3821.99977210633	52060	49259	
3822.99977580434	52124	49271	
3823.99977452257	52096	49283	
3824.9997732408	52044	49294	
3825.99977195903	52064	49306	
3826.99977565703	52080	49318	
3828.9997730935	52096	49341	
3829.99977181173	52112	49352	
3830.99977550973	52080	49364	
3831.99977422796	52124	49376	
3832.99977294619	52076	49387	
3833.99977166442	52108	49399	
3834.99977536243	52076	49411	
3835.99977408066	52092	49422	
3836.99977279889	52076	49434	
3837.99977151712	52092	49446	
3838.99977521513	52096	49457	
3839.99977393336	52064	49469	
3840.99977265159	52096	49480	
3841.99977136982	52096	49492	
3842.99977506782	52076	49504	
3843.99976880628	52092	49515	
3844.99976752451	52092	49527	
3845.99976624274	52092	49539	
3846.99976994075	52096	49550	
3847.99976865898	52096	49562	
3848.99976737721	52124	49573	
3849.99976609544	52076	49585	
3850.99976979344	52092	49597	
3851.99976851167	52108	49608	
3852.9997672299	52076	49620	
3853.99977092791	52096	49632	
3854.99976964614	52080	49643	
3855.99976836437	52112	49655	
3856.9997670826	52080	49667	
3857.99977078061	52044	49678	
3858.99976949884	52096	49690	
3859.99976821707	52080	49701	
3860.9997669353	52112	49713	
3861.99977063331	52092	49725	
3862.99976935154	52092	49736	
3863.99976806977	52080	49748	
3864.999766788	52060	49760	
3865.999770486	52076	49771	
3866.99976920423	52112	49783	
3867.99976792246	52076	49794	
3868.99976664069	52092	49806	
3869.9997703387	52092	49818	
3870.99976905693	52080	49829	
3871.99976777516	52108	49841	
3872.99976649339	52108	49853	
3873.9997701914	52096	49864	
3874.99976890963	52076	49876	
3875.99976762786	52112	49887	
3876.99976634609	52092	49899	
3877.9997700441	52108	49911	
3878.99976876233	52108	49922	
3879.99976748056	52128	49934	
3880.99976619879	52112	49946	
3881.99976989679	52080	49957	
3882.99976861502	52108	49969	
3883.99976733325	52124	49980	
3884.99976605148	52048	49992	
3885.99976974949	52060	50004	
3886.99976846772	52080	50015	
3887.99976718595	52108	50027	
3888.99977088396	52096	50039	
3889.99976960219	52076	50050	
3890.99976832042	52092	50062	
3891.99976703865	52092	50073	
3892.99977073665	52080	50085	
3893.99976945489	52108	50097	
3894.99976817312	52092	50108	
3895.99976689135	52060	50120	
3896.99977058935	52096	50132	
3897.99976930758	52076	50143	
3898.99976802581	52048	50155	
3899.99976674404	52092	50166	
3900.99977044205	52096	50178	
3901.99976916028	52092	50190	
3902.99976787851	52092	50201	
3903.99976659674	52108	50213	
3904.99977029475	52080	50225	
3905.99976901298	52076	50236	
3906.99976773121	52096	50248	
3907.99976644944	52080	50259	
3908.99977014744	52112	50271	
3909.99976886567	52076	50283	
3910.99976758391	52064	50294	
3911.99976630214	52108	50306	
3912.99977000014	52108	50317	
3913.99976871837	52080	50329	
3914.9997674366	52076	50341	
3915.99976615483	52064	50352	
3916.99976985284	52124	50364	
3917.99976857107	52092	50376	
3918.9997672893	52112	50387	
3919.99976600753	52080	50399	
3920.99976970554	52112	50410	
3921.99976842377	52080	50422	
3922.999767142	52048	50434	
3923.99977084	52096	50445	
3924.99976955823	52112	50457	
3925.99976827646	52060	50468	
3926.99976201492	52128	50480	
3927.99976571293	52140	50492	
3928.99976443116	52124	50503	
3929.99976314939	52060	50515	
3930.99976186762	52112	50527	
3931.99976556562	52080	50538	
3932.99976428385	52064	50550	
3933.99976300208	52144	50561	
3934.99976172031	52080	50573	
3935.99976541832	52092	50585	
3936.99976413655	52112	50596	
3937.99976285478	52080	50608	
3938.99976157301	52108	50619	
3939.99976527102	52124	50631	
3940.99976398925	52076	50643	
3941.99976270748	52092	50654	
3942.99976142571	52096	50666	
3943.99976512372	52108	50678	
3944.99976384195	52080	50689	
3945.99976256018	52112	50701	
3946.99976127841	52076	50712	
3947.99976497641	52080	50724	
3948.99976369464	52096	50736	
3949.99976241287	52080	50747	
3950.9997611311	52092	50759	
3951.99976482911	52096	50770	
3952.99976354734	52112	50782	
3953.99976226557	52076	50794	
3954.9997609838	52076	50805	
3955.99976468181	52108	50817	
3956.99976340004	52092	50828	
3957.99976211827	52124	50840	
3958.99976581627	52076	50852	
3959.99976453451	52060	50863	
3960.99976325274	52076	50875	
3961.99976197097	52092	50886	
3962.99976566897	52076	50898	
3963.9997643872	52124	50910	
3964.99976310543	52080	50921	
3965.99976182366	52080	50933	
3966.99976552167	52096	50945	
3967.9997642399	52096	50956	
3968.99976295813	52096	50968	
3969.99976167636	52060	50979	
3970.99976537437	52076	50991	
3971.9997640926	52096	51003	
3972.99976281083	52076	51014	
3973.99976152906	52092	51026	
3974.99976522706	52080	51037	
3975.99976394529	52096	51049	
3976.99976266353	52060	51061	
3977.99976138176	52092	51072	
3978.99976507976	52064	51084	
3979.99976379799	52096	51095	
3980.99976251622	52064	51107	
3981.99976123445	52092	51119	
3982.99976493246	52092	51130	
3983.99976365069	52092	51142	
3984.99976236892	52092	51153	
3985.99976108715	52096	51165	
3986.99976478516	52092	51177	
3987.99976350339	52080	51188	
3988.99976222162	52092	51200	
3989.99976591962	52080	51211	
3990.99976463785	52092	51223	
3991.99976335608	52080	51235	
3992.99976207432	52080	51246	
3993.99976577232	52096	51258	
3994.99976449055	52108	51269	
3995.99976320878	52064	51281	
3996.99976192701	52048	51293	
3997.99976562502	52060	51304	
3998.99976434325	52064	51316	
3999.99976306148	52064	51327	
4000.99976177971	52060	51339	
4001.99976547772	52092	51351	
4002.99976419595	52064	51362	
4003.99976291418	52076	51374	
4004.99976163241	52064	51385	
4005.99976533041	52092	51397	
4006.99976404864	52112	51409	
4007.99976276687	52080	51420	
4008.99976148511	52096	51432	
4009.99976518311	52092	51443	
4010.99975892157	52080	51455	
4011.9997576398	52096	51467	
4012.99975635803	52096	51478	
4013.99976005603	52096	51490	
4014.99975877426	52108	51501	
4015.99975749249	52060	51513	
4016.99975621072	52064	51525	
4017.99975990873	52124	51536	
4018.99975862696	52048	51548	
4019.99975734519	52092	51559	
4020.99975606342	52092	51571	
4021.99975976143	52108	51583	
4022.99975847966	52096	51594	
4023.99975719789	52092	51606	
4024.99976089589	52092	51617	
4025.99975961413	52064	51629	
4026.99975833236	52064	51641	
4027.99975705059	52064	51652	
4028.99976074859	52064	51664	
4029.99975946682	52064	51675	
4030.99975818505	52092	51687	
4031.99975690328	51676	51699	
4032.99976060129	51692	51710	
4033.99975931952	51884	51722	
4034.99975803775	51728	51733	
4035.99975675598	52044	51745	
4036.99976045399	51884	51757	
4037.99975917222	51776	51768	
4038.99975789045	52624	51780	
4039.99975660868	52156	51791	
4040.99976030668	51936	51803	
4041.99975902492	52428	51815	
4042.99975774315	53184	51826	
4043.99975646138	52508	51838	
4044.99976015938	52400	51849	
4045.99975887761	52960	51861	
4046.99975759584	52956	51872	
4047.99975631407	52560	51884	
4048.99976001208	53116	51896	
4049.99975873031	53100	51907	
4050.99975744854	53008	51919	
4051.99975616677	53168	51930	
4052.99975986478	53356	51942	
4053.99975858301	53500	51954	
4054.99975730124	52844	51965	
4055.99975601947	53548	51977	
4056.99975971747	53776	51988	
4057.9997584357	53472	52000	
4058.99975715394	53708	52012	
4059.99976085194	53968	52023	
4060.99975957017	53472	52035	
4061.9997582884	53532	52046	
4062.99975700663	54112	52058	
4063.99976070464	54624	52069	
4064.99975942287	54112	52081	
4065.9997581411	54480	52093	
4066.99975685933	54604	52104	
4067.99976055734	54700	52116	
4068.99975927557	54860	52127	
4069.9997579938	54896	52139	
4070.99975671203	55232	52151	
4071.99976041003	54636	52162	
4072.99975912826	55356	52174	
4073.99975784649	55184	52185	
4074.99975656473	55180	52197	
4075.99976026273	55456	52209	
4076.99975898096	55680	52220	
4077.99975769919	55916	52232	
4078.99975641742	55164	52243	
4079.99976011543	55996	52255	
4080.99975883366	56400	52266	
4079.99976011543	55692	52248	
4078.99975641742	55728	52229	
4077.99975769919	56188	52210	
4076.99975898096	55852	52191	
4075.99976026273	55388	52173	
4074.99975656473	55628	52154	
4073.99975784649	55772	52135	
4072.99975912826	55244	52116	
4071.99976041003	55184	52098	
4070.99975671203	55472	52079	
4069.9997579938	55008	52060	
4068.99975927557	55008	52042	
4067.99976055734	54896	52023	
4066.99975685933	55280	52004	
4065.9997581411	54668	51985	
4064.99975942287	54928	51967	
4063.99976070464	54876	51948	
4062.99975700663	54460	51929	
4061.9997582884	54780	51910	
4060.99975957017	54332	51892	
4059.99976085194	54620	51873	
4058.99975715394	54108	51854	
4057.9997584357	54556	51836	
4056.99975971747	54460	51817	
4055.99975601947	53440	51798	
4054.99975730124	54348	51780	
4053.99975858301	54160	51761	
4052.99975986478	53936	51742	
4051.99975616677	53292	51724	
4050.99975744854	53916	51705	
4049.99975873031	54220	51686	
4048.99976001208	53584	51668	
4047.99975631407	53536	51649	
4046.99975759584	53468	51630	
4045.99975887761	53404	51612	
4044.99976015938	53168	51593	
4043.99975646138	53468	51574	
4042.99975774315	53568	51556	
4041.99975902492	53072	51537	
4040.99976030668	52652	51518	
4039.99975660868	52988	51500	
4038.99975789045	52656	51481	
4037.99975917222	52780	51462	
4036.99976045399	52976	51444	
4035.99975675598	52060	51425	
4034.99975803775	52060	51406	
4033.99975931952	52348	51388	
4032.99976060129	52448	51369	
4031.99975690328	52176	51351	
4030.99975818505	51740	51332	
4029.99975946682	52352	51313	
4028.99976074859	51996	51295	
4027.99975705059	51392	51276	
4026.99975833236	51840	51257	
4025.99975961413	51756	51239	
4024.99976089589	51760	51220	
4023.99975719789	51936	51202	
4022.99975847966	51904	51183	
4021.99975976143	51936	51164	
4020.99975606342	52060	51146	
4019.99975734519	51504	51127	
4018.99975862696	52012	51109	
4017.99975990873	52044	51090	
4016.99975621072	52076	51072	
4015.99975749249	52092	51053	
4014.99975877426	52064	51034	
4013.99976005603	52092	51016	
4012.99975635803	52080	50997	
4011.9997576398	52044	50979	
4010.99975892157	52108	50960	
4009.99976518311	52080	50942	
4008.99976148511	52076	50923	
4007.99976276687	52080	50904	
4006.99976404864	52080	50886	
4005.99976533041	52064	50867	
4004.99976163241	52044	50849	
4003.99976291418	52064	50830	
4002.99976419595	52108	50812	
4001.99976547772	52080	50793	
4000.99976177971	52080	50775	
3999.99976306148	52060	50756	
3998.99976434325	52064	50738	
3997.99976562502	52108	50719	
3996.99976192701	52064	50701	
3995.99976320878	52076	50682	
3994.99976449055	52080	50663	
3993.99976577232	52092	50645	
3992.99976207432	52080	50626	
3991.99976335608	52076	50608	
3990.99976463785	52080	50589	
3989.99976591962	52064	50571	
3988.99976222162	52064	50552	
3987.99976350339	52080	50534	
3986.99976478516	52096	50515	
3985.99976108715	52080	50497	
3984.99976236892	52060	50478	
3983.99976365069	52060	50460	
3982.99976493246	52108	50441	
3981.99976123445	52060	50423	
3980.99976251622	52076	50405	
3979.99976379799	52124	50386	
3978.99976507976	52092	50368	
3977.99976138176	52048	50349	
3976.99976266353	52064	50331	
3975.99976394529	52092	50312	
3974.99976522706	52060	50294	
3973.99976152906	52092	50275	
3972.99976281083	52092	50257	
3971.9997640926	52096	50238	
3970.99976537437	52064	50220	
3969.99976167636	52112	50201	
3968.99976295813	52096	50183	
3967.9997642399	52060	50165	
3966.99976552167	52096	50146	
3965.99976182366	52076	50128	
3964.99976310543	52112	50109	
3963.9997643872	52048	50091	
3962.99976566897	52080	50072	
3961.99976197097	52060	50054	
3960.99976325274	52096	50035	
3959.99976453451	52092	50017	
3958.99976581627	52048	49999	
3957.99976211827	52096	49980	
3956.99976340004	52096	49962	
3955.99976468181	52092	49943	
3954.9997609838	52092	49925	
3953.99976226557	52112	49907	
3952.99976354734	52080	49888	
3951.99976482911	52080	49870	
3950.9997611311	52124	49851	
3949.99976241287	52076	49833	
3948.99976369464	52080	49815	
3947.99976497641	52076	49796	
3946.99976127841	52092	49778	
3945.99976256018	52124	49759	
3944.99976384195	52076	49741	
3943.99976512372	52096	49723	
3942.99976142571	52076	49704	
3941.99976270748	52092	49686	
3940.99976398925	52144	49668	
3939.99976527102	52076	49649	
3938.99976157301	52092	49631	
3937.99976285478	52092	49612	
3936.99976413655	52096	49594	
3935.99976541832	52124	49576	
3934.99976172031	52108	49557	
3933.99976300208	52080	49539	
3932.99976428385	52060	49521	
3931.99976556562	52124	49502	
3930.99976186762	52108	49484	
3929.99976314939	52064	49466	
3928.99976443116	52076	49447	
3927.99976571293	52096	49429	
3926.99976201492	52124	49411	
3925.99976827646	52108	49392	
3924.99976955823	52112	49374	
3923.99977084	52092	49356	
3922.999767142	52108	49337	
3921.99976842377	52080	49319	
3920.99976970554	52076	49301	
3919.99976600753	52156	49282	
3918.9997672893	52096	49264	
3917.99976857107	52108	49246	
3916.99976985284	52080	49227	
3915.99976615483	52092	49209	
3914.9997674366	52060	49191	
3913.99976871837	52064	49172	
3912.99977000014	52080	49154	
3911.99976630214	52112	49136	
3910.99976758391	52096	49118	
3909.99976886567	52112	49099	
3908.99977014744	52092	49081	
3907.99976644944	52080	49063	
3906.99976773121	52080	49044	
3905.99976901298	52048	49026	
3904.99977029475	52092	49008	
3903.99976659674	52096	48990	
3902.99976787851	52080	48971	
3901.99976916028	52080	48953	
3900.99977044205	52048	48935	
3899.99976674404	52108	48917	
3898.99976802581	52076	48898	
3897.99976930758	52064	48880	
3896.99977058935	52064	48862	
3895.99976689135	52060	48843	
3894.99976817312	52080	48825	
3893.99976945489	52124	48807	
3892.99977073665	52124	48789	
3891.99976703865	52092	48770	
3890.99976832042	52108	48752	
3889.99976960219	52076	48734	
3888.99977088396	52096	48716	
3887.99976718595	52092	48698	
3886.99976846772	52092	48679	
3885.99976974949	52076	48661	
3884.99976605148	52128	48643	
3883.99976733325	52112	48625	
3882.99976861502	52096	48606	
3881.99976989679	52108	48588	
3880.99976619879	52076	48570	
3879.99976748056	52092	48552	
3878.99976876233	52076	48534	
3877.9997700441	52080	48515	
3876.99976634609	52096	48497	
3875.99976762786	52044	48479	
3874.99976890963	52096	48461	
3873.9997701914	52108	48443	
3872.99976649339	52076	48424	
3871.99976777516	52080	48406	
3870.99976905693	52076	48388	
3869.9997703387	52080	48370	
3868.99976664069	52108	48352	
3867.99976792246	52076	48333	
3866.99976920423	52124	48315	
3865.999770486	52076	48297	
3864.999766788	52128	48279	
3863.99976806977	52112	48261	
3862.99976935154	52076	48243	
3861.99977063331	52076	48224	
3860.9997669353	52092	48206	
3859.99976821707	52080	48188	
3858.99976949884	52092	48170	
3857.99977078061	52112	48152	
3856.9997670826	52124	48134	
3855.99976836437	52096	48115	
3854.99976964614	52080	48097	
3853.99977092791	52092	48079	
3852.9997672299	52096	48061	
3851.99976851167	52140	48043	
3850.99976979344	52096	48025	
3849.99976609544	52096	48007	
3848.99976737721	52092	47988	
3847.99976865898	52076	47970	
3846.99976994075	52140	47952	
3845.99976624274	52096	47934	
3844.99976752451	52064	47916	
3843.99976880628	52124	47898	
3842.99977506782	52080	47880	
3841.99977136982	52124	47862	
3840.99977265159	52080	47843	
3839.99977393336	52080	47825	
3838.99977521513	52060	47807	
3837.99977151712	52096	47789	
3836.99977279889	52076	47771	
3835.99977408066	52080	47753	
3834.99977536243	52092	47735	
3833.99977166442	52076	47717	
3832.99977294619	52092	47699	
3831.99977422796	52092	47681	
3830.99977550973	52108	47662	
3829.99977181173	52108	47644	
3828.9997730935	52112	47626	
3827.99977437527	52108	47608	
3826.99977565703	52108	47590	
3825.99977195903	52092	47572	
3824.9997732408	52076	47554	
3823.99977452257	52112	47536	
3822.99977580434	52092	47518	
3821.99977210633	52076	47500	
3820.9997733881	52092	47482	
3819.99977466987	52092	47464	
3818.99977097186	52156	47446	
3817.99977225363	52096	47428	
3816.9997735354	52080	47409	
3815.99977481717	52108	47391	
3814.99977111917	52140	47373	
3813.99977240094	52112	47355	
3812.99977368271	52124	47337	
3811.99977496448	52092	47319	
3810.99977126647	52080	47301	
3809.99977254824	52096	47283	
3808.99977383001	52124	47265	
3807.99977511178	52080	47247	
3806.99977141377	52064	47229	
3805.99977269554	52092	47211	
3804.99977397731	52080	47193	
3803.99977525908	52096	47175	
3802.99977156107	52096	47157	
3801.99977284284	52092	47139	
3800.99977412461	52112	47121	
3799.99977540638	52076	47103	
3798.99977170838	52092	47085	
3797.99977299015	52112	47067	
3796.99977427192	52112	47049	
3795.99977555369	52108	47031	
3794.99977185568	52128	47013	
3793.99977313745	52108	46995	
3792.99977441922	52076	46977	
3791.99977570099	52092	46959	
3790.99977200298	52060	46941	
3789.99977328475	52092	46923	
3788.99977456652	52128	46905	
3787.99977584829	52092	46887	
3786.99977215028	52096	46869	
3785.99977343205	52080	46851	
3784.99977471382	52076	46833	
3783.99977101582	52092	46815	
3782.99977229759	52064	46797	
3781.99977357936	52064	46779	
3780.99977486113	52112	46761	
3779.99977116312	52128	46743	
3778.99977244489	52080	46725	
3777.99977372666	52112	46707	
3776.99977500843	52080	46689	
3775.99977131042	52092	46671	
3774.99977259219	52128	46653	
3773.99977387396	52124	46635	
3772.99977515573	52108	46617	
3771.99977145773	52124	46600	
3770.99977273949	52128	46582	
3769.99977402126	52112	46564	
3768.99977530303	52076	46546	
3767.99977160503	52080	46528	
3766.9997728868	52108	46510	
3765.99977416857	52096	46492	
3764.99977545034	52112	46474	
3763.99977175233	52124	46456	
3762.9997730341	52080	46438	
3761.99977431587	52108	46420	
3760.99977559764	52096	46402	
3759.99977189963	52112	46384	
3758.99977816118	52092	46366	
3757.99977944295	52092	46349	
3756.99978072472	52076	46331	
3755.99977702671	52096	46313	
3754.99977830848	52124	46295	
3753.99977959025	52092	46277	
3752.99978087202	52128	46259	
3751.99977717401	52128	46241	
3750.99977845578	52108	46223	
3749.99977973755	52108	46205	
3748.99977603955	52096	46187	
3747.99977732132	52144	46170	
3746.99977860309	52124	46152	
3745.99977988486	52092	46134	
3744.99977618685	52092	46116	
3743.99977746862	52108	46098	
3742.99977875039	52064	46080	
3741.99978003216	52076	46062	
3740.99977633415	52080	46044	
3739.99977761592	52108	46027	
3738.99977889769	52112	46009	
3737.99978017946	52140	45991	
3736.99977648145	52080	45973	
3735.99977776322	52128	45955	
3734.99977904499	52064	45937	
3733.99978032676	52128	45919	
3732.99977662876	52144	45902	
3731.99977791053	52092	45884	
3730.9997791923	52080	45866	
3729.99978047407	52096	45848	
3728.99977677606	52112	45830	
3727.99977805783	52064	45812	
3726.9997793396	52096	45794	
3725.99978062137	52080	45777	
3724.99977692336	52124	45759	
3723.99977820513	52076	45741	
3722.9997794869	52108	45723	
3721.99978076867	52080	45705	
3720.99977707067	52108	45687	
3719.99977835243	52076	45670	
3718.9997796342	52096	45652	
3717.9997759362	52096	45634	
3716.99977721797	52092	45616	
3715.99977849974	52092	45598	
3714.99977978151	52108	45581	
3713.9997760835	52092	45563	
3712.99977736527	52096	45545	
3711.99977864704	52080	45527	
3710.99977992881	52080	45509	
3709.9997762308	52112	45492	
3708.99977751257	52124	45474	
3707.99977879434	52108	45456	
3706.99978007611	52108	45438	
3705.99977637811	52140	45420	
3704.99977765988	52140	45403	
3703.99977894164	52096	45385	
3702.99978022341	52108	45367	
3701.99977652541	52112	45349	
3700.99977780718	52112	45331	
3699.99977908895	52092	45314	
3698.99978037072	52112	45296	
3697.99977667271	52124	45278	
3696.99977795448	52112	45260	
3695.99977923625	52156	45243	
3694.99978051802	52124	45225	
3693.99977682001	52112	45207	
3692.99977810178	52112	45189	
3691.99977938355	52108	45172	
3690.99978066532	52112	45154	
3689.99977696732	52108	45136	
3688.99977824909	52140	45118	
3687.99977953086	52092	45101	
3686.99978081262	52124	45083	
3685.99977711462	52128	45065	
3684.99977839639	52128	45047	
3683.99977967816	52108	45030	
3682.99977598015	52112	45012	
3681.99977726192	52092	44994	
3680.99977854369	52080	44976	
3679.99977982546	52124	44959	
3678.99977612745	52092	44941	
3677.99977740922	52108	44923	
3676.99977869099	52080	44905	
3675.99978495254	52112	44888	
3674.99978125453	52092	44870	
3673.9997825363	52124	44852	
3672.99978381807	52140	44835	
3671.99978509984	52092	44817	
3670.99978140183	52112	44799	
3669.9997826836	52124	44781	
3668.99978396537	52096	44764	
3667.99978524714	52112	44746	
3666.99978154914	52112	44728	
3665.99978283091	52092	44711	
3664.99978411268	52124	44693	
3663.99978539445	52108	44675	
3662.99978169644	52108	44658	
3661.99978297821	52124	44640	
3660.99978425998	52060	44622	
3659.99978554175	52108	44604	
3658.99978184374	52124	44587	
3657.99978312551	52128	44569	
3656.99978440728	52096	44551	
3655.99978568905	52124	44534	
3654.99978199105	52092	44516	
3653.99978327281	52140	44498	
3652.99978455458	52172	44481	
3651.99978583635	52096	44463	
3650.99978213835	52128	44445	
3649.99978342012	52108	44428	
3648.99978470189	52144	44410	
3647.99978100388	52124	44392	
3646.99978228565	52092	44375	
3645.99978356742	52096	44357	
3644.99978484919	52096	44339	
3643.99978115118	52112	44322	
3642.99978243295	52112	44304	
3641.99978371472	52096	44287	
3640.99978499649	52144	44269	
3639.99978129849	52112	44251	
3638.99978258026	52156	44234	
3637.99978386202	52096	44216	
3636.99978514379	52124	44198	
3635.99978144579	52140	44181	
3634.99978272756	52108	44163	
3633.99978400933	52144	44145	
3632.9997852911	52160	44128	
3631.99978159309	52096	44110	
3630.99978287486	52092	44093	
3629.99978415663	52128	44075	
3628.9997854384	52108	44057	
3627.99978174039	52096	44040	
3626.99978302216	52108	44022	
3625.99978430393	52112	44004	
3624.9997855857	52108	43987	
3623.9997818877	52112	43969	
3622.99978316947	52048	43952	
3621.99978445124	52096	43934	
3620.999785733	52096	43916	
3619.999782035	52108	43899	
3618.99978331677	52108	43881	
3617.99978459854	52112	43864	
3616.99978090053	52124	43846	
3615.9997821823	52112	43828	
3614.99978346407	52108	43811	
3613.99978474584	52096	43793	
3612.99978104783	52128	43776	
3611.9997823296	52156	43758	
3610.99978361137	52096	43741	
3609.99978489314	52140	43723	
3608.99978119514	52108	43705	
3607.99978247691	52124	43688	
3606.99978375868	52128	43670	
3605.99978504045	52112	43653	
3604.99978134244	52108	43635	
3603.99978262421	52108	43618	
3602.99978390598	52140	43600	
3601.99978518775	52128	43582	
3600.99978148974	52144	43565	
3599.99978277151	52160	43547	
3598.99978405328	52108	43530	
3597.99978533505	52108	43512	
3596.99978163704	52108	43495	
3595.99978291881	52128	43477	
3594.99978420058	52112	43460	
3593.99978548235	52144	43442	
3592.99978178435	52076	43425	
3591.99978804589	52124	43407	
3590.99978932766	52092	43389	
3589.99979060943	52128	43372	
3588.99978691143	52128	43354	
3587.99978819319	52140	43337	
3586.99978947496	52112	43319	
3585.99979075673	52124	43302	
3584.99978705873	52140	43284	
3583.9997883405	52108	43267	
3582.99978962227	52128	43249	
3581.99978592426	52108	43232	
3580.99978720603	52140	43214	
3579.9997884878	52128	43197	
3578.99978976957	52080	43179	
3577.99978607156	52112	43162	
3576.99978735333	52128	43144	
3575.9997886351	52092	43127	
3574.99978991687	52124	43109	
3573.99978621887	52112	43092	
3572.99978750064	52112	43074	
3571.9997887824	52080	43057	
3570.99979006417	52124	43039	
3569.99978636617	52080	43022	
3568.99978764794	52124	43004	
3567.99978892971	52108	42987	
3566.99979021148	52080	42969	
3565.99978651347	52156	42952	
3564.99978779524	52140	42934	
3563.99978907701	52124	42917	
3562.99979035878	52128	42899	
3561.99978666077	52112	42882	
3560.99978794254	52112	42864	
3559.99978922431	52112	42847	
3558.99979050608	52112	42829	
3557.99978680808	52128	42812	
3556.99978808985	52160	42795	
3555.99978937162	52124	42777	
3554.99979065338	52128	42760	
3553.99978695538	52156	42742	
3552.99978823715	52128	42725	
3551.99978951892	52124	42707	
3550.99979080069	52124	42690	
3549.99978710268	52092	42672	
3548.99978838445	52128	42655	
3547.99978966622	52140	42637	
3546.99978596821	52124	42620	
3545.99978724998	52092	42603	
3544.99978853175	52176	42585	
3543.99978981352	52160	42568	
3542.99978611552	52128	42550	
3541.99978739729	52144	42533	
3540.99978867906	52140	42515	
3539.99978996083	52112	42498	
3538.99978626282	52092	42481	
3537.99978754459	52140	42463	
3536.99978882636	52124	42446	
3535.99979010813	52140	42428	
3534.99978641012	52144	42411	
3533.99978769189	52096	42393	
3532.99978897366	52124	42376	
3531.99979025543	52144	42359	
3530.99978655742	52108	42341	
3529.99978783919	52124	42324	
3528.99978912096	52112	42306	
3527.99979040273	52156	42289	
3526.99978670473	52124	42272	
3525.9997879865	52128	42254	
3524.99978926827	52096	42237	
3523.99979055004	52140	42219	
3522.99978685203	52124	42202	
3521.9997881338	52112	42185	
3520.99978941557	52144	42167	
3519.99979069734	52112	42150	
3518.99978699933	52092	42133	
3517.9997882811	52096	42115	
3516.99978956287	52128	42098	
3515.99979084464	52124	42080	
3514.99978714663	52108	42063	
3513.9997884284	52112	42046	
3512.99978971017	52128	42028	
3511.99978601217	52080	42011	
3510.99978729394	52160	41994	
3509.99978857571	52112	41976	
3508.99978985748	52108	41959	
3507.99979113925	52124	41941	
3506.99979242102	52140	41924	
3505.99979370278	52096	41907	
3504.99979498455	52144	41889	
3503.99979128655	52128	41872	
3502.99979256832	52156	41855	
3501.99979385009	52108	41837	
3500.99979513186	52140	41820	
3499.99979143385	52156	41803	
3498.99979271562	52172	41785	
3497.99979399739	52160	41768	
3496.99979527916	52124	41751	
3495.99979158115	52108	41733	
3494.99979286292	52096	41716	
3493.99979414469	52108	41699	
3492.99979542646	52092	41681	
3491.99979172846	52144	41664	
3490.99979301023	52124	41647	
3489.99979429199	52096	41629	
3488.99979557376	52156	41612	
3487.99979187576	52128	41595	
3486.99979315753	52096	41577	
3485.9997944393	52124	41560	
3484.99979572107	52160	41543	
3483.99979202306	52092	41525	
3482.99979330483	52112	41508	
3481.9997945866	52096	41491	
3480.99979088859	52128	41473	
3479.99979217036	52156	41456	
3478.99979345213	52128	41439	
3477.9997947339	52080	41422	
3476.9997910359	52140	41404	
3475.99979231767	52124	41387	
3474.99979359944	52124	41370	
3473.99979488121	52108	41352	
3472.9997911832	52128	41335	
3471.99979246497	52128	41318	
3470.99979374674	52140	41300	
3469.99979502851	52096	41283	
3468.9997913305	52128	41266	
3467.99979261227	52128	41249	
3466.99979389404	52124	41231	
3465.99979517581	52108	41214	
3464.9997914778	52092	41197	
3463.99979275957	52140	41180	
3462.99979404134	52112	41162	
3461.99979532311	52144	41145	
3460.99979162511	52124	41128	
3459.99979290688	52128	41110	
3458.99979418865	52128	41093	
3457.99979547042	52156	41076	
3456.99979177241	52112	41059	
3455.99979305418	52124	41041	
3454.99979433595	52112	41024	
3453.99979561772	52112	41007	
3452.99979191971	52140	40990	
3451.99979320148	52112	40972	
3450.99979448325	52176	40955	
3449.99979576502	52144	40938	
3448.99979206701	52124	40921	
3447.99979334878	52128	40903	
3446.99979463055	52124	40886	
3445.99979093255	52140	40869	
3444.99979221432	52140	40852	
3443.99979349609	52144	40835	
3442.99979477786	52124	40817	
3441.99979107985	52108	40800	
3440.99979236162	52140	40783	
3439.99979364339	52108	40766	
3438.99979492516	52124	40748	
3437.99979122715	52124	40731	
3436.99979250892	52096	40714	
3435.99979379069	52156	40697	
3434.99979507246	52128	40680	
3433.99979137446	52128	40662	
3432.99979265622	52096	40645	
3431.99979393799	52156	40628	
3430.99979521976	52172	40611	
3429.99979152176	52128	40593	
3428.99979280353	52080	40576	
3427.9997940853	52140	40559	
3426.99979536707	52080	40542	
3425.99979166906	52076	40525	
3424.99979793061	52128	40507	
3423.99979921237	52128	40490	
3422.99980049414	52108	40473	
3421.99979679614	52144	40456	
3420.99979807791	52112	40439	
3419.99979935968	52112	40422	
3418.99980064145	52108	40404	
3417.99979694344	52140	40387	
3416.99979822521	52112	40370	
3415.99979950698	52108	40353	
3414.99980078875	52096	40336	
3413.99979709074	52096	40318	
3412.99979837251	52124	40301	
3411.99979965428	52128	40284	
3410.99979595628	52092	40267	
3409.99979723805	52160	40250	
3408.99979851982	52124	40233	
3407.99979980159	52092	40215	
3406.99979610358	52112	40198	
3405.99979738535	52112	40181	
3404.99979866712	52128	40164	
3403.99979994889	52108	40147	
3402.99979625088	52124	40130	
3401.99979753265	52108	40113	
3400.99979881442	52108	40095	
3399.99980009619	52108	40078	
3398.99979639818	52108	40061	
3397.99979767995	52140	40044	
3396.99979896172	52096	40027	
3395.99980024349	52092	40010	
3394.99979654549	52096	39993	
3393.99979782726	52140	39975	
3392.99979910903	52092	39958	
3391.9998003908	52096	39941	
3390.99979669279	52108	39924	
3389.99979797456	52172	39907	
3388.99979925633	52140	39890	
3387.9998005381	52108	39873	
3386.99979684009	52112	39855	
3385.99979812186	52128	39838	
3384.99979940363	52096	39821	
3383.9998006854	52128	39804	
3382.99979698739	52124	39787	
3381.99979826916	52112	39770	
3380.99979955093	52140	39753	
3379.99979585293	52124	39736	
3378.9997971347	52112	39719	
3377.99979841647	52124	39701	
3376.99979969824	52096	39684	
3375.99979600023	52112	39667	
3374.999797282	52156	39650	
3373.99979856377	52112	39633	
3372.99979984554	52144	39616	
3371.99979614753	52124	39599	
3370.9997974293	52108	39582	
3369.99979871107	52144	39565	
3368.99979999284	52124	39548	
3367.99979629484	52144	39531	
3366.9997975766	52108	39513	
3365.99979885837	52140	39496	
3364.99980014014	52144	39479	
3363.99979644214	52128	39462	
3362.99979772391	52124	39445	
3361.99979900568	52112	39428	
3360.99980028745	52096	39411	
3359.99979658944	52140	39394	
3358.99979787121	52112	39377	
3357.99979915298	52128	39360	
3356.99980043475	52140	39343	
3355.99979673674	52172	39326	
3354.99979801851	52124	39309	
3353.99979930028	52096	39292	
3352.99980058205	52144	39274	
3351.99979688405	52112	39257	
3350.99979816581	52124	39240	
3349.99979944758	52160	39223	
3348.99980072935	52128	39206	
3347.99979703135	52140	39189	
3346.99979831312	52156	39172	
3345.99979959489	52128	39155	
3344.99979589688	52140	39138	
3343.99979717865	52128	39121	
3342.99979846042	52188	39104	
3341.99979974219	52156	39087	
3340.99980102396	52128	39070	
3339.99980230573	52112	39053	
3338.9998035875	52128	39036	
3337.99980486927	52112	39019	
3336.99980117126	52128	39002	
3335.99980245303	52092	38985	
3334.9998037348	52112	38968	
3333.99980501657	52112	38951	
3332.99980131856	52092	38934	
3331.99980260033	52096	38917	
3330.9998038821	52128	38900	
3329.99980516387	52112	38883	
3328.99980146587	52140	38866	
3327.99980274764	52128	38849	
3326.99980402941	52108	38832	
3325.99980531118	52080	38815	
3324.99980161317	52156	38798	
3323.99980289494	52128	38781	
3322.99980417671	52124	38764	
3321.99980545848	52140	38747	
3320.99980176047	52140	38730	
3319.99980304224	52160	38713	
3318.99980432401	52124	38696	
3317.99980560578	52144	38679	
3316.99980190777	52140	38662	
3315.99980318954	52140	38645	
3314.99980447131	52128	38628	
3313.99980575308	52156	38611	
3312.99980205508	52108	38594	
3311.99980333685	52112	38577	
3310.99980461862	52128	38560	
3309.99980092061	52140	38543	
3308.99980220238	52140	38526	
3307.99980348415	52096	38509	
3306.99980476592	52144	38492	
3305.99980106791	52124	38475	
3304.99980234968	52128	38458	
3303.99980363145	52108	38441	
3302.99980491322	52096	38424	
3301.99980121522	52112	38407	
3300.99980249698	52112	38390	
3299.99980377875	52140	38373	
3298.99980506052	52140	38356	
3297.99980136252	52124	38339	
3296.99980264429	52140	38322	
3295.99980392606	52128	38305	
3294.99980520783	52092	38288	
3293.99980150982	52124	38271	
3292.99980279159	52144	38254	
3291.99980407336	52108	38237	
3290.99980535513	52140	38221	
3289.99980165712	52144	38204	
3288.99980293889	52128	38187	
3287.99980422066	52144	38170	
3286.99980550243	52124	38153	
3285.99980180443	52140	38136	
3284.99980308619	52160	38119	
3283.99980436796	52108	38102	
3282.99980564973	52140	38085	
3281.99980195173	52096	38068	
3280.9998032335	52096	38051	
3279.99980451527	52112	38034	
3278.99980081726	52112	38017	
3277.99980209903	52108	38000	
3276.9998033808	52156	37984	
3275.99980466257	52124	37967	
3274.99980096456	52108	37950	
3273.99980224633	52128	37933	
3272.9998035281	52128	37916	
3271.99980480987	52156	37899	
3270.99980111187	52188	37882	
3269.99980239364	52144	37865	
3268.99980367541	52108	37848	
3267.99980495718	52140	37831	
3266.99980125917	52112	37814	
3265.99980254094	52096	37798	
3264.99980382271	52128	37781	
3263.99980510448	52092	37764	
3262.99980140647	52128	37747	
3261.99980268824	52156	37730	
3260.99980397001	52156	37713	
3259.99980525178	52128	37696	
3258.99980155377	52144	37679	
3257.99980781532	52172	37662	
3256.99980909709	52140	37646	
3255.99981037886	52112	37629	
3254.99980668085	52112	37612	
3253.99980796262	52128	37595	
3252.99980924439	52124	37578	
3251.99981052616	52124	37561	
3250.99980682815	52112	37544	
3249.99980810992	52128	37527	
3248.99980939169	52080	37511	
3247.99981067346	52112	37494	
3246.99980697546	52128	37477	
3245.99980825723	52128	37460	
3244.999809539	52092	37443	
3243.99980584099	52112	37426	
3242.99980712276	52140	37409	
3241.99980840453	52124	37393	
3240.9998096863	52128	37376	
3239.99980598829	52140	37359	
3238.99980727006	52156	37342	
3237.99980855183	52144	37325	
3236.9998098336	52128	37308	
3235.9998061356	52112	37291	
3234.99980741737	52096	37275	
3233.99980869913	52156	37258	
3232.9998099809	52140	37241	
3231.9998062829	52144	37224	
3230.99980756467	52140	37207	
3229.99980884644	52160	37190	
3228.99981012821	52112	37174	
3227.9998064302	52140	37157	
3226.99980771197	52140	37140	
3225.99980899374	52160	37123	
3224.99981027551	52096	37106	
3223.9998065775	52128	37089	
3222.99980785927	52112	37073	
3221.99980914104	52124	37056	
3220.99981042281	52112	37039	
3219.99980672481	52108	37022	
3218.99980800658	52156	37005	
3217.99980928834	52144	36989	
3216.99981057011	52124	36972	
3215.99980687211	52140	36955	
3214.99980815388	52140	36938	
3213.99980943565	52140	36921	
3212.99981071742	52140	36904	
3211.99980701941	52140	36888	
3210.99980830118	52112	36871	
3209.99980958295	52140	36854	
3208.99980588494	52128	36837	
3207.99980716671	52144	36821	
3206.99980844848	52112	36804	
3205.99980973025	52144	36787	
3204.99980603225	52160	36770	
3203.99980731402	52112	36753	
3202.99980859579	52112	36737	
3201.99980987756	52140	36720	
3200.99980617955	52156	36703	
3199.99980746132	52144	36686	
3198.99980874309	52128	36669	
3197.99981002486	52128	36653	
3196.99980632685	52140	36636	
3195.99980760862	52176	36619	
3194.99980889039	52156	36602	
3193.99981017216	52108	36586	
3192.99980647415	52128	36569	
3191.99980775592	52096	36552	
3190.99980903769	52128	36535	
3189.99981031946	52108	36518	
3188.99980662146	52124	36502	
3187.99980790323	52144	36485	
3186.999809185	52144	36468	
3185.99981046677	52172	36451	
3184.99980676876	52144	36435	
3183.99980805053	52108	36418	
3182.9998093323	52124	36401	
3181.99981061407	52124	36384	
3180.99980691606	52124	36368	
3179.99980819783	52144	36351	
3178.9998094796	52128	36334	
3177.99981076137	52140	36317	
3176.99980706336	52172	36301	
3175.99980834513	52156	36284	
3174.9998096269	52128	36267	
3173.99981090867	52172	36250	
3172.99981219044	52172	36234	
3171.99981347221	52140	36217	
3170.99981475398	52156	36200	
3169.99981105598	52080	36184	
3168.99981233775	52112	36167	
3167.99981361951	52172	36150	
3166.99981490128	52144	36133	
3165.99981120328	52128	36117	
3164.99981248505	52172	36100	
3163.99981376682	52124	36083	
3162.99981504859	52156	36066	
3161.99981135058	52124	36050	
3160.99981263235	52124	36033	
3159.99981391412	52156	36016	
3158.99981519589	52156	36000	
3157.99981149788	52140	35983	
3156.99981277965	52124	35966	
3155.99981406142	52144	35950	
3154.99981534319	52140	35933	
3153.99981164519	52140	35916	
3152.99981292696	52128	35899	
3151.99981420872	52176	35883	
3150.99981549049	52096	35866	
3149.99981179249	52112	35849	
3148.99981307426	52160	35833	
3147.99981435603	52128	35816	
3146.9998156378	52128	35799	
3145.99981193979	52160	35783	
3144.99981322156	52156	35766	
3143.99981450333	52140	35749	
3142.99981080532	52140	35732	
3141.99981208709	52160	35716	
3140.99981336886	52156	35699	
3139.99981465063	52156	35682	
3138.99981095263	52156	35666	
3137.9998122344	52156	35649	
3136.99981351617	52160	35632	
3135.99981479794	52128	35616	
3134.99981109993	52112	35599	
3133.9998123817	52112	35582	
3132.99981366347	52176	35566	
3131.99981494524	52156	35549	
3130.99981124723	52144	35532	
3129.999812529	52128	35516	
3128.99981381077	52128	35499	
3127.99981509254	52156	35482	
3126.99981139453	52156	35466	
3125.9998126763	52156	35449	
3124.99981395807	52172	35432	
3123.99981523984	52144	35416	
3122.99981154184	52172	35399	
3121.99981282361	52144	35382	
3120.99981410538	52156	35366	
3119.99981538715	52160	35349	
3118.99981168914	52140	35333	
3117.99981297091	52124	35316	
3116.99981425268	52128	35299	
3115.99981553445	52140	35283	
3114.99981183644	52096	35266	
3113.99981311821	52144	35249	
3112.99981439998	52144	35233	
3111.99981568175	52124	35216	
3110.99981198374	52144	35199	
3109.99981326551	52144	35183	
3108.99981454728	52112	35166	
3107.99981084928	52140	35150	
3106.99981213105	52156	35133	
3105.99981341282	52156	35116	
3104.99981469459	52188	35100	
3103.99981099658	52144	35083	
3102.99981227835	52188	35066	
3101.99981356012	52156	35050	
3100.99981484189	52140	35033	
3099.99981114388	52188	35017	
3098.99981242565	52140	35000	
3097.99981370742	52112	34983	
3096.99981498919	52112	34967	
3095.99981129118	52140	34950	
3094.99981257295	52144	34934	
3093.99981385472	52128	34917	
3092.99981513649	52176	34900	
3091.99981143849	52144	34884	
3090.99981770003	52172	34867	
3089.9998189818	52160	34851	
3088.99982026357	52144	34834	
3087.99981656557	52128	34817	
3086.99981784734	52156	34801	
3085.9998191291	52108	34784	
3084.99982041087	52124	34768	
3083.99981671287	52144	34751	
3082.99981799464	52156	34734	
3081.99981927641	52124	34718	
3080.99982055818	52128	34701	
3079.99981686017	52160	34685	
3078.99981814194	52112	34668	
3077.99981942371	52112	34652	
3076.99982070548	52156	34635	
3075.99981700747	52140	34618	
3074.99981828924	52160	34602	
3073.99981957101	52128	34585	
3072.99981587301	52176	34569	
3071.99981715478	52160	34552	
3070.99981843655	52156	34536	
3069.99981971831	52096	34519	
3068.99981602031	52128	34502	
3067.99981730208	52124	34486	
3066.99981858385	52160	34469	
3065.99981986562	52092	34453	
3064.99981616761	52144	34436	
3063.99981744938	52176	34420	
3062.99981873115	52140	34403	
3061.99982001292	52140	34387	
3060.99981631491	52140	34370	
3059.99981759668	52156	34354	
3058.99981887845	52156	34337	
