SiO_Calibration_After%SampleName
Probe8%ProbeName
20000%MaxDepth
1%step_size_nm
40%StiffnessPRC_nN_per_nm
76.9866%PRC_ADCValue_per_nm
2000%TriggerForce_nN
5000%LoopDelay_uS
2048%NumberOfSamplingPoints
%
%
%
%
%
%
%
%
%
%
%
8500.0000005%XL
6500.0000005%YL

3954.9997609838	52204	39450	
3953.99976226557	52224	39438	
3952.99976354734	52224	39426	
3951.99976482911	52208	39413	
3950.9997611311	52172	39401	
3949.99976241287	52188	39389	
3948.99976369464	52236	39376	
3947.99976497641	52208	39364	
3946.99976127841	52224	39351	
3945.99976256018	52192	39339	
3944.99976384195	52192	39327	
3943.99976512372	52172	39314	
3942.99976142571	52208	39302	
3941.99976270748	52176	39290	
3940.99976398925	52208	39277	
3939.99976527102	52204	39265	
3938.99976157301	52224	39253	
3937.99976285478	52176	39240	
3936.99976413655	52236	39228	
3935.99976541832	52188	39215	
3934.99976172031	52208	39203	
3933.99976300208	52204	39191	
3932.99976428385	52208	39178	
3931.99976556562	52224	39166	
3930.99976186762	52220	39154	
3929.99976314939	52208	39141	
3928.99976443116	52208	39129	
3927.99976571293	52268	39117	
3926.99976201492	52208	39104	
3925.99976827646	52204	39092	
3924.99976955823	52240	39079	
3923.99977084	52188	39067	
3922.999767142	52208	39055	
3921.99976842377	52208	39042	
3920.99976970554	52240	39030	
3919.99976600753	52208	39018	
3918.9997672893	52220	39005	
3917.99976857107	52252	38993	
3916.99976985284	52188	38981	
3915.99976615483	52204	38968	
3914.9997674366	52220	38956	
3913.99976871837	52188	38944	
3912.99977000014	52224	38931	
3911.99976630214	52188	38919	
3910.99976758391	52172	38907	
3909.99976886567	52160	38894	
3908.99977014744	52236	38882	
3907.99976644944	52208	38870	
3906.99976773121	52192	38857	
3905.99976901298	52188	38845	
3904.99977029475	52192	38832	
3903.99976659674	52204	38820	
3902.99976787851	52208	38808	
3901.99976916028	52208	38795	
3900.99977044205	52172	38783	
3899.99976674404	52176	38771	
3898.99976802581	52208	38758	
3897.99976930758	52252	38746	
3896.99977058935	52236	38734	
3895.99976689135	52188	38721	
3894.99976817312	52208	38709	
3893.99976945489	52204	38697	
3892.99977073665	52192	38684	
3891.99976703865	52208	38672	
3890.99976832042	52192	38660	
3889.99976960219	52220	38647	
3888.99977088396	52220	38635	
3887.99976718595	52204	38623	
3886.99976846772	52208	38610	
3885.99976974949	52204	38598	
3884.99976605148	52208	38586	
3883.99976733325	52208	38573	
3882.99976861502	52220	38561	
3881.99976989679	52240	38549	
3880.99976619879	52192	38536	
3879.99976748056	52208	38524	
3878.99976876233	52172	38512	
3877.9997700441	52236	38499	
3876.99976634609	52224	38487	
3875.99976762786	52156	38475	
3874.99976890963	52172	38463	
3873.9997701914	52208	38450	
3872.99976649339	52204	38438	
3871.99976777516	52192	38426	
3870.99976905693	52208	38413	
3869.9997703387	52220	38401	
3868.99976664069	52208	38389	
3867.99976792246	52192	38376	
3866.99976920423	52204	38364	
3865.999770486	52204	38352	
3864.999766788	52220	38339	
3863.99976806977	52224	38327	
3862.99976935154	52236	38315	
3861.99977063331	52208	38302	
3860.9997669353	52224	38290	
3859.99976821707	52208	38278	
3858.99976949884	52224	38265	
3857.99977078061	52220	38253	
3856.9997670826	52224	38241	
3855.99976836437	52240	38229	
3854.99976964614	52208	38216	
3853.99977092791	52220	38204	
3852.9997672299	52208	38192	
3851.99976851167	52236	38179	
3850.99976979344	52160	38167	
3849.99976609544	52176	38155	
3848.99976737721	52188	38142	
3847.99976865898	52188	38130	
3846.99976994075	52188	38118	
3845.99976624274	52224	38105	
3844.99976752451	52236	38093	
3843.99976880628	52204	38081	
3842.99977506782	52252	38069	
3841.99977136982	52224	38056	
3840.99977265159	52220	38044	
3839.99977393336	52176	38032	
3838.99977521513	52172	38019	
3837.99977151712	52192	38007	
3836.99977279889	52204	37995	
3835.99977408066	52176	37982	
3834.99977536243	52188	37970	
3833.99977166442	52204	37958	
3832.99977294619	52236	37946	
3831.99977422796	52224	37933	
3830.99977550973	52192	37921	
3829.99977181173	52208	37909	
3828.9997730935	52176	37896	
3827.99977437527	52176	37884	
3826.99977565703	52188	37872	
3825.99977195903	52204	37860	
3824.9997732408	52208	37847	
3823.99977452257	52224	37835	
3822.99977580434	52208	37823	
3821.99977210633	52208	37810	
3820.9997733881	52188	37798	
3819.99977466987	52192	37786	
3818.99977097186	52220	37774	
3817.99977225363	52192	37761	
3816.9997735354	52208	37749	
3815.99977481717	52192	37737	
3814.99977111917	52204	37724	
3813.99977240094	52204	37712	
3812.99977368271	52192	37700	
3811.99977496448	52224	37688	
3810.99977126647	52204	37675	
3809.99977254824	52236	37663	
3808.99977383001	52188	37651	
3807.99977511178	52188	37638	
3806.99977141377	52192	37626	
3805.99977269554	52160	37614	
3804.99977397731	52236	37602	
3803.99977525908	52172	37589	
3802.99977156107	52192	37577	
3801.99977284284	52208	37565	
3800.99977412461	52192	37553	
3799.99977540638	52208	37540	
3798.99977170838	52192	37528	
3797.99977299015	52208	37516	
3796.99977427192	52172	37503	
3795.99977555369	52172	37491	
3794.99977185568	52256	37479	
3793.99977313745	52220	37467	
3792.99977441922	52204	37454	
3791.99977570099	52188	37442	
3790.99977200298	52204	37430	
3789.99977328475	52220	37418	
3788.99977456652	52224	37405	
3787.99977584829	52192	37393	
3786.99977215028	52188	37381	
3785.99977343205	52172	37368	
3784.99977471382	52208	37356	
3783.99977101582	52220	37344	
3782.99977229759	52188	37332	
3781.99977357936	52188	37319	
3780.99977486113	52160	37307	
3779.99977116312	52176	37295	
3778.99977244489	52236	37283	
3777.99977372666	52220	37270	
3776.99977500843	52224	37258	
3775.99977131042	52192	37246	
3774.99977259219	52172	37234	
3773.99977387396	52220	37221	
3772.99977515573	52208	37209	
3771.99977145773	52204	37197	
3770.99977273949	52204	37185	
3769.99977402126	52176	37172	
3768.99977530303	52188	37160	
3767.99977160503	52176	37148	
3766.9997728868	52192	37136	
3765.99977416857	52204	37123	
3764.99977545034	52220	37111	
3763.99977175233	52192	37099	
3762.9997730341	52192	37087	
3761.99977431587	52172	37074	
3760.99977559764	52172	37062	
3759.99977189963	52176	37050	
3758.99977816118	52192	37038	
3757.99977944295	52208	37025	
3756.99978072472	52236	37013	
3755.99977702671	52220	37001	
3754.99977830848	52176	36989	
3753.99977959025	52188	36976	
3752.99978087202	52160	36964	
3751.99977717401	52192	36952	
3750.99977845578	52176	36940	
3749.99977973755	52204	36927	
3748.99977603955	52208	36915	
3747.99977732132	52204	36903	
3746.99977860309	52192	36891	
3745.99977988486	52176	36878	
3744.99977618685	52208	36866	
3743.99977746862	52220	36854	
3742.99977875039	52176	36842	
3741.99978003216	52240	36829	
3740.99977633415	52204	36817	
3739.99977761592	52204	36805	
3738.99977889769	52220	36793	
3737.99978017946	52176	36780	
3736.99977648145	52176	36768	
3735.99977776322	52220	36756	
3734.99977904499	52176	36744	
3733.99978032676	52176	36732	
3732.99977662876	52160	36719	
3731.99977791053	52176	36707	
3730.9997791923	52204	36695	
3729.99978047407	52304	36683	
3728.99977677606	52220	36670	
3727.99977805783	52188	36658	
3726.9997793396	52188	36646	
3725.99978062137	52192	36634	
3724.99977692336	52204	36621	
3723.99977820513	52224	36609	
3722.9997794869	52160	36597	
3721.99978076867	52204	36585	
3720.99977707067	52172	36573	
3719.99977835243	52192	36560	
3718.9997796342	52204	36548	
3717.9997759362	52208	36536	
3716.99977721797	52220	36524	
3715.99977849974	52208	36511	
3714.99977978151	52192	36499	
3713.9997760835	52208	36487	
3712.99977736527	52224	36475	
3711.99977864704	52188	36463	
3710.99977992881	52224	36450	
3709.9997762308	52252	36438	
3708.99977751257	52204	36426	
3707.99977879434	52192	36414	
3706.99978007611	52220	36402	
3705.99977637811	52192	36389	
3704.99977765988	52208	36377	
3703.99977894164	52220	36365	
3702.99978022341	52208	36353	
3701.99977652541	52160	36340	
3700.99977780718	52220	36328	
3699.99977908895	52224	36316	
3698.99978037072	52208	36304	
3697.99977667271	52176	36292	
3696.99977795448	52192	36279	
3695.99977923625	52236	36267	
3694.99978051802	52188	36255	
3693.99977682001	52156	36243	
3692.99977810178	52224	36231	
3691.99977938355	52208	36218	
3690.99978066532	52208	36206	
3689.99977696732	52172	36194	
3688.99977824909	52204	36182	
3687.99977953086	52208	36169	
3686.99978081262	52176	36157	
3685.99977711462	52188	36145	
3684.99977839639	52188	36133	
3683.99977967816	52192	36121	
3682.99977598015	52224	36108	
3681.99977726192	52208	36096	
3680.99977854369	52188	36084	
3679.99977982546	52220	36072	
3678.99977612745	52172	36060	
3677.99977740922	52208	36047	
3676.99977869099	52204	36035	
3675.99978495254	52208	36023	
3674.99978125453	52204	36011	
3673.9997825363	52220	35999	
3672.99978381807	52240	35986	
3671.99978509984	52188	35974	
3670.99978140183	52192	35962	
3669.9997826836	52256	35950	
3668.99978396537	52236	35938	
3667.99978524714	52208	35926	
3666.99978154914	52204	35913	
3665.99978283091	52172	35901	
3664.99978411268	52192	35889	
3663.99978539445	52236	35877	
3662.99978169644	52240	35865	
3661.99978297821	52176	35852	
3660.99978425998	52160	35840	
3659.99978554175	52204	35828	
3658.99978184374	52208	35816	
3657.99978312551	52160	35804	
3656.99978440728	52236	35791	
3655.99978568905	52204	35779	
3654.99978199105	52176	35767	
3653.99978327281	52220	35755	
3652.99978455458	52188	35743	
3651.99978583635	52192	35730	
3650.99978213835	52220	35718	
3649.99978342012	52204	35706	
3648.99978470189	52172	35694	
3647.99978100388	52204	35682	
3646.99978228565	52208	35670	
3645.99978356742	52204	35657	
3644.99978484919	52176	35645	
3643.99978115118	52160	35633	
3642.99978243295	52208	35621	
3641.99978371472	52204	35609	
3640.99978499649	52224	35596	
3639.99978129849	52156	35584	
3638.99978258026	52208	35572	
3637.99978386202	52192	35560	
3636.99978514379	52208	35548	
3635.99978144579	52204	35536	
3634.99978272756	52220	35523	
3633.99978400933	52192	35511	
3632.9997852911	52224	35499	
3631.99978159309	52188	35487	
3630.99978287486	52176	35475	
3629.99978415663	52172	35463	
3628.9997854384	52208	35450	
3627.99978174039	52208	35438	
3626.99978302216	52160	35426	
3625.99978430393	52224	35414	
3624.9997855857	52204	35402	
3623.9997818877	52220	35390	
3622.99978316947	52204	35377	
3621.99978445124	52204	35365	
3620.999785733	52208	35353	
3619.999782035	52188	35341	
3618.99978331677	52204	35329	
3617.99978459854	52204	35317	
3616.99978090053	52172	35304	
3615.9997821823	52208	35292	
3614.99978346407	52192	35280	
3613.99978474584	52172	35268	
3612.99978104783	52172	35256	
3611.9997823296	52176	35244	
3610.99978361137	52176	35231	
3609.99978489314	52172	35219	
3608.99978119514	52192	35207	
3607.99978247691	52220	35195	
3606.99978375868	52220	35183	
3605.99978504045	52176	35171	
3604.99978134244	52188	35158	
3603.99978262421	52224	35146	
3602.99978390598	52204	35134	
3601.99978518775	52236	35122	
3600.99978148974	52220	35110	
3599.99978277151	52224	35098	
3598.99978405328	52204	35085	
3597.99978533505	52220	35073	
3596.99978163704	52204	35061	
3595.99978291881	52220	35049	
3594.99978420058	52176	35037	
3593.99978548235	52208	35025	
3592.99978178435	52160	35013	
3591.99978804589	52204	35000	
3590.99978932766	52176	34988	
3589.99979060943	52172	34976	
3588.99978691143	52208	34964	
3587.99978819319	52188	34952	
3586.99978947496	52204	34940	
3585.99979075673	52204	34928	
3584.99978705873	52204	34915	
3583.9997883405	52208	34903	
3582.99978962227	52192	34891	
3581.99978592426	52204	34879	
3580.99978720603	52208	34867	
3579.9997884878	52192	34855	
3578.99978976957	52240	34842	
3577.99978607156	52172	34830	
3576.99978735333	52220	34818	
3575.9997886351	52176	34806	
3574.99978991687	52220	34794	
3573.99978621887	52220	34782	
3572.99978750064	52220	34770	
3571.9997887824	52208	34757	
3570.99979006417	52236	34745	
3569.99978636617	52208	34733	
3568.99978764794	52240	34721	
3567.99978892971	52204	34709	
3566.99979021148	52160	34697	
3565.99978651347	52204	34685	
3564.99978779524	52204	34673	
3563.99978907701	52208	34660	
3562.99979035878	52204	34648	
3561.99978666077	52208	34636	
3560.99978794254	52204	34624	
3559.99978922431	52204	34612	
3558.99979050608	52192	34600	
3557.99978680808	52192	34588	
3556.99978808985	52176	34575	
3555.99978937162	52192	34563	
3554.99979065338	52160	34551	
3553.99978695538	52208	34539	
3552.99978823715	52220	34527	
3551.99978951892	52204	34515	
3550.99979080069	52192	34503	
3549.99978710268	52208	34491	
3548.99978838445	52204	34478	
3547.99978966622	52192	34466	
3546.99978596821	52192	34454	
3545.99978724998	52224	34442	
3544.99978853175	52188	34430	
3543.99978981352	52208	34418	
3542.99978611552	52208	34406	
3541.99978739729	52220	34394	
3540.99978867906	52208	34381	
3539.99978996083	52240	34369	
3538.99978626282	52220	34357	
3537.99978754459	52192	34345	
3536.99978882636	52236	34333	
3535.99979010813	52188	34321	
3534.99978641012	52208	34309	
3533.99978769189	52208	34297	
3532.99978897366	52192	34284	
3531.99979025543	52220	34272	
3530.99978655742	52236	34260	
3529.99978783919	52220	34248	
3528.99978912096	52204	34236	
3527.99979040273	52192	34224	
3526.99978670473	52192	34212	
3525.9997879865	52188	34200	
3524.99978926827	52220	34187	
3523.99979055004	52192	34175	
3522.99978685203	52252	34163	
3521.9997881338	52204	34151	
3520.99978941557	52192	34139	
3519.99979069734	52204	34127	
3518.99978699933	52188	34115	
3517.9997882811	52192	34103	
3516.99978956287	52188	34091	
3515.99979084464	52192	34078	
3514.99978714663	52224	34066	
3513.9997884284	52192	34054	
3512.99978971017	52252	34042	
3511.99978601217	52188	34030	
3510.99978729394	52220	34018	
3509.99978857571	52192	34006	
3508.99978985748	52188	33994	
3507.99979113925	52176	33982	
3506.99979242102	52204	33969	
3505.99979370278	52176	33957	
3504.99979498455	52192	33945	
3503.99979128655	52224	33933	
3502.99979256832	52172	33921	
3501.99979385009	52208	33909	
3500.99979513186	52192	33897	
3499.99979143385	52176	33885	
3498.99979271562	52204	33873	
3497.99979399739	52224	33861	
3496.99979527916	52220	33848	
3495.99979158115	52176	33836	
3494.99979286292	52224	33824	
3493.99979414469	52224	33812	
3492.99979542646	52240	33800	
3491.99979172846	52192	33788	
3490.99979301023	52220	33776	
3489.99979429199	52240	33764	
3488.99979557376	52224	33752	
3487.99979187576	52156	33740	
3486.99979315753	52188	33727	
3485.9997944393	52192	33715	
3484.99979572107	52204	33703	
3483.99979202306	52204	33691	
3482.99979330483	52208	33679	
3481.9997945866	52236	33667	
3480.99979088859	52224	33655	
3479.99979217036	52188	33643	
3478.99979345213	52224	33631	
3477.9997947339	52188	33619	
3476.9997910359	52204	33607	
3475.99979231767	52220	33594	
3474.99979359944	52240	33582	
3473.99979488121	52204	33570	
3472.9997911832	52192	33558	
3471.99979246497	52208	33546	
3470.99979374674	52224	33534	
3469.99979502851	52192	33522	
3468.9997913305	52192	33510	
3467.99979261227	52220	33498	
3466.99979389404	52192	33486	
3465.99979517581	52220	33474	
3464.9997914778	52188	33461	
3463.99979275957	52208	33449	
3462.99979404134	52236	33437	
3461.99979532311	52220	33425	
3460.99979162511	52208	33413	
3459.99979290688	52204	33401	
3458.99979418865	52220	33389	
3457.99979547042	52220	33377	
3456.99979177241	52208	33365	
3455.99979305418	52220	33353	
3454.99979433595	52208	33341	
3453.99979561772	52204	33329	
3452.99979191971	52236	33316	
3451.99979320148	52240	33304	
3450.99979448325	52204	33292	
3449.99979576502	52204	33280	
3448.99979206701	52208	33268	
3447.99979334878	52240	33256	
3446.99979463055	52240	33244	
3445.99979093255	52220	33232	
3444.99979221432	52224	33220	
3443.99979349609	52188	33208	
3442.99979477786	52192	33196	
3441.99979107985	52208	33184	
3440.99979236162	52208	33172	
3439.99979364339	52204	33160	
3438.99979492516	52240	33147	
3437.99979122715	52240	33135	
3436.99979250892	52188	33123	
3435.99979379069	52204	33111	
3434.99979507246	52208	33099	
3433.99979137446	52224	33087	
3432.99979265622	52208	33075	
3431.99979393799	52224	33063	
3430.99979521976	52192	33051	
3429.99979152176	52240	33039	
3428.99979280353	52204	33027	
3427.9997940853	52256	33015	
3426.99979536707	52220	33003	
3425.99979166906	52224	32991	
3424.99979793061	52224	32978	
3423.99979921237	52220	32966	
3422.99980049414	52188	32954	
3421.99979679614	52176	32942	
3420.99979807791	52188	32930	
3419.99979935968	52204	32918	
3418.99980064145	52236	32906	
3417.99979694344	52204	32894	
3416.99979822521	52240	32882	
3415.99979950698	52220	32870	
3414.99980078875	52188	32858	
3413.99979709074	52220	32846	
3412.99979837251	52188	32834	
3411.99979965428	52240	32822	
3410.99979595628	52208	32810	
3409.99979723805	52208	32798	
3408.99979851982	52204	32785	
3407.99979980159	52224	32773	
3406.99979610358	52188	32761	
3405.99979738535	52192	32749	
3404.99979866712	52240	32737	
3403.99979994889	52220	32725	
3402.99979625088	52224	32713	
3401.99979753265	52192	32701	
3400.99979881442	52192	32689	
3399.99980009619	52236	32677	
3398.99979639818	52208	32665	
3397.99979767995	52192	32653	
3396.99979896172	52236	32641	
3395.99980024349	52220	32629	
3394.99979654549	52236	32617	
3393.99979782726	52252	32605	
3392.99979910903	52224	32593	
3391.9998003908	52208	32581	
3390.99979669279	52236	32569	
3389.99979797456	52224	32556	
3388.99979925633	52224	32544	
3387.9998005381	52224	32532	
3386.99979684009	52204	32520	
3385.99979812186	52240	32508	
3384.99979940363	52240	32496	
3383.9998006854	52156	32484	
3382.99979698739	52192	32472	
3381.99979826916	52236	32460	
3380.99979955093	52272	32448	
3379.99979585293	52192	32436	
3378.9997971347	52208	32424	
3377.99979841647	52240	32412	
3376.99979969824	52192	32400	
3375.99979600023	52192	32388	
3374.999797282	52240	32376	
3373.99979856377	52252	32364	
3372.99979984554	52208	32352	
3371.99979614753	52236	32340	
3370.9997974293	52208	32328	
3369.99979871107	52236	32316	
3368.99979999284	52204	32304	
3367.99979629484	52192	32292	
3366.9997975766	52172	32280	
3365.99979885837	52204	32267	
3364.99980014014	52192	32255	
3363.99979644214	52204	32243	
3362.99979772391	52204	32231	
3361.99979900568	52204	32219	
3360.99980028745	52204	32207	
3359.99979658944	52204	32195	
3358.99979787121	52220	32183	
3357.99979915298	52176	32171	
3356.99980043475	52204	32159	
3355.99979673674	52188	32147	
3354.99979801851	52188	32135	
3353.99979930028	52220	32123	
3352.99980058205	52208	32111	
3351.99979688405	52224	32099	
3350.99979816581	52188	32087	
3349.99979944758	52160	32075	
3348.99980072935	52236	32063	
3347.99979703135	52188	32051	
3346.99979831312	52204	32039	
3345.99979959489	52224	32027	
3344.99979589688	52188	32015	
3343.99979717865	52208	32003	
3342.99979846042	52204	31991	
3341.99979974219	52208	31979	
3340.99980102396	52224	31967	
3339.99980230573	52220	31955	
3338.9998035875	52220	31943	
3337.99980486927	52176	31931	
3336.99980117126	52236	31919	
3335.99980245303	52240	31907	
3334.9998037348	52256	31895	
3333.99980501657	52256	31883	
3332.99980131856	52176	31870	
3331.99980260033	52236	31858	
3330.9998038821	52236	31846	
3329.99980516387	52204	31834	
3328.99980146587	52240	31822	
3327.99980274764	52204	31810	
3326.99980402941	52204	31798	
3325.99980531118	52240	31786	
3324.99980161317	52240	31774	
3323.99980289494	52240	31762	
3322.99980417671	52204	31750	
6635.99960623179	52108	81470	
6636.99960495002	52096	81481	
6637.99960366825	52096	81493	
6638.99960238648	52128	81504	
6639.99960608448	52092	81515	
6640.99960480271	52092	81527	
6641.99960352094	52140	81538	
6642.99960223917	52112	81549	
6643.99960593718	52128	81560	
6644.99960465541	52140	81572	
6645.99960337364	52144	81583	
6646.99960209187	52092	81594	
6647.99960578988	52096	81606	
6648.99960450811	52124	81617	
6649.99960322634	52092	81628	
6650.99960194457	52160	81640	
6651.99960564258	52144	81651	
6652.99960436081	52096	81662	
6653.99960307904	52112	81674	
6654.99960179727	52144	81685	
6655.99960549527	52124	81696	
6656.9996042135	52112	81708	
6657.99960293173	52080	81719	
6658.99960164996	52124	81730	
6659.99960534797	52124	81742	
6660.9996040662	52124	81753	
6661.99960278443	52080	81764	
6662.99960648244	52092	81776	
6663.99960520067	52144	81787	
6664.9996039189	52092	81798	
6665.99960263713	52124	81810	
6666.99960633513	52112	81821	
6667.99960505337	52092	81832	
6668.9996037716	52080	81844	
6669.99960248983	52108	81855	
6670.99960618783	52096	81866	
6671.99960490606	52144	81878	
6672.99960362429	52128	81889	
6673.99960234252	52092	81900	
6674.99960604053	52124	81912	
6675.99960475876	52128	81923	
6676.99960347699	52124	81934	
6677.99960219522	52144	81946	
6678.99960589323	52108	81957	
6679.99960461146	52108	81968	
6680.99960332969	52128	81980	
6681.99960204792	52140	81991	
6682.99960574592	52128	82002	
6683.99959948438	52112	82014	
6684.99959820261	52172	82025	
6685.99959692084	52108	82036	
6686.99960061885	52124	82048	
6687.99959933708	52128	82059	
6688.99959805531	52112	82070	
6689.99959677354	52128	82082	
6690.99960047154	52080	82093	
6691.99959918977	52140	82104	
6692.999597908	52112	82116	
6693.99960160601	52128	82127	
6694.99960032424	52144	82138	
6695.99959904247	52112	82150	
6696.9995977607	52108	82161	
6697.99960145871	52128	82172	
6698.99960017694	52140	82184	
6699.99959889517	52144	82195	
6700.9995976134	52096	82206	
6701.99960131141	52128	82218	
6702.99960002964	52108	82229	
6703.99959874787	52124	82240	
6704.9995974661	52092	82252	
6705.9996011641	52124	82263	
6706.99959988233	52108	82274	
6707.99959860056	52144	82286	
6708.99959731879	52108	82297	
6709.9996010168	52144	82308	
6710.99959973503	52112	82320	
6711.99959845326	52124	82331	
6712.99959717149	52096	82342	
6713.9996008695	52096	82354	
6714.99959958773	52128	82365	
6715.99959830596	52096	82376	
6716.99959702419	52128	82388	
6717.9996007222	52140	82399	
6718.99959944043	52108	82410	
6719.99959815866	52160	82422	
6720.99959687689	52124	82433	
6721.99960057489	52112	82444	
6722.99959929312	52080	82456	
6723.99959801135	52144	82467	
6724.99959672958	52128	82478	
6725.99960042759	52108	82490	
6726.99959914582	52096	82501	
6727.99959786405	52124	82512	
6728.99960156206	52140	82524	
6729.99960028029	52108	82535	
6730.99959899852	52128	82546	
6731.99959771675	52124	82558	
6732.99960141475	52124	82569	
6733.99960013299	52096	82580	
6734.99959885122	52144	82591	
6735.99959756945	52124	82603	
6736.99960126745	52112	82614	
6737.99959998568	52112	82625	
6738.99959870391	52124	82637	
6739.99959742214	52080	82648	
6740.99960112015	52124	82659	
6741.99959983838	52128	82671	
6742.99959855661	52092	82682	
6743.99959727484	52112	82693	
6744.99960097285	52096	82705	
6745.99959969108	52140	82716	
6746.99959840931	52108	82727	
6747.99959712754	52112	82739	
6748.99960082554	52144	82750	
6749.99959954377	52112	82761	
6750.99959826201	52124	82773	
6751.99959698024	52124	82784	
6752.99960067824	52160	82795	
6753.99959939647	52108	82807	
6754.9995981147	52092	82818	
6755.99959683293	52080	82829	
6756.99960053094	52080	82841	
6757.99959924917	52112	82852	
6758.9995979674	52124	82863	
6759.99959668563	52128	82875	
6760.99960038364	52076	82886	
6761.99959910187	52092	82897	
6762.9995978201	52108	82909	
6763.9996015181	52124	82920	
6764.99960023633	52112	82931	
6765.99959895457	52108	82943	
6766.9995976728	52124	82954	
6767.99959639103	52144	82965	
6768.99959510926	52108	82977	
6769.99959382749	52144	82988	
6770.99959254572	52124	82999	
6771.99959624372	52108	83011	
6772.99959496195	52080	83022	
6773.99959368018	52096	83033	
6774.99959239841	52096	83045	
6775.99959609642	52144	83056	
6776.99959481465	52108	83067	
6777.99959353288	52128	83079	
6778.99959225111	52044	83090	
6779.99959594912	52112	83101	
6780.99959466735	52096	83113	
6781.99959338558	52080	83124	
6782.99959210381	52144	83135	
6783.99959580182	52108	83147	
6784.99959452005	52128	83158	
6785.99959323828	52160	83169	
6786.99959195651	52124	83180	
6787.99959565451	52108	83192	
6788.99959437274	52144	83203	
6789.99959309097	52092	83214	
6790.9995918092	52124	83226	
6791.99959550721	52096	83237	
6792.99959422544	52140	83248	
6793.99959294367	52140	83260	
6794.9995916619	52124	83271	
6795.99959535991	52112	83282	
6796.99959407814	52144	83294	
6797.99959279637	52108	83305	
6798.99959649437	52092	83316	
6799.9995952126	52128	83328	
6800.99959393084	52108	83339	
6801.99959264907	52108	83350	
6802.99959634707	52144	83362	
6803.9995950653	52124	83373	
6804.99959378353	52140	83384	
6805.99959250176	52128	83396	
6806.99959619977	52156	83407	
6807.999594918	52096	83418	
6808.99959363623	52124	83430	
6809.99959235446	52124	83441	
6810.99959605247	52108	83452	
6811.9995947707	52112	83464	
6812.99959348893	52108	83475	
6813.99959220716	52108	83486	
6814.99959590516	52112	83498	
6815.99959462339	52140	83509	
6816.99959334162	52080	83520	
6817.99959205986	52124	83532	
6818.99959575786	52092	83543	
6819.99959447609	52076	83554	
6820.99959319432	52124	83566	
6821.99959191255	52108	83577	
6822.99959561056	52092	83588	
6823.99959432879	52108	83599	
6824.99959304702	52112	83611	
6825.99959176525	52112	83622	
6826.99959546326	52080	83633	
6827.99959418149	52096	83645	
6828.99959289972	52128	83656	
6829.99959659772	52096	83667	
6830.99959531595	52108	83679	
6831.99959403418	52112	83690	
6832.99959275242	52096	83701	
6833.99959645042	52140	83713	
6834.99959516865	52092	83724	
6835.99959388688	52128	83735	
6836.99959260511	52096	83747	
6837.99959630312	52112	83758	
6838.99959502135	52092	83769	
6839.99959373958	52140	83781	
6840.99959245781	52108	83792	
6841.99959615582	52096	83803	
6842.99959487405	52112	83815	
6843.99959359228	52108	83826	
6844.99959231051	52124	83837	
6845.99959600851	52080	83849	
6846.99959472674	52092	83860	
6847.99959344497	52096	83871	
6848.9995921632	52096	83883	
6849.99959586121	52128	83894	
6850.99958959967	52080	83905	
6851.9995883179	52124	83917	
6852.99958703613	52128	83928	
6853.99959073413	52108	83939	
6854.99958945236	52048	83951	
6855.99958817059	52108	83962	
6856.99958688882	52080	83973	
6857.99959058683	52112	83984	
6858.99958930506	52108	83996	
6859.99958802329	52144	84007	
6860.99958674152	52128	84018	
6861.99959043953	52112	84030	
6862.99958915776	52096	84041	
6863.99958787599	52108	84052	
6864.99959157399	52124	84064	
6865.99959029222	52092	84075	
6866.99958901046	52124	84086	
6867.99958772869	52112	84098	
6868.99959142669	52092	84109	
6869.99959014492	52096	84120	
6870.99958886315	52044	84132	
6871.99958758138	52128	84143	
6872.99959127939	52096	84154	
6873.99958999762	52144	84166	
6874.99958871585	52080	84177	
6875.99958743408	52128	84188	
6876.99959113209	52112	84200	
6877.99958985032	52112	84211	
6878.99958856855	52140	84222	
6879.99958728678	52112	84234	
6880.99959098478	52140	84245	
6881.99958970301	52080	84256	
6882.99958842124	52124	84268	
6883.99958713948	52096	84279	
6884.99959083748	52128	84290	
6885.99958955571	52124	84301	
6886.99958827394	52124	84313	
6887.99958699217	52096	84324	
6888.99959069018	52112	84335	
6889.99958940841	52176	84347	
6890.99958812664	52144	84358	
6891.99958684487	52140	84369	
6892.99959054288	52112	84381	
6893.99958926111	52092	84392	
6894.99958797934	52124	84403	
6895.99958669757	52112	84415	
6896.99959039557	52092	84426	
6897.9995891138	52124	84437	
6898.99958783204	52128	84449	
6899.99959153004	52156	84460	
6900.99959024827	52108	84471	
6901.9995889665	52160	84483	
6902.99958768473	52128	84494	
6903.99959138274	52128	84505	
6904.99959010097	52092	84517	
6905.9995888192	52128	84528	
6906.99958753743	52140	84539	
6907.99959123544	52112	84551	
6908.99958995367	52108	84562	
6909.9995886719	52128	84573	
6910.99958739013	52096	84585	
6911.99959108813	52128	84596	
6912.99958980636	52124	84607	
6913.99958852459	52128	84618	
6914.99958724282	52140	84630	
6915.99959094083	52156	84641	
6916.99958965906	52076	84652	
6917.99958837729	52128	84664	
6918.99958709552	52156	84675	
6919.99959079353	52112	84686	
6920.99958951176	52108	84698	
6921.99958822999	52108	84709	
6922.99958694822	52080	84720	
6923.99959064623	52112	84732	
6924.99958936446	52108	84743	
6925.99958808269	52128	84754	
6926.99958680092	52076	84766	
6927.99959049892	52112	84777	
6928.99958921715	52124	84788	
6929.99958793538	52144	84800	
6930.99959163339	52112	84811	
6931.99959035162	52144	84822	
6932.99958906985	52124	84834	
6933.99958778808	52140	84845	
6934.99958650631	52128	84856	
6935.99958522454	52112	84868	
6936.99958394277	52096	84879	
6937.999582661	52160	84890	
6938.99958635901	52108	84901	
6939.99958507724	52112	84913	
6940.99958379547	52076	84924	
6941.9995825137	52096	84935	
6942.99958621171	52108	84947	
6943.99958492994	52112	84958	
6944.99958364817	52096	84969	
6945.9995823664	52108	84981	
6946.9995860644	52096	84992	
6947.99958478263	52076	85003	
6948.99958350086	52092	85015	
6949.9995822191	52096	85026	
6950.9995859171	52112	85037	
6951.99958463533	52080	85049	
6952.99958335356	52080	85060	
6953.99958207179	52096	85071	
6954.9995857698	52096	85083	
6955.99958448803	52108	85094	
6956.99958320626	52124	85105	
6957.99958192449	52096	85117	
6958.9995856225	52112	85128	
6959.99958434073	52128	85139	
6960.99958305896	52128	85150	
6961.99958177719	52108	85162	
6962.99958547519	52112	85173	
6963.99958419342	52124	85184	
6964.99958291166	52112	85196	
6965.99958660966	52076	85207	
6966.99958532789	52112	85218	
6967.99958404612	52108	85230	
6968.99958276435	52112	85241	
6969.99958646236	52128	85252	
6970.99958518059	52128	85264	
6971.99958389882	52112	85275	
6972.99958261705	52124	85286	
6973.99958631506	52096	85298	
6974.99958503329	52108	85309	
6975.99958375152	52096	85320	
6976.99958246975	52124	85332	
6977.99958616775	52096	85343	
6978.99958488598	52112	85354	
6979.99958360421	52108	85366	
6980.99958232244	52108	85377	
6981.99958602045	51628	85388	
6982.99958473868	52224	85399	
6983.99958345691	52000	85411	
6984.99958217514	52080	85422	
6985.99958587315	51984	85433	
6986.99958459138	52144	85445	
6987.99958330961	52048	85456	
6988.99958202784	52460	85467	
6989.99958572585	52508	85479	
6990.99958444408	52528	85490	
6991.99958316231	52188	85501	
6992.99958188054	52992	85513	
6993.99958557854	52640	85524	
6994.99958429677	52608	85535	
6995.999583015	53164	85547	
6996.99958173323	53148	85558	
6997.99958543124	52972	85569	
6998.99958414947	52908	85581	
6999.9995828677	53568	85592	
7000.99958656571	53312	85603	
7001.99958528394	53408	85615	
7002.99958400217	53552	85626	
7003.9995827204	54140	85637	
7004.9995864184	53708	85648	
7005.99958513664	53644	85660	
7006.99958385487	54192	85671	
7007.9995825731	53964	85682	
7008.9995862711	53996	85694	
7009.99958498933	54496	85705	
7010.99958370756	53932	85716	
7011.99958242579	54556	85728	
7012.9995861238	54396	85739	
7013.99958484203	54832	85750	
7014.99958356026	54704	85762	
7015.99958227849	54860	85773	
7016.9995859765	54940	85784	
7017.99957971495	54832	85796	
7018.99957843318	55040	85807	
7019.99957715141	55344	85818	
7020.99958084942	55344	85830	
7021.99957956765	55568	85841	
7022.99957828588	55408	85852	
7023.99957700411	55616	85863	
7024.99958070212	55312	85875	
7025.99957942035	55824	85886	
7026.99957813858	56448	85897	
7025.99957942035	55856	85878	
7024.99958070212	55536	85860	
7023.99957700411	55920	85841	
7022.99957828588	56076	85822	
7021.99957956765	55308	85803	
7020.99958084942	55536	85784	
7019.99957715141	56064	85765	
7018.99957843318	55148	85746	
7017.99957971495	55228	85727	
7016.9995859765	55292	85708	
7015.99958227849	55660	85689	
7014.99958356026	54956	85670	
7013.99958484203	55264	85651	
7012.9995861238	55232	85632	
7011.99958242579	54720	85613	
7010.99958370756	54880	85594	
7009.99958498933	54956	85576	
7008.9995862711	54876	85557	
7007.9995825731	54768	85538	
7006.99958385487	54844	85519	
7005.99958513664	54812	85500	
7004.9995864184	54092	85481	
7003.9995827204	54624	85462	
7002.99958400217	54828	85443	
7001.99958528394	54252	85424	
7000.99958656571	53516	85405	
6999.9995828677	54204	85387	
6998.99958414947	55100	85368	
6997.99958543124	53548	85349	
6996.99958173323	53564	85330	
6995.999583015	55056	85311	
6994.99958429677	53692	85292	
6993.99958557854	52432	85273	
6992.99958188054	53196	85254	
6991.99958316231	55308	85236	
6990.99958444408	53456	85217	
6989.99958572585	51756	85198	
6988.99958202784	53740	85179	
6987.99958330961	53132	85160	
6986.99958459138	53276	85141	
6985.99958587315	52764	85123	
6984.99958217514	52268	85104	
6983.99958345691	53216	85085	
6982.99958473868	52684	85066	
6981.99958602045	53168	85047	
6980.99958232244	51980	85028	
6979.99958360421	52128	85010	
6978.99958488598	52988	84991	
6977.99958616775	52220	84972	
6976.99958246975	52576	84953	
6975.99958375152	51932	84934	
6974.99958503329	51744	84916	
6973.99958631506	51916	84897	
6972.99958261705	51968	84878	
6971.99958389882	52364	84859	
6970.99958518059	52080	84840	
6969.99958646236	52016	84822	
6968.99958276435	52124	84803	
6967.99958404612	52096	84784	
6966.99958532789	51712	84765	
6965.99958660966	52064	84746	
6964.99958291166	52060	84728	
6963.99958419342	51968	84709	
6962.99958547519	52108	84690	
6961.99958177719	52124	84671	
6960.99958305896	52124	84653	
6959.99958434073	52144	84634	
6958.9995856225	52092	84615	
6957.99958192449	52108	84596	
6956.99958320626	52124	84577	
6955.99958448803	52124	84559	
6954.9995857698	52112	84540	
6953.99958207179	52096	84521	
6952.99958335356	52064	84503	
6951.99958463533	52128	84484	
6950.9995859171	52112	84465	
6949.9995822191	52124	84446	
6948.99958350086	52144	84428	
6947.99958478263	52112	84409	
6946.9995860644	52108	84390	
6945.9995823664	52160	84371	
6944.99958364817	52172	84353	
6943.99958492994	52128	84334	
6942.99958621171	52112	84315	
6941.9995825137	52124	84297	
6940.99958379547	52112	84278	
6939.99958507724	52064	84259	
6938.99958635901	52092	84240	
6937.999582661	52108	84222	
6936.99958394277	52140	84203	
6935.99958522454	52144	84184	
6934.99958650631	52156	84166	
6933.99958778808	52096	84147	
6932.99958906985	52092	84128	
6931.99959035162	52156	84110	
6930.99959163339	52112	84091	
6929.99958793538	52112	84072	
6928.99958921715	52128	84054	
6927.99959049892	52096	84035	
6926.99958680092	52156	84016	
6925.99958808269	52144	83998	
6924.99958936446	52092	83979	
6923.99959064623	52140	83960	
6922.99958694822	52096	83942	
6921.99958822999	52128	83923	
6920.99958951176	52128	83904	
6919.99959079353	52096	83886	
6918.99958709552	52144	83867	
6917.99958837729	52140	83848	
6916.99958965906	52128	83830	
6915.99959094083	52124	83811	
6914.99958724282	52140	83792	
6913.99958852459	52140	83774	
6912.99958980636	52156	83755	
6911.99959108813	52092	83737	
6910.99958739013	52092	83718	
6909.9995886719	52112	83699	
6908.99958995367	52096	83681	
6907.99959123544	52108	83662	
6906.99958753743	52140	83644	
6905.9995888192	52112	83625	
6904.99959010097	52128	83606	
6903.99959138274	52108	83588	
6902.99958768473	52108	83569	
6901.9995889665	52124	83551	
6900.99959024827	52112	83532	
6899.99959153004	52128	83513	
6898.99958783204	52144	83495	
6897.9995891138	52112	83476	
6896.99959039557	52124	83458	
6895.99958669757	52108	83439	
6894.99958797934	52076	83420	
6893.99958926111	52108	83402	
6892.99959054288	52096	83383	
6891.99958684487	52128	83365	
6890.99958812664	52080	83346	
6889.99958940841	52124	83328	
6888.99959069018	52140	83309	
6887.99958699217	52140	83290	
6886.99958827394	52112	83272	
6885.99958955571	52124	83253	
6884.99959083748	52124	83235	
6883.99958713948	52096	83216	
6882.99958842124	52128	83198	
6881.99958970301	52124	83179	
6880.99959098478	52140	83161	
6879.99958728678	52156	83142	
6878.99958856855	52124	83124	
6877.99958985032	52108	83105	
6876.99959113209	52160	83087	
6875.99958743408	52096	83068	
6874.99958871585	52128	83049	
6873.99958999762	52124	83031	
6872.99959127939	52144	83012	
6871.99958758138	52108	82994	
6870.99958886315	52124	82975	
6869.99959014492	52144	82957	
6868.99959142669	52128	82938	
6867.99958772869	52128	82920	
6866.99958901046	52128	82901	
6865.99959029222	52124	82883	
6864.99959157399	52112	82864	
6863.99958787599	52108	82846	
6862.99958915776	52144	82827	
6861.99959043953	52156	82809	
6860.99958674152	52112	82791	
6859.99958802329	52112	82772	
6858.99958930506	52124	82754	
6857.99959058683	52128	82735	
6856.99958688882	52112	82717	
6855.99958817059	52108	82698	
6854.99958945236	52108	82680	
6853.99959073413	52124	82661	
6852.99958703613	52108	82643	
6851.9995883179	52156	82624	
6850.99958959967	52144	82606	
6849.99959586121	52128	82587	
6848.9995921632	52140	82569	
6847.99959344497	52124	82550	
6846.99959472674	52108	82532	
6845.99959600851	52092	82514	
6844.99959231051	52124	82495	
6843.99959359228	52124	82477	
6842.99959487405	52140	82458	
6841.99959615582	52112	82440	
6840.99959245781	52140	82421	
6839.99959373958	52128	82403	
6838.99959502135	52096	82385	
6837.99959630312	52096	82366	
6836.99959260511	52140	82348	
6835.99959388688	52144	82329	
6834.99959516865	52140	82311	
6833.99959645042	52076	82293	
6832.99959275242	52140	82274	
6831.99959403418	52128	82256	
6830.99959531595	52096	82237	
6829.99959659772	52108	82219	
6828.99959289972	52140	82201	
6827.99959418149	52128	82182	
6826.99959546326	52124	82164	
6825.99959176525	52144	82145	
6824.99959304702	52140	82127	
6823.99959432879	52076	82109	
6822.99959561056	52144	82090	
6821.99959191255	52092	82072	
6820.99959319432	52112	82053	
6819.99959447609	52112	82035	
6818.99959575786	52096	82017	
6817.99959205986	52108	81998	
6816.99959334162	52108	81980	
6815.99959462339	52140	81962	
6814.99959590516	52172	81943	
6813.99959220716	52156	81925	
6812.99959348893	52124	81907	
6811.9995947707	52092	81888	
6810.99959605247	52144	81870	
6809.99959235446	52128	81852	
6808.99959363623	52128	81833	
6807.999594918	52128	81815	
6806.99959619977	52140	81797	
6805.99959250176	52124	81778	
6804.99959378353	52128	81760	
6803.9995950653	52156	81742	
6802.99959634707	52140	81723	
6801.99959264907	52124	81705	
6800.99959393084	52112	81687	
6799.9995952126	52108	81668	
6798.99959649437	52144	81650	
6797.99959279637	52080	81632	
6796.99959407814	52172	81613	
6795.99959535991	52124	81595	
6794.9995916619	52172	81577	
6793.99959294367	52124	81558	
6792.99959422544	52096	81540	
6791.99959550721	52144	81522	
6790.9995918092	52128	81504	
6789.99959309097	52128	81485	
6788.99959437274	52124	81467	
6787.99959565451	52112	81449	
6786.99959195651	52160	81430	
6785.99959323828	52128	81412	
6784.99959452005	52108	81394	
6783.99959580182	52112	81376	
6782.99959210381	52124	81357	
6781.99959338558	52096	81339	
6780.99959466735	52092	81321	
6779.99959594912	52092	81302	
6778.99959225111	52108	81284	
6777.99959353288	52096	81266	
6776.99959481465	52124	81248	
6775.99959609642	52108	81229	
6774.99959239841	52140	81211	
6773.99959368018	52124	81193	
6772.99959496195	52080	81175	
6771.99959624372	52108	81156	
6770.99959254572	52112	81138	
6769.99959382749	52112	81120	
6768.99959510926	52092	81102	
6767.99959639103	52096	81083	
6766.9995976728	52096	81065	
6765.99959895457	52144	81047	
6764.99960023633	52124	81029	
6763.9996015181	52128	81011	
6762.9995978201	52128	80992	
6761.99959910187	52124	80974	
6760.99960038364	52112	80956	
6759.99959668563	52092	80938	
6758.9995979674	52124	80919	
6757.99959924917	52140	80901	
6756.99960053094	52108	80883	
6755.99959683293	52112	80865	
6754.9995981147	52112	80847	
6753.99959939647	52112	80828	
6752.99960067824	52128	80810	
6751.99959698024	52128	80792	
6750.99959826201	52112	80774	
6749.99959954377	52124	80756	
6748.99960082554	52108	80738	
6747.99959712754	52128	80719	
6746.99959840931	52160	80701	
6745.99959969108	52128	80683	
6744.99960097285	52124	80665	
6743.99959727484	52080	80647	
6742.99959855661	52124	80628	
6741.99959983838	52108	80610	
6740.99960112015	52144	80592	
6739.99959742214	52140	80574	
6738.99959870391	52096	80556	
6737.99959998568	52112	80538	
6736.99960126745	52128	80519	
6735.99959756945	52140	80501	
6734.99959885122	52128	80483	
6733.99960013299	52092	80465	
6732.99960141475	52128	80447	
6731.99959771675	52144	80429	
6730.99959899852	52124	80411	
6729.99960028029	52124	80392	
6728.99960156206	52128	80374	
6727.99959786405	52128	80356	
6726.99959914582	52128	80338	
6725.99960042759	52144	80320	
6724.99959672958	52124	80302	
6723.99959801135	52124	80284	
6722.99959929312	52124	80266	
6721.99960057489	52128	80247	
6720.99959687689	52112	80229	
6719.99959815866	52112	80211	
6718.99959944043	52156	80193	
6717.9996007222	52140	80175	
6716.99959702419	52124	80157	
6715.99959830596	52188	80139	
6714.99959958773	52112	80121	
6713.9996008695	52140	80103	
6712.99959717149	52124	80085	
6711.99959845326	52140	80066	
6710.99959973503	52124	80048	
6709.9996010168	52108	80030	
6708.99959731879	52080	80012	
6707.99959860056	52108	79994	
6706.99959988233	52096	79976	
6705.9996011641	52140	79958	
6704.9995974661	52112	79940	
6703.99959874787	52108	79922	
6702.99960002964	52144	79904	
6701.99960131141	52140	79886	
6700.9995976134	52140	79868	
6699.99959889517	52172	79850	
6698.99960017694	52140	79831	
6697.99960145871	52124	79813	
6696.9995977607	52128	79795	
6695.99959904247	52156	79777	
6694.99960032424	52128	79759	
6693.99960160601	52128	79741	
6692.999597908	52140	79723	
6691.99959918977	52112	79705	
6690.99960047154	52172	79687	
6689.99959677354	52140	79669	
6688.99959805531	52144	79651	
6687.99959933708	52124	79633	
6686.99960061885	52140	79615	
6685.99959692084	52108	79597	
6684.99959820261	52124	79579	
6683.99959948438	52112	79561	
6682.99960574592	52112	79543	
6681.99960204792	52128	79525	
6680.99960332969	52160	79507	
6679.99960461146	52144	79489	
6678.99960589323	52128	79471	
6677.99960219522	52108	79453	
6676.99960347699	52144	79435	
6675.99960475876	52140	79417	
6674.99960604053	52124	79399	
6673.99960234252	52124	79381	
6672.99960362429	52140	79363	
6671.99960490606	52160	79345	
6670.99960618783	52128	79327	
6669.99960248983	52128	79309	
6668.9996037716	52156	79291	
6667.99960505337	52096	79273	
6666.99960633513	52124	79255	
6665.99960263713	52124	79237	
6664.9996039189	52124	79219	
6663.99960520067	52096	79201	
6662.99960648244	52108	79183	
6661.99960278443	52156	79165	
6660.9996040662	52140	79147	
6659.99960534797	52140	79129	
6658.99960164996	52140	79111	
6657.99960293173	52144	79093	
6656.9996042135	52124	79075	
6655.99960549527	52156	79057	
6654.99960179727	52124	79039	
6653.99960307904	52128	79021	
6652.99960436081	52112	79003	
6651.99960564258	52128	78985	
6650.99960194457	52108	78967	
6649.99960322634	52128	78950	
6648.99960450811	52144	78932	
6647.99960578988	52172	78914	
6646.99960209187	52172	78896	
6645.99960337364	52128	78878	
6644.99960465541	52140	78860	
6643.99960593718	52144	78842	
6642.99960223917	52128	78824	
6641.99960352094	52140	78806	
6640.99960480271	52124	78788	
6639.99960608448	52124	78770	
6638.99960238648	52160	78752	
6637.99960366825	52128	78734	
6636.99960495002	52124	78717	
6635.99960623179	52112	78699	
6634.99960253378	52128	78681	
6633.99960381555	52176	78663	
6632.99960509732	52124	78645	
6631.99960637909	52124	78627	
6630.99960268108	52112	78609	
6629.99960396285	52140	78591	
6628.99960524462	52124	78573	
6627.99960652639	52108	78555	
6626.99960282838	52156	78538	
6625.99960411015	52156	78520	
6624.99960539192	52112	78502	
6623.99960169392	52112	78484	
6622.99960297569	52144	78466	
6621.99960425746	52140	78448	
6620.99960553923	52108	78430	
6619.99960184122	52124	78412	
6618.99960312299	52096	78395	
6617.99960440476	52144	78377	
6616.99960568653	52124	78359	
6615.99960198852	52128	78341	
6614.99960327029	52160	78323	
6613.99960455206	52128	78305	
6612.99960583383	52140	78287	
6611.99960213583	52096	78270	
6610.99960341759	52124	78252	
6609.99960469936	52108	78234	
6608.99960598113	52096	78216	
6607.99960228313	52160	78198	
6606.9996035649	52124	78180	
6605.99960484667	52124	78162	
6604.99960612844	52140	78145	
6603.99960243043	52112	78127	
6602.9996037122	52108	78109	
6601.99960499397	52144	78091	
6600.99960627574	52144	78073	
6599.99960755751	52140	78055	
6598.99960883928	52124	78038	
6597.99961012105	52156	78020	
6596.99961140282	52156	78002	
6595.99960770481	52144	77984	
6594.99960898658	52128	77966	
6593.99961026835	52112	77949	
6592.99961155012	52124	77931	
6591.99960785211	52144	77913	
6590.99960913388	52112	77895	
6589.99961041565	52124	77877	
6588.99960671765	52140	77860	
6587.99960799942	52140	77842	
6586.99960928119	52092	77824	
6585.99961056296	52076	77806	
6584.99960686495	52108	77788	
6583.99960814672	52128	77771	
6582.99960942849	52124	77753	
6581.99961071026	52092	77735	
6580.99960701225	52124	77717	
6579.99960829402	52140	77700	
6578.99960957579	52188	77682	
6577.99961085756	52140	77664	
6576.99960715955	52124	77646	
6575.99960844132	52096	77628	
6574.99960972309	52144	77611	
6573.99961100486	52156	77593	
6572.99960730686	52160	77575	
6571.99960858863	52128	77557	
6570.9996098704	52128	77540	
6569.99961115217	52124	77522	
6568.99960745416	52128	77504	
6567.99960873593	52192	77486	
6566.9996100177	52112	77469	
6565.99961129947	52076	77451	
6564.99960760146	52144	77433	
6563.99960888323	52128	77415	
6562.999610165	52124	77398	
6561.99961144677	52128	77380	
6560.99960774876	52128	77362	
6559.99960903053	52140	77344	
6558.9996103123	52128	77327	
6557.9996066143	52128	77309	
6556.99960789607	52144	77291	
6555.99960917784	52156	77274	
6554.99961045961	52140	77256	
6553.9996067616	52188	77238	
6552.99960804337	52128	77220	
6551.99960932514	52140	77203	
6550.99961060691	52128	77185	
6549.9996069089	52144	77167	
6548.99960819067	52172	77150	
6547.99960947244	52096	77132	
6546.99961075421	52160	77114	
6545.99960705621	52172	77096	
6544.99960833797	52124	77079	
6543.99960961974	52124	77061	
6542.99961090151	52140	77043	
6541.99960720351	52144	77026	
6540.99960848528	52124	77008	
6539.99960976705	52140	76990	
6538.99961104882	52144	76973	
6537.99960735081	52128	76955	
6536.99960863258	52128	76937	
6535.99960991435	52176	76920	
6534.99961119612	52188	76902	
6533.99960749811	52140	76884	
6532.99960877988	52144	76867	
6531.99961006165	52140	76849	
6530.99961134342	52128	76831	
6529.99960764542	52124	76814	
6528.99960892719	52144	76796	
6527.99961020895	52156	76778	
6526.99961149072	52124	76761	
6525.99960779272	52128	76743	
6524.99960907449	52172	76725	
6523.99961035626	52124	76708	
6522.99960665825	52080	76690	
6521.99960794002	52156	76672	
6520.99960922179	52156	76655	
6519.99961050356	52124	76637	
6518.99960680555	52128	76619	
6517.99960808732	52112	76602	
6516.99960936909	52108	76584	
6515.99961563064	52144	76566	
6514.99961193263	52092	76549	
6513.9996132144	52140	76531	
6512.99961449617	52124	76514	
6511.99961577794	52156	76496	
6510.99961207993	52112	76478	
6509.9996133617	52096	76461	
6508.99961464347	52160	76443	
6507.99961592524	52144	76425	
6506.99961222724	52096	76408	
6505.99961350901	52096	76390	
6504.99961479078	52140	76373	
6503.99961607255	52156	76355	
6502.99961237454	52112	76337	
6501.99961365631	52188	76320	
6500.99961493808	52128	76302	
6499.99961621985	52144	76285	
6498.99961252184	52112	76267	
6497.99961380361	52124	76249	
6496.99961508538	52112	76232	
6495.99961636715	52144	76214	
6494.99961266914	52092	76197	
6493.99961395091	52140	76179	
6492.99961523268	52112	76162	
6491.99961651445	52144	76144	
6490.99961281645	52092	76126	
6489.99961409822	52124	76109	
6488.99961537999	52140	76091	
6487.99961168198	52108	76074	
6486.99961296375	52140	76056	
6485.99961424552	52128	76038	
6484.99961552729	52124	76021	
6483.99961182928	52140	76003	
6482.99961311105	52144	75986	
6481.99961439282	52144	75968	
6480.99961567459	52140	75951	
6479.99961197659	52108	75933	
6478.99961325835	52124	75916	
6477.99961454012	52080	75898	
6476.99961582189	52112	75880	
6475.99961212389	52128	75863	
6474.99961340566	52124	75845	
6473.99961468743	52140	75828	
6472.9996159692	52112	75810	
6471.99961227119	52124	75793	
6470.99961355296	52128	75775	
6469.99961483473	52092	75758	
6468.9996161165	52140	75740	
6467.99961241849	52128	75723	
6466.99961370026	52128	75705	
6465.99961498203	52144	75688	
6464.9996162638	52160	75670	
6463.9996125658	52096	75653	
6462.99961384757	52092	75635	
6461.99961512933	52112	75618	
6460.9996164111	52124	75600	
6459.9996127131	52140	75582	
6458.99961399487	52112	75565	
6457.99961527664	52112	75547	
6456.99961157863	52096	75530	
6455.9996128604	52092	75512	
6454.99961414217	52140	75495	
6453.99961542394	52160	75477	
6452.99961172593	52108	75460	
6451.9996130077	52128	75442	
6450.99961428947	52140	75425	
6449.99961557124	52112	75407	
6448.99961187324	52128	75390	
6447.99961315501	52108	75373	
6446.99961443678	52108	75355	
6445.99961571855	52124	75338	
6444.99961202054	52108	75320	
6443.99961330231	52112	75303	
6442.99961458408	52140	75285	
6441.99961586585	52112	75268	
6440.99961216784	52108	75250	
6439.99961344961	52124	75233	
6438.99961473138	52124	75215	
6437.99961601315	52144	75198	
6436.99961231514	52124	75180	
6435.99961359691	52156	75163	
6434.99961487868	52128	75145	
6433.99961616045	52096	75128	
6432.99961744222	52128	75110	
6431.99961872399	52140	75093	
6430.99962000576	52112	75076	
6429.99962128753	52112	75058	
6428.99961758952	52108	75041	
6427.99961887129	52144	75023	
6426.99962015306	52140	75006	
6425.99962143483	52140	74988	
6424.99961773683	52124	74971	
6423.9996190186	52124	74953	
6422.99962030037	52108	74936	
6421.99961660236	52144	74919	
6420.99961788413	52108	74901	
6419.9996191659	52112	74884	
6418.99962044767	52108	74866	
6417.99961674966	52112	74849	
6416.99961803143	52160	74831	
6415.9996193132	52108	74814	
6414.99962059497	52128	74797	
6413.99961689697	52080	74779	
6412.99961817873	52124	74762	
6411.9996194605	52112	74744	
6410.99962074227	52108	74727	
6409.99961704427	52144	74710	
6408.99961832604	52140	74692	
6407.99961960781	52144	74675	
6406.99962088958	52140	74657	
6405.99961719157	52144	74640	
6404.99961847334	52128	74623	
6403.99961975511	52108	74605	
6402.99962103688	52128	74588	
6401.99961733887	52092	74570	
6400.99961862064	52144	74553	
6399.99961990241	52108	74536	
6398.99962118418	52144	74518	
6397.99961748618	52124	74501	
6396.99961876795	52156	74483	
6395.99962004971	52144	74466	
6394.99962133148	52140	74449	
6393.99961763348	52108	74431	
6392.99961891525	52112	74414	
6391.99962019702	52128	74397	
6390.99962147879	52128	74379	
6389.99961778078	52112	74362	
6388.99961906255	52156	74345	
6387.99962034432	52156	74327	
6386.99961664631	52108	74310	
6385.99961792808	52140	74292	
6384.99961920985	52096	74275	
6383.99962049162	52096	74258	
6382.99961679362	52160	74240	
6381.99961807539	52144	74223	
6380.99961935716	52128	74206	
6379.99962063893	52112	74188	
6378.99961694092	52144	74171	
6377.99961822269	52140	74154	
6376.99961950446	52096	74136	
6375.99962078623	52140	74119	
6374.99961708822	52160	74102	
6373.99961836999	52124	74084	
6372.99961965176	52144	74067	
6371.99962093353	52124	74050	
6370.99961723552	52112	74032	
6369.99961851729	52172	74015	
6368.99961979906	52156	73998	
6367.99962108083	52112	73980	
6366.99961738283	52144	73963	
6365.9996186646	52140	73946	
6364.99961994637	52144	73928	
6363.99962122813	52140	73911	
6362.99961753013	52096	73894	
6361.9996188119	52128	73876	
6360.99962009367	52128	73859	
6359.99962137544	52124	73842	
6358.99961767743	52156	73825	
6357.9996189592	52156	73807	
6356.99962024097	52128	73790	
6355.99962152274	52112	73773	
6354.99961782473	52128	73755	
6353.9996191065	52128	73738	
6352.99962038827	52092	73721	
6351.99961669027	52144	73703	
6350.99961797204	52124	73686	
6349.99961925381	52176	73669	
6348.99962551535	52124	73652	
6347.99962181735	52128	73634	
6346.99962309911	52140	73617	
6345.99962438088	52156	73600	
6344.99962566265	52124	73583	
6343.99962196465	52144	73565	
6342.99962324642	52112	73548	
6341.99962452819	52176	73531	
6340.99962580996	52172	73513	
6339.99962211195	52124	73496	
6338.99962339372	52124	73479	
6337.99962467549	52144	73462	
6336.99962595726	52108	73444	
6335.99962225925	52112	73427	
6334.99962354102	52176	73410	
6333.99962482279	52112	73393	
6332.99962610456	52156	73375	
6331.99962240656	52160	73358	
6330.99962368833	52124	73341	
6329.9996249701	52172	73324	
6328.99962625186	52140	73306	
6327.99962255386	52124	73289	
6326.99962383563	52124	73272	
6325.9996251174	52092	73255	
6324.99962639917	52128	73237	
6323.99962270116	52128	73220	
6322.99962398293	52144	73203	
6321.9996252647	52140	73186	
6320.99962156669	52156	73169	
6319.99962284846	52160	73151	
6318.99962413023	52144	73134	
6317.999625412	52144	73117	
6316.999621714	52160	73100	
6315.99962299577	52144	73082	
6314.99962427754	52128	73065	
6313.99962555931	52128	73048	
6312.9996218613	52140	73031	
6311.99962314307	52156	73014	
6310.99962442484	52096	72996	
6309.99962570661	52160	72979	
6308.9996220086	52108	72962	
6307.99962329037	52144	72945	
6306.99962457214	52144	72928	
6305.99962585391	52144	72910	
6304.9996221559	52128	72893	
6303.99962343767	52156	72876	
6302.99962471944	52176	72859	
6301.99962600121	52156	72842	
6300.99962230321	52160	72824	
6299.99962358498	52140	72807	
6298.99962486675	52140	72790	
6297.99962614852	52124	72773	
6296.99962245051	52156	72756	
6295.99962373228	52144	72738	
6294.99962501405	52128	72721	
6293.99962629582	52172	72704	
6292.99962259781	52144	72687	
6291.99962387958	52156	72670	
6290.99962516135	52112	72653	
6289.99962644312	52156	72635	
6288.99962274511	52112	72618	
6287.99962402688	52112	72601	
6286.99962530865	52144	72584	
6285.99962161065	52172	72567	
6284.99962289242	52156	72550	
6283.99962417419	52128	72533	
6282.99962545596	52160	72515	
6281.99962175795	52128	72498	
6280.99962303972	52144	72481	
6279.99962432149	52156	72464	
6278.99962560326	52140	72447	
6277.99962190525	52124	72430	
6276.99962318702	52156	72412	
6275.99962446879	52156	72395	
6274.99962575056	52128	72378	
6273.99962205255	52176	72361	
6272.99962333432	52128	72344	
6271.99962461609	52140	72327	
6270.99962589786	52096	72310	
6269.99962219986	52140	72293	
6268.99962348163	52096	72275	
6267.9996247634	52096	72258	
6266.99962604517	52128	72241	
6265.99962732694	52156	72224	
6264.99962860871	52128	72207	
6263.99962989048	52140	72190	
6262.99963117224	52156	72173	
6261.99962747424	52140	72156	
6260.99962875601	52156	72138	
6259.99963003778	52144	72121	
6258.99963131955	52156	72104	
6257.99962762154	52128	72087	
6256.99962890331	52156	72070	
6255.99963018508	52128	72053	
6254.99963146685	52140	72036	
6253.99962776884	52124	72019	
6252.99962905061	52124	72002	
6251.99963033238	52160	71985	
6250.99962663438	52144	71967	
6249.99962791615	52112	71950	
6248.99962919792	52144	71933	
6247.99963047969	52140	71916	
6246.99962678168	52188	71899	
6245.99962806345	52124	71882	
6244.99962934522	52124	71865	
6243.99963062699	52140	71848	
6242.99962692898	52156	71831	
6241.99962821075	52108	71814	
6240.99962949252	52128	71797	
6239.99963077429	52128	71780	
6238.99962707628	52124	71763	
6237.99962835805	52172	71745	
6236.99962963982	52176	71728	
6235.99963092159	52160	71711	
6234.99962722359	52172	71694	
6233.99962850536	52112	71677	
6232.99962978713	52176	71660	
6231.9996310689	52160	71643	
6230.99962737089	52140	71626	
6229.99962865266	52140	71609	
6228.99962993443	52124	71592	
6227.9996312162	52176	71575	
6226.99962751819	52140	71558	
6225.99962879996	52140	71541	
6224.99963008173	52128	71524	
6223.9996313635	52108	71507	
6222.99962766549	52172	71490	
6221.99962894726	52172	71473	
6220.99963022903	52156	71456	
6219.99962653103	52108	71439	
6218.9996278128	52160	71422	
6217.99962909457	52156	71404	
6216.99963037634	52124	71387	
6215.99962667833	52156	71370	
6214.9996279601	52156	71353	
6213.99962924187	52144	71336	
6212.99963052364	52144	71319	
6211.99962682563	52144	71302	
6210.9996281074	52140	71285	
6209.99962938917	52156	71268	
6208.99963067094	52140	71251	
6207.99962697294	52156	71234	
6206.9996282547	52156	71217	
6205.99962953647	52108	71200	
6204.99963081824	52140	71183	
6203.99962712024	52144	71166	
6202.99962840201	52128	71149	
6201.99962968378	52108	71132	
6200.99963096555	52176	71115	
6199.99962726754	52224	71098	
6198.99962854931	52144	71081	
6197.99962983108	52128	71064	
6196.99963111285	52144	71047	
6195.99962741484	52160	71030	
6194.99962869661	52156	71013	
6193.99962997838	52140	70996	
6192.99963126015	52156	70979	
6191.99962756215	52156	70962	
6190.99962884392	52188	70945	
6189.99963012568	52144	70928	
6188.99963140745	52112	70911	
6187.99962770945	52144	70894	
6186.99962899122	52156	70877	
6185.99963027299	52156	70861	
6184.99962657498	52160	70844	
6183.99962785675	52156	70827	
6182.99962913852	52160	70810	
6181.99963540007	52124	70793	
6180.99963170206	52144	70776	
6179.99963298383	52140	70759	
6178.9996342656	52144	70742	
6177.99963554737	52124	70725	
6176.99963184936	52140	70708	
6175.99963313113	52144	70691	
6174.9996344129	52160	70674	
6173.99963569467	52140	70657	
6172.99963199666	52156	70640	
6171.99963327843	52160	70623	
6170.9996345602	52140	70606	
6169.99963584197	52156	70589	
6168.99963214397	52140	70572	
6167.99963342574	52176	70555	
6166.99963470751	52156	70538	
6165.99963598928	52160	70521	
6164.99963229127	52144	70505	
6163.99963357304	52176	70488	
6162.99963485481	52156	70471	
6161.99963613658	52160	70454	
6160.99963243857	52140	70437	
6159.99963372034	52140	70420	
6158.99963500211	52160	70403	
6157.99963628388	52096	70386	
6156.99963258587	52160	70369	
6155.99963386764	52112	70352	
6154.99963514941	52140	70335	
6153.99963643118	52144	70318	
6152.99963273318	52176	70301	
6151.99963401495	52144	70285	
6150.99963529672	52140	70268	
6149.99963159871	52156	70251	
6148.99963288048	52128	70234	
6147.99963416225	52156	70217	
6146.99963544402	52176	70200	
6145.99963174601	52144	70183	
6144.99963302778	52144	70166	
6143.99963430955	52160	70149	
6142.99963559132	52172	70132	
6141.99963189332	52160	70116	
6140.99963317508	52140	70099	
6139.99963445685	52140	70082	
6138.99963573862	52156	70065	
6137.99963204062	52160	70048	
6136.99963332239	52140	70031	
6135.99963460416	52156	70014	
6134.99963588593	52144	69997	
6133.99963218792	52156	69981	
6132.99963346969	52140	69964	
6131.99963475146	52140	69947	
6130.99963603323	52140	69930	
6129.99963233522	52140	69913	
6128.99963361699	52172	69896	
6127.99963489876	52172	69879	
6126.99963618053	52156	69862	
6125.99963248253	52188	69846	
6124.9996337643	52156	69829	
6123.99963504606	52128	69812	
6122.99963632783	52204	69795	
6121.99963262983	52124	69778	
6120.9996339116	52124	69761	
6119.99963519337	52156	69744	
6118.99963647514	52160	69728	
6117.99963277713	52156	69711	
6116.9996340589	52140	69694	
6115.99963534067	52140	69677	
6114.99963164266	52188	69660	
6113.99963292443	52140	69643	
6112.9996342062	52140	69627	
6111.99963548797	52156	69610	
6110.99963178997	52160	69593	
6109.99963307174	52108	69576	
6108.9996343535	52128	69559	
6107.99963563527	52160	69542	
6106.99963193727	52156	69526	
6105.99963321904	52160	69509	
6104.99963450081	52108	69492	
6103.99963578258	52156	69475	
6102.99963208457	52140	69458	
6101.99963336634	52108	69441	
6100.99963464811	52144	69425	
6099.99963592988	52140	69408	
6098.99963223187	52172	69391	
6097.99963849342	52176	69374	
6096.99963977519	52156	69357	
6095.99964105696	52172	69341	
6094.99963735895	52128	69324	
6093.99963864072	52128	69307	
6092.99963992249	52188	69290	
6091.99964120426	52128	69273	
6090.99963750625	52124	69256	
6089.99963878802	52156	69240	
6088.99964006979	52124	69223	
6087.99964135156	52144	69206	
6086.99963765356	52160	69189	
6085.99963893533	52144	69173	
6084.9996402171	52128	69156	
6083.99963651909	52128	69139	
6082.99963780086	52176	69122	
6081.99963908263	52140	69105	
6080.9996403644	52128	69089	
6079.99963666639	52156	69072	
6078.99963794816	52144	69055	
6077.99963922993	52092	69038	
6076.9996405117	52112	69021	
6075.9996368137	52140	69005	
6074.99963809546	52156	68988	
6073.99963937723	52160	68971	
6072.999640659	52144	68954	
6071.999636961	52092	68938	
6070.99963824277	52144	68921	
6069.99963952454	52140	68904	
6068.99964080631	52112	68887	
6067.9996371083	52140	68871	
6066.99963839007	52144	68854	
6065.99963967184	52156	68837	
6064.99964095361	52140	68820	
6063.9996372556	52172	68804	
6062.99963853737	52124	68787	
6061.99963981914	52188	68770	
6060.99964110091	52128	68753	
6059.99963740291	52140	68737	
6058.99963868468	52160	68720	
6057.99963996644	52128	68703	
6056.99964124821	52128	68686	
6055.99963755021	52124	68670	
6054.99963883198	52124	68653	
6053.99964011375	52140	68636	
6052.99964139552	52128	68619	
6051.99963769751	52144	68603	
6050.99963897928	52144	68586	
6049.99964026105	52140	68569	
6048.99963656304	52160	68552	
6047.99963784481	52144	68536	
6046.99963912658	52144	68519	
6045.99964040835	52140	68502	
6044.99963671035	52156	68486	
6043.99963799212	52124	68469	
6042.99963927388	52128	68452	
6041.99964055565	52140	68435	
6040.99963685765	52160	68419	
6039.99963813942	52156	68402	
6038.99963942119	52156	68385	
6037.99964070296	52156	68368	
6036.99963700495	52108	68352	
6035.99963828672	52144	68335	
6034.99963956849	52156	68318	
6033.99964085026	52208	68302	
6032.99963715225	52140	68285	
6031.99963843402	52128	68268	
6030.99963971579	52176	68252	
6029.99964099756	52160	68235	
6028.99963729956	52156	68218	
6027.99963858133	52144	68201	
6026.9996398631	52172	68185	
6025.99964114486	52128	68168	
6024.99963744686	52140	68151	
6023.99963872863	52176	68135	
6022.9996400104	52156	68118	
6021.99964129217	52124	68101	
6020.99963759416	52160	68085	
6019.99963887593	52144	68068	
6018.9996401577	52140	68051	
6017.99964143947	52140	68035	
6016.99963774146	52140	68018	
6015.99963902323	52156	68001	
6014.99964528478	52172	67985	
6013.99964158677	52144	67968	
6012.99964286854	52176	67951	
6011.99964415031	52144	67935	
6010.99964543208	52176	67918	
6009.99964173408	52140	67901	
6008.99964301584	52144	67885	
6007.99964429761	52156	67868	
6006.99964557938	52144	67851	
6005.99964188138	52144	67835	
6004.99964316315	52128	67818	
