SiO_Calibration1%SampleName
Probe8%ProbeName
20000%MaxDepth
2%step_size_nm
40%StiffnessPRC_nN_per_nm
68.2331%PRC_ADCValue_per_nm
2000%TriggerForce_nN
5000%LoopDelay_uS
2048%NumberOfSamplingPoints
%
%
%
%
%
%
%
%
%
%
%
8500.0000005%XL
6500.0000005%YL

1971.99988256186	52092	27170	
1975.99988241456	52112	27219	
1979.99988226725	52108	27269	
1983.99988211995	52124	27318	
1987.99988197265	52108	27368	
1991.99988182535	52092	27417	
1995.99988167804	52080	27467	
1999.99988153074	52108	27516	
2003.99988138344	52156	27566	
2007.99987625636	52076	27615	
2011.99987610906	52096	27665	
2015.99987596175	52092	27714	
2019.99987581445	52112	27764	
2023.99987566715	52128	27813	
2027.99987551985	52108	27863	
2031.99988035232	52144	27912	
2035.99988020502	52080	27961	
2039.99988005771	52096	28011	
2043.99987991041	52112	28060	
2047.99987976311	52096	28109	
2051.99987961581	52108	28159	
2055.9998794685	52076	28208	
2059.9998793212	52080	28258	
2063.9998791739	52096	28307	
2067.9998790266	52108	28356	
2071.99987887929	52092	28405	
2075.99987873199	52092	28455	
2079.99987858469	52124	28504	
2083.99987843739	52096	28553	
2087.99987829008	52108	28603	
2091.99987316301	52112	28652	
2095.9998730157	52096	28701	
2099.9998728684	52076	28750	
2103.9998727211	52096	28799	
2107.9998725738	52076	28849	
2111.99987242649	52124	28898	
2115.99987227919	52076	28947	
2119.99987213189	52096	28996	
2123.99987198458	52112	29045	
2127.99987183728	52044	29095	
2131.99987168998	52076	29144	
2135.99987154268	52096	29193	
2139.99987139537	52048	29242	
2143.99987124807	52048	29291	
2147.99987110077	52112	29340	
2151.99987095347	52060	29389	
2155.99987080616	52076	29438	
2159.99987065886	52128	29487	
2163.99987549133	52108	29536	
2167.99987534403	52108	29585	
2171.99987519673	52064	29635	
2175.99987006965	52096	29684	
2179.99986992235	52112	29733	
2183.99986977505	52124	29782	
2187.99986962774	52108	29831	
2191.99986948044	52080	29880	
2195.99986933314	52140	29929	
2199.99986918584	52096	29978	
2203.99986903853	52112	30027	
2207.99986889123	52080	30075	
2211.99986874393	52128	30124	
2215.99986859663	52092	30173	
2219.99986844932	52140	30222	
2223.99986830202	52108	30271	
2227.99986815472	52096	30320	
2231.99986800742	52076	30369	
2235.99986786011	52108	30418	
2239.99986771281	52124	30467	
2243.99986756551	52112	30516	
2247.99986741821	52124	30564	
2251.9998672709	52096	30613	
2255.99986214382	52080	30662	
2259.99986199652	52108	30711	
2263.99986184922	52124	30760	
2267.99986170192	52124	30809	
2271.99986155461	52112	30857	
2275.99986140731	52108	30906	
2279.99986126001	52092	30955	
2283.99986111271	52096	31004	
2287.9998609654	52096	31053	
2291.9998608181	52112	31101	
2295.9998606708	52076	31150	
2299.99986550327	52096	31199	
2303.99986535597	52064	31248	
2307.99986520867	52092	31296	
2311.99986506136	52064	31345	
2315.99986491406	52112	31394	
2319.99986476676	52096	31442	
2323.99986461946	52064	31491	
2327.99986447215	52108	31540	
2331.99986432485	52076	31588	
2335.99986417755	52080	31637	
2339.99985905047	52096	31686	
2343.99985890317	52092	31734	
2347.99985875587	52108	31783	
2351.99985860856	52108	31832	
2355.99985846126	52096	31880	
2359.99985831396	52096	31929	
2363.99985816666	52076	31977	
2367.99985801935	52096	32026	
2371.99985787205	52092	32075	
2375.99985772475	52064	32123	
2379.99985757745	52124	32172	
2383.99985743014	52080	32220	
2387.99985728284	52112	32269	
2391.99985713554	52112	32317	
2395.99985698824	52076	32366	
2399.99985684093	52092	32414	
2403.99985669363	52060	32463	
2407.99985654633	52124	32511	
2411.99985639902	52108	32560	
2415.99985625172	52128	32608	
2419.99985610442	52080	32657	
2423.99985097734	52124	32705	
2427.99985083004	52096	32754	
2431.99985068274	52108	32802	
2435.99985551521	52108	32851	
2437.99985295167	52096	32875	
2439.99985536791	52108	32899	
2441.99985280437	52124	32923	
2443.9998552206	52092	32947	
2445.99985265707	52096	32972	
2447.9998550733	52128	32996	
2449.99985250976	52080	33020	
2453.99985236246	52156	33068	
2455.9998547787	52092	33093	
2457.99985221516	52096	33117	
2459.99985463139	52108	33141	
2461.99985206786	52096	33165	
2463.99985448409	52108	33189	
2465.99985192055	52092	33214	
2467.99985433679	52092	33238	
2469.99985177325	52112	33262	
2471.99985418949	52096	33286	
2473.99985162595	52080	33310	
2475.99985404218	52124	33335	
2477.99985147864	52112	33359	
2479.99985389488	52108	33383	
2481.99985133134	52108	33407	
2485.99985118404	52128	33455	
2489.99985103674	52096	33504	
2493.99985088943	52092	33552	
2497.99985074213	52096	33600	
2501.99985557461	52092	33649	
2505.9998554273	52128	33697	
2509.99985030022	52124	33745	
2513.99985015292	52108	33794	
2517.99985000562	52124	33842	
2521.99984985832	52156	33890	
2525.99984971101	52080	33938	
2527.99984714748	52092	33963	
2531.99984700017	52064	34011	
2533.99984941641	52076	34035	
2535.99984685287	52064	34059	
2537.99984926911	52156	34083	
2539.99984670557	52092	34107	
2541.9998491218	52080	34131	
2543.99984655826	52108	34156	
2545.9998489745	52080	34180	
2547.99984641096	52080	34204	
2549.9998488272	52092	34228	
2551.99984626366	52092	34252	
2553.9998486799	52076	34276	
2555.99984611636	52096	34300	
2557.99984853259	52096	34324	
2559.99984596905	52092	34348	
2561.99984838529	52096	34372	
2563.99984582175	52092	34397	
2565.99984823799	52076	34421	
2567.99984567445	52080	34445	
2569.99984809069	52092	34469	
2571.99985050692	52112	34493	
2573.99984794338	52080	34517	
2575.99985035962	52092	34541	
2577.99984779608	52092	34565	
2579.99985021232	52092	34589	
2581.99984764878	52128	34613	
2583.99985006501	52096	34637	
2585.99984750148	52044	34661	
2587.99984991771	52112	34686	
2589.9998423744	52092	34710	
2591.99984479063	52076	34734	
2593.9998422271	52124	34758	
2595.99984464333	52092	34782	
2597.99984207979	52080	34806	
2599.99984449603	52076	34830	
2601.99984193249	52064	34854	
2603.99984434873	52092	34878	
2605.99984178519	52092	34902	
2607.99984420142	52064	34926	
2609.99984163788	52060	34950	
2611.99984405412	52092	34974	
2613.99984149058	52108	34998	
2615.99984390682	52064	35022	
2617.99984134328	52112	35046	
2619.99984375952	52092	35070	
2621.99984119598	52096	35094	
2623.99984361221	52096	35118	
2625.99984104867	52080	35143	
2627.99984346491	52060	35167	
2629.99984090137	52064	35191	
2631.99984331761	52096	35215	
2633.99984075407	52060	35239	
2635.99984317031	52076	35263	
2637.99984558654	52108	35287	
2639.999843023	52060	35311	
2641.99984543924	52028	35335	
2643.9998428757	52080	35359	
2645.99984529194	52080	35383	
2647.9998427284	52064	35407	
2649.99984514463	52112	35431	
2651.9998425811	52080	35455	
2653.99984499733	52060	35479	
2655.99984243379	52060	35503	
2657.99984485003	52080	35527	
2659.99984228649	52064	35551	
2661.99984470273	52060	35575	
2663.99984213919	52076	35599	
2665.99984455542	52112	35623	
2667.99984199189	52076	35647	
2669.99984440812	52092	35671	
2671.99984184458	52080	35695	
2673.99983928104	52096	35719	
2675.9998367175	52092	35743	
2677.99983913374	52092	35767	
2679.9998365702	52092	35791	
2681.99983898644	52096	35815	
2683.9998364229	52096	35839	
2685.99983883914	52112	35863	
2687.9998362756	52076	35887	
2689.99983869183	52108	35911	
2691.99983612829	52092	35935	
2693.99983854453	52044	35959	
2695.99983598099	52080	35983	
2697.99983839723	52060	36007	
2699.99983583369	52076	36031	
2701.99983824993	52080	36055	
2703.99983568639	52060	36079	
2705.99983810262	52064	36102	
2707.99984051886	52080	36126	
2709.99983795532	52092	36150	
2711.99984037156	52064	36174	
2713.99983780802	52096	36198	
2715.99984022426	52108	36222	
2717.99983766072	52076	36246	
2719.99984007695	52064	36270	
2721.99983751341	52076	36294	
2723.99983992965	52096	36318	
2725.99983736611	52092	36342	
2727.99983978235	52112	36366	
2729.99983721881	52092	36390	
2731.99983963504	52128	36414	
2733.99983707151	52080	36438	
2735.99983948774	52092	36462	
2737.9998369242	52096	36486	
2739.99983934044	52060	36510	
2741.9998367769	52076	36534	
2743.99983919314	52076	36557	
2745.9998366296	52108	36581	
2747.99983904583	52096	36605	
2749.9998364823	52096	36629	
2751.99983889853	52076	36653	
2753.99983633499	52108	36677	
2755.99983875123	52080	36701	
2757.99983120791	52060	36725	
2759.99983362415	52096	36749	
2761.99983106061	52092	36773	
2763.99983347685	52064	36797	
2765.99983091331	52108	36821	
2767.99983332955	52096	36845	
2769.99983076601	52076	36868	
2771.99983318224	52076	36892	
2773.99983559848	52108	36916	
2775.99983303494	52096	36940	
2777.99983545118	52112	36964	
2779.99983288764	52060	36988	
2781.99983530388	52060	37012	
2783.99983274034	52112	37036	
2785.99983515657	52080	37060	
2787.99983259303	52076	37084	
2789.99983500927	52048	37107	
2791.99983244573	52080	37131	
2793.99983486197	52096	37155	
2795.99983229843	52080	37179	
2797.99983471466	52076	37203	
2799.99983215113	52080	37227	
2801.99983456736	52060	37251	
2803.99983200382	52080	37275	
2805.99983442006	52108	37299	
2807.99983185652	52064	37322	
2809.99983427276	52064	37346	
2811.99983170922	52080	37370	
2813.99983412545	52096	37394	
2815.99983156192	52080	37418	
2817.99983397815	52108	37442	
2819.99983141461	52112	37466	
2821.99983383085	52064	37490	
2823.99983126731	52108	37513	
2825.99983368355	52060	37537	
2827.99983112001	52064	37561	
2829.99983353624	52112	37585	
2831.9998309727	52092	37609	
2833.99983338894	52080	37633	
2835.9998308254	52092	37657	
2837.99983324164	52108	37680	
2839.99983565788	52096	37704	
2841.99982811456	52128	37728	
2843.9998305308	52096	37752	
2845.99982796726	52112	37776	
2847.99983038349	52108	37800	
2849.99982781996	52128	37824	
2851.99983023619	52048	37847	
2853.99982767265	52108	37871	
2855.99983008889	52064	37895	
2857.99982752535	52108	37919	
2859.99982994159	52092	37943	
2861.99982737805	52124	37967	
2863.99982979428	52128	37990	
2865.99982723075	52076	38014	
2867.99982964698	52080	38038	
2869.99982708344	52076	38062	
2871.99982949968	52080	38086	
2873.99982693614	52124	38110	
2875.99982935238	52112	38133	
2877.99982678884	52076	38157	
2879.99982920507	52140	38181	
2881.99982664154	52096	38205	
2883.99982905777	52112	38229	
2885.99982649423	52108	38253	
2887.99982891047	52108	38276	
2889.99982634693	52108	38300	
2891.99982876317	52112	38324	
2893.99982619963	52112	38348	
2895.99982861586	52060	38372	
2897.99982605232	52080	38395	
2899.99982846856	52108	38419	
2901.99982590502	52092	38443	
2903.99982832126	52076	38467	
2905.99982575772	52092	38491	
2907.99982817396	52048	38514	
2909.99983059019	52092	38538	
2911.99982802665	52124	38562	
2913.99983044289	52112	38586	
2915.99982787935	52108	38610	
2917.99983029559	52092	38633	
2919.99982773205	52064	38657	
2921.99983014829	52108	38681	
2923.99982758475	52076	38705	
2925.99982502121	52060	38729	
2927.99982245767	52092	38752	
2929.9998248739	52076	38776	
2931.99982231037	52092	38800	
2933.9998247266	52076	38824	
2935.99982216306	52096	38848	
2937.9998245793	52112	38871	
2939.99982201576	52080	38895	
2941.999824432	52076	38919	
2943.99982186846	52092	38943	
2945.99982428469	52092	38966	
2947.99982172116	52080	38990	
2949.99982413739	52108	39014	
2951.99982157385	52032	39038	
2953.99982399009	52108	39061	
2955.99982142655	52096	39085	
2957.99982384279	52096	39109	
2959.99982127925	52076	39133	
2961.99982369548	52096	39157	
2963.99982113194	52128	39180	
2965.99982354818	52080	39204	
2967.99982098464	52080	39228	
2969.99982340088	52108	39252	
2971.99982083734	52064	39275	
2973.99982325358	52124	39299	
2975.99982566981	52092	39323	
2977.99982310627	52108	39347	
2979.99982552251	52112	39370	
2981.99982295897	52064	39394	
2983.99982537521	52076	39418	
2985.99982281167	52064	39442	
2987.99982522791	52080	39465	
2989.99982266437	52092	39489	
2991.9998250806	52092	39513	
2993.99982251706	52060	39537	
2995.9998249333	52092	39560	
2997.99982236976	52108	39584	
2999.999824786	52108	39608	
3001.99982222246	52092	39631	
3003.99982463869	52080	39655	
3005.99982207516	52108	39679	
3007.99981951162	52048	39703	
3009.99981694808	52092	39726	
3011.99981936431	52112	39750	
3013.99981680078	52092	39774	
3015.99981921701	52096	39798	
3017.99981665347	52108	39821	
3019.99981906971	52092	39845	
3021.99981650617	52080	39869	
3023.99981892241	52092	39892	
3025.99981635887	52048	39916	
3027.9998187751	52080	39940	
3029.99981621156	52048	39964	
3031.9998186278	52112	39987	
3033.99981606426	52080	40011	
3035.9998184805	52076	40035	
3037.99981591696	52060	40058	
3039.9998183332	52064	40082	
3041.99981576966	52092	40106	
3043.99981818589	52060	40130	
3045.99982060213	52060	40153	
3047.99981803859	52092	40177	
3049.99982045483	52032	40201	
3051.99981789129	52124	40224	
3053.99982030753	52048	40248	
3055.99981774399	52060	40272	
3057.99982016022	52060	40295	
3059.99981759668	52076	40319	
3061.99982001292	52076	40343	
3063.99981744938	52092	40366	
3065.99981986562	52080	40390	
3067.99981730208	52092	40414	
3069.99981971831	52096	40438	
3071.99981715478	52060	40461	
3073.99981957101	52096	40485	
3075.99981700747	52064	40509	
3077.99981942371	52064	40532	
3079.99981686017	52032	40556	
3081.99981927641	52092	40580	
3083.99981671287	52064	40603	
3085.9998191291	52092	40627	
3087.99981656557	52076	40651	
3089.9998189818	52064	40674	
3091.99981143849	52092	40698	
3093.99981385472	52080	40722	
3095.99981129118	52144	40745	
3097.99981370742	52064	40769	
3099.99981114388	52048	40793	
3101.99981356012	52076	40816	
3103.99981099658	52108	40840	
3105.99981341282	52112	40864	
3107.99981084928	52112	40887	
3109.99981326551	52092	40911	
3111.99981568175	52048	40935	
3113.99981311821	52108	40958	
3115.99981553445	52096	40982	
3117.99981297091	52048	41006	
3119.99981538715	52064	41029	
3121.99981282361	52060	41053	
3123.99981523984	52092	41077	
3125.9998126763	52080	41100	
3127.99981509254	52064	41124	
3129.999812529	52092	41147	
3131.99981494524	52080	41171	
3133.9998123817	52060	41195	
3135.99981479794	52080	41218	
3137.9998122344	52080	41242	
3139.99981465063	52080	41266	
3141.99981208709	52076	41289	
3143.99981450333	52060	41313	
3145.99981193979	52064	41337	
3147.99981435603	52128	41360	
3149.99981179249	52080	41384	
3151.99981420872	52080	41408	
3153.99981164519	52096	41431	
3155.99981406142	52096	41455	
3157.99981149788	52092	41478	
3159.99981391412	52092	41502	
3161.99981135058	52064	41526	
3163.99981376682	52092	41549	
3165.99981120328	52096	41573	
3167.99981361951	52076	41597	
3169.99981105598	52080	41620	
3171.99981347221	52076	41644	
3173.99981090867	52080	41667	
3175.99980834513	52108	41691	
3177.99981076137	52080	41715	
3179.99980819783	52076	41738	
3181.99981061407	52096	41762	
3183.99980805053	52108	41785	
3185.99981046677	52108	41809	
3187.99980790323	52092	41833	
3189.99981031946	52060	41856	
3191.99980775592	52092	41880	
3193.99981017216	52108	41903	
3195.99980760862	52064	41927	
3197.99981002486	52064	41951	
3199.99980746132	52060	41974	
3201.99980987756	52080	41998	
3203.99980731402	52064	42021	
3205.99980973025	52076	42045	
3207.99980716671	52060	42069	
3209.99980958295	52076	42092	
3211.99980701941	52048	42116	
3213.99980943565	52064	42139	
3215.99980687211	52048	42163	
3217.99980928834	52064	42187	
3219.99980672481	52076	42210	
3221.99980914104	52076	42234	
3223.9998065775	52108	42257	
3225.99980899374	52060	42281	
3227.9998064302	52092	42305	
3229.99980884644	52060	42328	
3231.9998062829	52060	42352	
3233.99980869913	52064	42375	
3235.9998061356	52060	42399	
3237.99980855183	52096	42422	
3239.99980598829	52060	42446	
3241.99980840453	52044	42470	
3243.99980584099	52064	42493	
3245.99980825723	52096	42517	
3247.99981067346	52060	42540	
3249.99980810992	52044	42564	
3251.99981052616	52060	42587	
3253.99980796262	52060	42611	
3255.99981037886	52108	42635	
3257.99980781532	52096	42658	
3259.99980525178	52048	42682	
3261.99980268824	52080	42705	
3263.99980510448	52016	42729	
3265.99980254094	52060	42752	
3267.99980495718	52032	42776	
3269.99980239364	52076	42799	
3271.99980480987	52064	42823	
3273.99980224633	52060	42847	
3275.99980466257	52060	42870	
3277.99980209903	52032	42894	
3279.99980451527	52064	42917	
3281.99980195173	52064	42941	
3283.99980436796	52044	42964	
3285.99980180443	52060	42988	
3287.99980422066	52044	43011	
3289.99980165712	52048	43035	
3291.99980407336	52076	43059	
3293.99980150982	52060	43082	
3295.99980392606	52044	43106	
3297.99980136252	52060	43129	
3299.99980377875	52060	43153	
3301.99980121522	52080	43176	
3303.99980363145	52064	43200	
3305.99980106791	52076	43223	
3307.99980348415	52060	43247	
3309.99980092061	52060	43270	
3311.99980333685	52044	43294	
3313.99980575308	52060	43317	
3315.99980318954	52064	43341	
3317.99980560578	52028	43364	
3319.99980304224	52076	43388	
3321.99980545848	52060	43412	
3323.99980289494	52048	43435	
3325.99980531118	52048	43459	
3327.99980274764	52076	43482	
3329.99980516387	52044	43506	
3331.99980260033	52076	43529	
3333.99980501657	52092	43553	
3335.99980245303	52032	43576	
3337.99980486927	52080	43600	
3339.99980230573	52016	43623	
3341.99979974219	52044	43647	
3343.99979717865	52048	43670	
3345.99979959489	52080	43694	
3347.99979703135	52048	43717	
3349.99979944758	52076	43741	
3351.99979688405	52048	43764	
3353.99979930028	52080	43788	
3355.99979673674	52048	43811	
3357.99979915298	52092	43835	
3359.99979658944	52048	43858	
3361.99979900568	52080	43882	
3363.99979644214	52060	43905	
3365.99979885837	52032	43929	
3367.99979629484	52064	43952	
3369.99979871107	52064	43976	
3371.99979614753	52048	43999	
3373.99979856377	52028	44023	
3375.99979600023	52048	44046	
3377.99979841647	52044	44070	
3379.99979585293	52044	44093	
3381.99979826916	52080	44117	
3383.9998006854	52048	44140	
3385.99979812186	52060	44164	
3387.9998005381	52028	44187	
3389.99979797456	52076	44211	
3391.9998003908	52064	44234	
3393.99979782726	52064	44258	
3395.99980024349	52048	44281	
3397.99979767995	52080	44305	
3399.99980009619	52060	44328	
3401.99979753265	52048	44352	
3403.99979994889	52076	44375	
3405.99979738535	52076	44399	
3407.99979980159	52016	44422	
3409.99979723805	52044	44446	
3411.99979965428	52048	44469	
3413.99979709074	52064	44493	
3415.99979950698	52060	44516	
3417.99979694344	52076	44539	
3419.99979935968	52048	44563	
3421.99979679614	52076	44586	
3423.99979921237	52048	44610	
3425.99979166906	52064	44633	
3427.9997940853	52048	44657	
3429.99979152176	52076	44680	
3431.99979393799	52048	44704	
3433.99979137446	52080	44727	
3435.99979379069	52064	44751	
3437.99979122715	52076	44774	
3439.99979364339	52076	44798	
3441.99979107985	52032	44821	
3443.99979349609	52012	44844	
3445.99979093255	52076	44868	
3447.99979334878	52044	44891	
3449.99979576502	52048	44915	
3451.99979320148	52108	44938	
3453.99979561772	52060	44962	
3455.99979305418	52060	44985	
3457.99979547042	52064	45009	
3459.99979290688	52060	45032	
3461.99979532311	52044	45056	
3463.99979275957	52060	45079	
3465.99979517581	52064	45102	
3467.99979261227	52028	45126	
3469.99979502851	52092	45149	
3471.99979246497	52048	45173	
3473.99979488121	52064	45196	
3475.99979231767	52044	45220	
3477.9997947339	52032	45243	
3479.99979217036	52076	45267	
3481.9997945866	52048	45290	
3483.99979202306	52032	45313	
3485.9997944393	52064	45337	
3487.99979187576	52080	45360	
3489.99979429199	52076	45384	
3491.99979172846	52076	45407	
3493.99979414469	52060	45431	
3495.99979158115	52076	45454	
3497.99979399739	52080	45477	
3499.99979143385	52096	45501	
3501.99979385009	52092	45524	
3503.99979128655	52080	45548	
3505.99979370278	52028	45571	
3507.99979113925	52060	45595	
3509.99978857571	52096	45618	
3511.99978601217	52032	45641	
3513.9997884284	52060	45665	
3515.99979084464	52032	45688	
3517.9997882811	52032	45712	
3519.99979069734	52044	45735	
3521.9997881338	52016	45758	
3523.99979055004	52048	45782	
3525.9997879865	52076	45805	
3527.99979040273	52044	45829	
3529.99978783919	52080	45852	
3531.99979025543	52076	45876	
3533.99978769189	52064	45899	
3535.99979010813	52076	45922	
3537.99978754459	52092	45946	
3539.99978996083	52076	45969	
3541.99978739729	52092	45993	
3543.99978981352	52048	46016	
3545.99978724998	52064	46039	
3547.99978966622	52064	46063	
3549.99978710268	52064	46086	
3551.99978951892	52096	46110	
3553.99978695538	52028	46133	
3555.99978937162	52060	46156	
3557.99978680808	52064	46180	
3559.99978922431	52064	46203	
3561.99978666077	52048	46227	
3563.99978907701	52060	46250	
3565.99978651347	52060	46273	
3567.99978892971	52048	46297	
3569.99978636617	52044	46320	
3571.9997887824	52064	46344	
3573.99978621887	52060	46367	
3575.9997886351	52060	46390	
3577.99978607156	52076	46414	
3579.9997884878	52080	46437	
3581.99978592426	52076	46461	
3583.9997883405	52064	46484	
3585.99979075673	52060	46507	
3587.99978819319	52044	46531	
3589.99979060943	52048	46554	
3591.99978804589	52028	46577	
3593.99978548235	52064	46601	
3595.99978291881	52048	46624	
3597.99978533505	52080	46648	
3599.99978277151	52060	46671	
3601.99978518775	52044	46694	
3603.99978262421	52076	46718	
3605.99978504045	52028	46741	
3607.99978247691	52064	46764	
3609.99978489314	52048	46788	
3611.9997823296	52080	46811	
3613.99978474584	52044	46835	
3615.9997821823	52044	46858	
3617.99978459854	52000	46881	
3619.999782035	52028	46905	
3621.99978445124	52032	46928	
3623.9997818877	52048	46951	
3625.99978430393	52076	46975	
3627.99978174039	52060	46998	
3629.99978415663	52048	47021	
3631.99978159309	52032	47045	
3633.99978400933	52064	47068	
3635.99978144579	52044	47092	
3637.99978386202	52032	47115	
3639.99978129849	52060	47138	
3641.99978371472	52076	47162	
3643.99978115118	52096	47185	
3645.99978356742	52064	47208	
3647.99978100388	52032	47232	
3649.99978342012	52064	47255	
3651.99978583635	52048	47278	
3653.99978327281	52016	47302	
3655.99978568905	52048	47325	
3657.99978312551	52044	47348	
3659.99978554175	52048	47372	
3661.99978297821	52064	47395	
3663.99978539445	52064	47418	
3665.99978283091	52060	47442	
3667.99978524714	52064	47465	
3669.9997826836	52032	47489	
3671.99978509984	52080	47512	
3673.9997825363	52044	47535	
3675.99978495254	52032	47559	
3677.99977740922	52048	47582	
3679.99977982546	52064	47605	
3681.99977726192	52064	47629	
3683.99977967816	52048	47652	
3685.99977711462	52060	47675	
3687.99977953086	52060	47699	
3689.99977696732	52032	47722	
3691.99977938355	52028	47745	
3693.99977682001	52016	47769	
3695.99977923625	52044	47792	
3697.99977667271	52092	47815	
3699.99977908895	52112	47839	
3701.99977652541	52044	47862	
3703.99977894164	52096	47885	
3705.99977637811	52048	47909	
3707.99977879434	52092	47932	
3709.9997762308	52048	47955	
3711.99977864704	52064	47978	
3713.9997760835	52016	48002	
3715.99977849974	52060	48025	
3717.9997759362	52028	48048	
3719.99977835243	52048	48072	
3721.99978076867	52044	48095	
3723.99977820513	52048	48118	
3725.99978062137	52048	48142	
3727.99977805783	52044	48165	
3729.99978047407	52076	48188	
3731.99977791053	52064	48212	
3733.99978032676	52076	48235	
3735.99977776322	52064	48258	
3737.99978017946	52076	48282	
3739.99977761592	52064	48305	
3741.99978003216	52064	48328	
3743.99977746862	52048	48352	
3745.99977988486	52076	48375	
3747.99977732132	52064	48398	
3749.99977973755	52076	48421	
3751.99977717401	52060	48445	
3753.99977959025	52048	48468	
3755.99977702671	52044	48491	
3757.99977944295	52044	48515	
3759.99977189963	52044	48538	
3761.99977431587	52060	48561	
3763.99977175233	52080	48585	
3765.99977416857	52060	48608	
3767.99977160503	52028	48631	
3769.99977402126	52064	48654	
3771.99977145773	52048	48678	
3773.99977387396	52076	48701	
3775.99977131042	52112	48724	
3777.99977372666	52092	48748	
3779.99977116312	52080	48771	
3781.99977357936	52076	48794	
3783.99977101582	52048	48818	
3785.99977343205	52048	48841	
3787.99977584829	52080	48864	
3789.99977328475	52060	48887	
3791.99977570099	52060	48911	
3793.99977313745	52096	48934	
3795.99977555369	52080	48957	
3797.99977299015	52048	48981	
3799.99977540638	52064	49004	
3801.99977284284	52048	49027	
3803.99977525908	52044	49050	
3805.99977269554	52044	49074	
3807.99977511178	52060	49097	
3809.99977254824	52048	49120	
3811.99977496448	52092	49144	
3813.99977240094	52064	49167	
3815.99977481717	52048	49190	
3817.99977225363	52048	49213	
3819.99977466987	52064	49237	
3821.99977210633	52060	49260	
3823.99977452257	52080	49283	
3825.99977195903	52060	49306	
3827.99977437527	52048	49330	
3829.99977181173	52044	49353	
3831.99977422796	52076	49376	
3833.99977166442	52048	49400	
3835.99977408066	52064	49423	
3837.99977151712	52080	49446	
3839.99977393336	52092	49469	
3841.99977136982	52096	49493	
3843.99976880628	52092	49516	
3845.99976624274	52108	49539	
3847.99976865898	52092	49562	
3849.99976609544	52048	49586	
3851.99976851167	52080	49609	
3853.99977092791	52048	49632	
3855.99976836437	52064	49655	
3857.99977078061	52016	49679	
3859.99976821707	52000	49702	
3861.99977063331	52080	49725	
3863.99976806977	52064	49748	
3865.999770486	52060	49772	
3867.99976792246	52076	49795	
3869.9997703387	52064	49818	
3871.99976777516	52028	49841	
3873.9997701914	52076	49865	
3875.99976762786	52076	49888	
3877.9997700441	52080	49911	
3879.99976748056	52048	49934	
3881.99976989679	52064	49958	
3883.99976733325	52060	49981	
3885.99976974949	52044	50004	
3887.99976718595	52108	50027	
3889.99976960219	52080	50051	
3891.99976703865	52060	50074	
3893.99976945489	52060	50097	
3895.99976689135	52060	50120	
3897.99976930758	52096	50144	
3899.99976674404	52044	50167	
3901.99976916028	52032	50190	
3903.99976659674	52080	50213	
3905.99976901298	52064	50237	
3907.99976644944	52044	50260	
3909.99976886567	52032	50283	
3911.99976630214	52016	50306	
3913.99976871837	52096	50330	
3915.99976615483	52048	50353	
3917.99976857107	52028	50376	
3919.99976600753	52044	50399	
3921.99976842377	52076	50423	
3923.99977084	52060	50446	
3925.99976827646	52064	50469	
3927.99976571293	52092	50492	
3929.99976314939	52064	50515	
3931.99976556562	52048	50539	
3933.99976300208	52028	50562	
3935.99976541832	52048	50585	
3937.99976285478	52028	50608	
3939.99976527102	52060	50632	
3941.99976270748	52060	50655	
3943.99976512372	52028	50678	
3945.99976256018	52092	50701	
3947.99976497641	52060	50724	
3949.99976241287	52092	50748	
3951.99976482911	52032	50771	
3953.99976226557	52028	50794	
3955.99976468181	52032	50817	
3957.99976211827	52048	50841	
3959.99976453451	52012	50864	
3961.99976197097	52048	50887	
3963.9997643872	52060	50910	
3965.99976182366	52048	50933	
3967.9997642399	52048	50957	
3969.99976167636	52060	50980	
3971.9997640926	52032	51003	
3973.99976152906	52032	51026	
3975.99976394529	51900	51049	
3977.99976138176	52048	51073	
3979.99976379799	51644	51096	
3981.99976123445	52588	51119	
3983.99976365069	52192	51142	
3985.99976108715	52304	51166	
3987.99976350339	52608	51189	
3989.99976591962	52912	51212	
3991.99976335608	52768	51235	
3993.99976577232	53024	51258	
3995.99976320878	53404	51282	
3997.99976562502	53520	51305	
3999.99976306148	53708	51328	
4001.99976547772	53792	51351	
4003.99976291418	53932	51374	
4005.99976533041	54448	51398	
4007.99976276687	54092	51421	
4009.99976518311	54940	51444	
4011.9997576398	54464	51467	
4013.99976005603	55148	51490	
4015.99975749249	54976	51514	
4017.99975990873	55372	51537	
4019.99975734519	55728	51560	
4017.99975990873	55724	51522	
4015.99975749249	55488	51485	
4013.99976005603	55372	51447	
4011.9997576398	55276	51410	
4009.99976518311	55244	51372	
4007.99976276687	54780	51335	
4005.99976533041	54652	51298	
4003.99976291418	54556	51260	
4001.99976547772	54604	51223	
3999.99976306148	54144	51185	
3997.99976562502	53884	51148	
3995.99976320878	54108	51111	
3993.99976577232	54028	51073	
3991.99976335608	53500	51036	
3989.99976591962	53388	50999	
3987.99976350339	53472	50961	
3985.99976108715	52944	50924	
3983.99976365069	53040	50887	
3981.99976123445	52636	50849	
3979.99976379799	52992	50812	
3977.99976138176	52156	50775	
3975.99976394529	52316	50737	
3973.99976152906	52112	50700	
3971.9997640926	51788	50663	
3969.99976167636	51500	50626	
3967.9997642399	51568	50588	
3965.99976182366	51964	50551	
3963.9997643872	52028	50514	
3961.99976197097	52012	50477	
3959.99976453451	52048	50440	
3957.99976211827	52032	50403	
3955.99976468181	52048	50365	
3953.99976226557	52044	50328	
3951.99976482911	52076	50291	
3949.99976241287	52048	50254	
3947.99976497641	52032	50217	
3945.99976256018	52048	50180	
3943.99976512372	52044	50143	
3941.99976270748	52028	50106	
3939.99976527102	52048	50069	
3937.99976285478	52000	50032	
3935.99976541832	52028	49995	
3933.99976300208	52060	49957	
3931.99976556562	52060	49920	
3929.99976314939	52076	49883	
3927.99976571293	52060	49846	
3925.99976827646	52016	49809	
3923.99977084	52064	49773	
3921.99976842377	52064	49736	
3919.99976600753	52060	49699	
3917.99976857107	52044	49662	
3915.99976615483	52064	49625	
3913.99976871837	52044	49588	
3911.99976630214	52064	49551	
3909.99976886567	52044	49514	
3907.99976644944	52016	49477	
3905.99976901298	52044	49440	
3903.99976659674	52092	49403	
3901.99976916028	52080	49367	
3899.99976674404	52044	49330	
3897.99976930758	52032	49293	
3895.99976689135	52044	49256	
3893.99976945489	52048	49219	
3891.99976703865	52092	49182	
3889.99976960219	52016	49146	
3887.99976718595	52048	49109	
3885.99976974949	52080	49072	
3883.99976733325	52076	49035	
3881.99976989679	52032	48999	
3879.99976748056	52060	48962	
3877.9997700441	52032	48925	
3875.99976762786	52076	48888	
3873.9997701914	52044	48852	
3871.99976777516	52076	48815	
3869.9997703387	52048	48778	
3867.99976792246	52048	48742	
3865.999770486	52092	48705	
3863.99976806977	52064	48668	
3861.99977063331	52028	48632	
3859.99976821707	52012	48595	
3857.99977078061	52044	48558	
3855.99976836437	52060	48522	
3853.99977092791	52080	48485	
3851.99976851167	52044	48449	
3849.99976609544	52076	48412	
3847.99976865898	52092	48376	
3845.99976624274	52064	48339	
3843.99976880628	52028	48302	
3841.99977136982	52032	48266	
3839.99977393336	52048	48229	
3837.99977151712	52032	48193	
3835.99977408066	52028	48156	
3833.99977166442	52048	48120	
3831.99977422796	52080	48083	
3829.99977181173	52060	48047	
3827.99977437527	52060	48010	
3825.99977195903	52032	47974	
3823.99977452257	52064	47938	
3821.99977210633	52076	47901	
3819.99977466987	52064	47865	
3817.99977225363	52076	47828	
3815.99977481717	52016	47792	
3813.99977240094	52060	47755	
3811.99977496448	52060	47719	
3809.99977254824	52060	47683	
3807.99977511178	52048	47646	
3805.99977269554	52044	47610	
3803.99977525908	52048	47574	
3801.99977284284	52028	47537	
3799.99977540638	52076	47501	
3797.99977299015	52032	47465	
3795.99977555369	52044	47428	
3793.99977313745	52076	47392	
3791.99977570099	52076	47356	
3789.99977328475	52048	47320	
3787.99977584829	52076	47283	
3785.99977343205	52064	47247	
3783.99977101582	52060	47211	
3781.99977357936	52076	47175	
3779.99977116312	52048	47138	
3777.99977372666	52080	47102	
3775.99977131042	52064	47066	
3773.99977387396	52048	47030	
3771.99977145773	52092	46994	
3769.99977402126	52060	46957	
3767.99977160503	52076	46921	
3765.99977416857	52060	46885	
3763.99977175233	52048	46849	
3761.99977431587	52048	46813	
3759.99977189963	52032	46777	
3757.99977944295	52048	46741	
3755.99977702671	52092	46705	
3753.99977959025	52076	46668	
3751.99977717401	52092	46632	
3749.99977973755	52076	46596	
3747.99977732132	52060	46560	
3745.99977988486	52064	46524	
3743.99977746862	52076	46488	
3741.99978003216	52076	46452	
3739.99977761592	52076	46416	
3737.99978017946	52048	46380	
3735.99977776322	52048	46344	
3733.99978032676	52076	46308	
3731.99977791053	52096	46272	
3729.99978047407	52076	46236	
3727.99977805783	52048	46200	
3725.99978062137	52048	46164	
3723.99977820513	52016	46128	
3721.99978076867	52048	46092	
3719.99977835243	52064	46056	
3717.9997759362	52044	46020	
3715.99977849974	52060	45985	
3713.9997760835	52108	45949	
3711.99977864704	52080	45913	
3709.9997762308	52092	45877	
3707.99977879434	52060	45841	
3705.99977637811	52044	45805	
3703.99977894164	52012	45769	
3701.99977652541	52060	45733	
3699.99977908895	52032	45698	
3697.99977667271	52076	45662	
3695.99977923625	52092	45626	
3693.99977682001	52076	45590	
3691.99977938355	52080	45554	
3689.99977696732	52064	45519	
3687.99977953086	52044	45483	
3685.99977711462	52076	45447	
3683.99977967816	52064	45411	
3681.99977726192	52060	45376	
3679.99977982546	52080	45340	
3677.99977740922	52060	45304	
3675.99978495254	52048	45268	
3673.9997825363	52048	45233	
3671.99978509984	52060	45197	
3669.9997826836	52112	45161	
3667.99978524714	52048	45126	
3665.99978283091	52076	45090	
3663.99978539445	52044	45054	
3661.99978297821	52064	45019	
3659.99978554175	52060	44983	
3657.99978312551	52092	44947	
3655.99978568905	52076	44912	
3653.99978327281	52076	44876	
3651.99978583635	52060	44841	
3649.99978342012	52076	44805	
3647.99978100388	52060	44769	
3645.99978356742	52044	44734	
3643.99978115118	52048	44698	
3641.99978371472	52076	44663	
3639.99978129849	52060	44627	
3637.99978386202	52048	44592	
3635.99978144579	52092	44556	
3633.99978400933	52092	44521	
3631.99978159309	52092	44485	
3629.99978415663	52080	44450	
3627.99978174039	52092	44414	
3625.99978430393	52092	44379	
3623.9997818877	52048	44343	
3621.99978445124	52076	44308	
3619.999782035	52080	44272	
3617.99978459854	52092	44237	
3615.9997821823	52064	44201	
3613.99978474584	52048	44166	
3611.9997823296	52048	44130	
3609.99978489314	52076	44095	
3607.99978247691	52032	44060	
3605.99978504045	52060	44024	
3603.99978262421	52076	43989	
3601.99978518775	52064	43953	
3599.99978277151	52032	43918	
3597.99978533505	52064	43883	
3595.99978291881	52064	43847	
3593.99978548235	52048	43812	
3591.99978804589	52080	43777	
3589.99979060943	52076	43741	
3587.99978819319	52028	43706	
3585.99979075673	52060	43671	
3583.9997883405	52096	43635	
3581.99978592426	52076	43600	
3579.9997884878	52064	43565	
3577.99978607156	52060	43530	
3575.9997886351	52032	43494	
3573.99978621887	52092	43459	
3571.9997887824	52112	43424	
3569.99978636617	52060	43389	
3567.99978892971	52060	43353	
3565.99978651347	52076	43318	
3563.99978907701	52080	43283	
3561.99978666077	52064	43248	
3559.99978922431	52060	43213	
3557.99978680808	52064	43177	
3555.99978937162	52060	43142	
3553.99978695538	52028	43107	
3551.99978951892	52028	43072	
3549.99978710268	52044	43037	
3547.99978966622	52096	43002	
3545.99978724998	52108	42966	
3543.99978981352	52092	42931	
3541.99978739729	52080	42896	
3539.99978996083	52076	42861	
3537.99978754459	52060	42826	
3535.99979010813	52076	42791	
3533.99978769189	52060	42756	
3531.99979025543	52060	42721	
3529.99978783919	52096	42686	
3527.99979040273	52064	42651	
3525.9997879865	52048	42616	
3523.99979055004	52076	42581	
3521.9997881338	52092	42546	
3519.99979069734	52048	42511	
3517.9997882811	52064	42476	
3515.99979084464	52092	42441	
3513.9997884284	52048	42406	
3511.99978601217	52048	42371	
3509.99978857571	52112	42336	
3507.99979113925	52080	42301	
3505.99979370278	52092	42266	
3503.99979128655	52076	42231	
3501.99979385009	52060	42196	
3499.99979143385	52096	42161	
3497.99979399739	52060	42126	
3495.99979158115	52032	42091	
3493.99979414469	52092	42056	
3491.99979172846	52080	42021	
3489.99979429199	52080	41986	
3487.99979187576	52096	41951	
3485.9997944393	52080	41916	
3483.99979202306	52064	41882	
3481.9997945866	52060	41847	
3479.99979217036	52044	41812	
3477.9997947339	52076	41777	
3475.99979231767	52044	41742	
3473.99979488121	52080	41707	
3471.99979246497	52076	41673	
3469.99979502851	52076	41638	
3467.99979261227	52112	41603	
3465.99979517581	52092	41568	
3463.99979275957	52044	41533	
3461.99979532311	52048	41499	
3459.99979290688	52048	41464	
3457.99979547042	52076	41429	
3455.99979305418	52080	41394	
3453.99979561772	52064	41360	
3451.99979320148	52064	41325	
3449.99979576502	52060	41290	
3447.99979334878	52048	41255	
3445.99979093255	52064	41221	
3443.99979349609	52032	41186	
3441.99979107985	52076	41151	
3439.99979364339	52048	41117	
3437.99979122715	52016	41082	
3435.99979379069	52032	41047	
3433.99979137446	52080	41013	
3431.99979393799	52080	40978	
3429.99979152176	52064	40943	
3427.9997940853	52064	40909	
3425.99979166906	52044	40874	
3423.99979921237	52080	40839	
3421.99979679614	52064	40805	
3419.99979935968	52064	40770	
3417.99979694344	52076	40736	
3415.99979950698	52044	40701	
3413.99979709074	52060	40666	
3411.99979965428	52076	40632	
3409.99979723805	52048	40597	
3407.99979980159	52060	40563	
3405.99979738535	52044	40528	
3403.99979994889	52060	40494	
3401.99979753265	52076	40459	
3399.99980009619	52060	40425	
3397.99979767995	52048	40390	
3395.99980024349	52064	40356	
3393.99979782726	52080	40321	
3391.9998003908	52028	40287	
3389.99979797456	52060	40252	
3387.9998005381	52044	40218	
3385.99979812186	52060	40183	
3383.9998006854	52028	40149	
3381.99979826916	52064	40114	
3379.99979585293	52064	40080	
3377.99979841647	52064	40045	
3375.99979600023	52064	40011	
3373.99979856377	52080	39977	
3371.99979614753	52064	39942	
3369.99979871107	52048	39908	
3367.99979629484	52060	39873	
3365.99979885837	52060	39839	
3363.99979644214	52076	39805	
3361.99979900568	52060	39770	
3359.99979658944	52076	39736	
3357.99979915298	52048	39701	
3355.99979673674	52048	39667	
3353.99979930028	52076	39633	
3351.99979688405	52048	39598	
3349.99979944758	52060	39564	
3347.99979703135	52048	39530	
3345.99979959489	52092	39495	
3343.99979717865	52064	39461	
3341.99979974219	52076	39427	
3339.99980230573	52064	39393	
3337.99980486927	52080	39358	
3335.99980245303	52064	39324	
3333.99980501657	52060	39290	
3331.99980260033	52032	39255	
3329.99980516387	52064	39221	
3327.99980274764	52080	39187	
3325.99980531118	52076	39153	
3323.99980289494	52064	39118	
3321.99980545848	52060	39084	
3319.99980304224	52092	39050	
3317.99980560578	52076	39016	
3315.99980318954	52028	38982	
3313.99980575308	52044	38947	
3311.99980333685	52060	38913	
3309.99980092061	52032	38879	
3307.99980348415	52060	38845	
3305.99980106791	52060	38811	
3303.99980363145	52060	38777	
3301.99980121522	52048	38742	
3299.99980377875	52096	38708	
3297.99980136252	52076	38674	
3295.99980392606	52076	38640	
3293.99980150982	52028	38606	
3291.99980407336	52044	38572	
3289.99980165712	52064	38538	
3287.99980422066	52044	38504	
3285.99980180443	52096	38470	
3283.99980436796	52080	38435	
3281.99980195173	52064	38401	
3279.99980451527	52096	38367	
3277.99980209903	52048	38333	
3275.99980466257	52064	38299	
3273.99980224633	52048	38265	
3271.99980480987	52096	38231	
3269.99980239364	52076	38197	
3267.99980495718	52060	38163	
3265.99980254094	52044	38129	
3263.99980510448	52064	38095	
3261.99980268824	52044	38061	
3259.99980525178	52092	38027	
3257.99980781532	52064	37993	
3255.99981037886	52096	37959	
3253.99980796262	52064	37925	
3251.99981052616	52044	37891	
3249.99980810992	52076	37857	
3247.99981067346	52028	37823	
3245.99980825723	52048	37789	
3243.99980584099	52124	37755	
3241.99980840453	52064	37722	
3239.99980598829	52092	37688	
3237.99980855183	52032	37654	
3235.9998061356	52048	37620	
3233.99980869913	52032	37586	
3231.9998062829	52032	37552	
3229.99980884644	52080	37518	
3227.9998064302	52076	37484	
3225.99980899374	52064	37450	
3223.9998065775	52092	37417	
3221.99980914104	52076	37383	
3219.99980672481	52064	37349	
3217.99980928834	52048	37315	
3215.99980687211	52060	37281	
3213.99980943565	52048	37247	
3211.99980701941	52064	37214	
3209.99980958295	52044	37180	
3207.99980716671	52076	37146	
3205.99980973025	52080	37112	
3203.99980731402	52124	37078	
3201.99980987756	52032	37045	
3199.99980746132	52092	37011	
3197.99981002486	52080	36977	
3195.99980760862	52076	36943	
3193.99981017216	52092	36910	
3191.99980775592	52028	36876	
3189.99981031946	52064	36842	
3187.99980790323	52060	36808	
3185.99981046677	52064	36775	
3183.99980805053	52032	36741	
3181.99981061407	52060	36707	
3179.99980819783	52060	36674	
3177.99981076137	52080	36640	
3175.99980834513	52076	36606	
3173.99981090867	52096	36572	
3171.99981347221	52092	36539	
3169.99981105598	52092	36505	
3167.99981361951	52108	36471	
3165.99981120328	52060	36438	
3163.99981376682	52080	36404	
3161.99981135058	52076	36371	
3159.99981391412	52064	36337	
3157.99981149788	52060	36303	
3155.99981406142	52096	36270	
3153.99981164519	52060	36236	
3151.99981420872	52076	36202	
3149.99981179249	52096	36169	
3147.99981435603	52076	36135	
3145.99981193979	52080	36102	
3143.99981450333	52080	36068	
3141.99981208709	52092	36035	
3139.99981465063	52112	36001	
3137.9998122344	52060	35967	
3135.99981479794	52060	35934	
3133.9998123817	52044	35900	
3131.99981494524	52076	35867	
3129.999812529	52092	35833	
3127.99981509254	52044	35800	
3125.9998126763	52080	35766	
3123.99981523984	52096	35733	
3121.99981282361	52048	35699	
3119.99981538715	52076	35666	
3117.99981297091	52096	35632	
3115.99981553445	52076	35599	
3113.99981311821	52092	35565	
3111.99981568175	52108	35532	
3109.99981326551	52080	35498	
3107.99981084928	52064	35465	
3105.99981341282	52080	35432	
3103.99981099658	52080	35398	
3101.99981356012	52016	35365	
3099.99981114388	52076	35331	
3097.99981370742	52080	35298	
3095.99981129118	52048	35264	
3093.99981385472	52080	35231	
3091.99981143849	52076	35198	
3089.9998189818	52064	35164	
3087.99981656557	52096	35131	
3085.9998191291	52076	35097	
3083.99981671287	52076	35064	
3081.99981927641	52092	35031	
3079.99981686017	52060	34997	
3077.99981942371	52080	34964	
3075.99981700747	52092	34931	
3073.99981957101	52108	34897	
3071.99981715478	52096	34864	
3069.99981971831	52092	34831	
3067.99981730208	52140	34797	
3065.99981986562	52064	34764	
3063.99981744938	52080	34731	
3061.99982001292	52112	34697	
3059.99981759668	52060	34664	
3057.99982016022	52080	34631	
3055.99981774399	52064	34598	
3053.99982030753	52140	34564	
3051.99981789129	52096	34531	
3049.99982045483	52092	34498	
3047.99981803859	52096	34465	
3045.99982060213	52092	34431	
3043.99981818589	52108	34398	
3041.99981576966	52096	34365	
3039.9998183332	52080	34332	
3037.99981591696	52112	34298	
3035.9998184805	52076	34265	
3033.99981606426	52124	34232	
3031.9998186278	52080	34199	
3029.99981621156	52108	34166	
3027.9998187751	52080	34132	
3025.99981635887	52092	34099	
3023.99981892241	52128	34066	
3021.99981650617	52060	34033	
3019.99981906971	52092	34000	
3017.99981665347	52096	33967	
3015.99981921701	52112	33933	
3013.99981680078	52048	33900	
3011.99981936431	52080	33867	
3009.99981694808	52096	33834	
3007.99981951162	52080	33801	
3005.99982207516	52064	33768	
3003.99982463869	52092	33735	
3001.99982222246	52112	33702	
2999.999824786	52076	33669	
2997.99982236976	52092	33636	
2995.9998249333	52096	33603	
2993.99982251706	52076	33570	
2991.9998250806	52064	33537	
2989.99982266437	52092	33504	
2987.99982522791	52112	33471	
2985.99982281167	52080	33438	
2983.99982537521	52112	33406	
2981.99982295897	52092	33373	
2979.99982552251	52092	33340	
2977.99982310627	52076	33307	
2975.99982566981	52076	33275	
2973.99982325358	52048	33242	
2971.99982083734	52048	33209	
2969.99982340088	52092	33176	
2967.99982098464	52076	33144	
2965.99982354818	52060	33111	
2963.99982113194	52032	33079	
2961.99982369548	52076	33046	
2959.99982127925	52096	33013	
2957.99982384279	52096	32981	
2955.99982142655	52060	32948	
2953.99982399009	52080	32916	
2951.99982157385	52076	32883	
2949.99982413739	52060	32851	
2947.99982172116	52076	32819	
2945.99982428469	52064	32786	
2943.99982186846	52048	32754	
2941.999824432	52108	32721	
2939.99982201576	52096	32689	
2937.9998245793	52108	32657	
2935.99982216306	52080	32624	
2933.9998247266	52076	32592	
2931.99982231037	52076	32560	
2929.9998248739	52092	32528	
2927.99982245767	52108	32495	
2925.99982502121	52060	32463	
2923.99982758475	52092	32431	
2921.99983014829	52076	32399	
2919.99982773205	52080	32367	
2917.99983029559	52096	32335	
2915.99982787935	52064	32303	
2913.99983044289	52092	32271	
2911.99982802665	52064	32238	
2909.99983059019	52044	32206	
2907.99982817396	52060	32174	
2905.99982575772	52092	32142	
2903.99982832126	52108	32110	
2901.99982590502	52028	32079	
2899.99982846856	52124	32047	
2897.99982605232	52096	32015	
2895.99982861586	52060	31983	
2893.99982619963	52064	31951	
2891.99982876317	52044	31919	
2889.99982634693	52044	31887	
2887.99982891047	52080	31855	
2885.99982649423	52060	31824	
2883.99982905777	52064	31792	
2881.99982664154	52064	31760	
2879.99982920507	52048	31728	
2877.99982678884	52060	31697	
2875.99982935238	52096	31665	
2873.99982693614	52124	31633	
2871.99982949968	52108	31601	
2869.99982708344	52080	31570	
2867.99982964698	52092	31538	
2865.99982723075	52112	31507	
2863.99982979428	52096	31475	
2861.99982737805	52044	31443	
2859.99982994159	52108	31412	
2857.99982752535	52064	31380	
2855.99983008889	52064	31349	
2853.99982767265	52096	31317	
2851.99983023619	52060	31286	
2849.99982781996	52076	31254	
2847.99983038349	52076	31223	
2845.99982796726	52060	31191	
2843.9998305308	52076	31160	
2841.99982811456	52060	31129	
2839.99983565788	52048	31097	
2837.99983324164	52096	31066	
2835.9998308254	52060	31035	
2833.99983338894	52092	31003	
2831.9998309727	52076	30972	
2829.99983353624	52092	30941	
2827.99983112001	52092	30909	
2825.99983368355	52092	30878	
2823.99983126731	52140	30847	
2821.99983383085	52080	30816	
2819.99983141461	52064	30785	
2817.99983397815	52092	30753	
2815.99983156192	52092	30722	
2813.99983412545	52096	30691	
2811.99983170922	52112	30660	
2809.99983427276	52096	30629	
2807.99983185652	52096	30598	
2805.99983442006	52108	30567	
2803.99983200382	52096	30536	
2801.99983456736	52064	30504	
2799.99983215113	52060	30473	
2797.99983471466	52076	30442	
2795.99983229843	52080	30411	
2793.99983486197	52124	30380	
2791.99983244573	52076	30349	
2789.99983500927	52096	30319	
2787.99983259303	52092	30288	
2785.99983515657	52092	30257	
2783.99983274034	52092	30226	
2781.99983530388	52064	30195	
2779.99983288764	52048	30164	
2777.99983545118	52076	30133	
2775.99983303494	52080	30102	
2773.99983559848	52080	30072	
2771.99983318224	52092	30041	
2769.99983076601	52092	30010	
2767.99983332955	52108	29979	
2765.99983091331	52080	29948	
2763.99983347685	52076	29918	
2761.99983106061	52108	29887	
2759.99983362415	52080	29856	
2757.99983120791	52064	29826	
2755.99983875123	52108	29795	
2753.99983633499	52092	29764	
2751.99983889853	52092	29734	
2749.9998364823	52108	29703	
2747.99983904583	52096	29672	
2745.9998366296	52076	29642	
2743.99983919314	52096	29611	
2741.9998367769	52112	29581	
2739.99983934044	52112	29550	
2737.9998369242	52092	29520	
2735.99983948774	52108	29489	
2733.99983707151	52080	29459	
2731.99983963504	52108	29428	
2729.99983721881	52108	29398	
2727.99983978235	52092	29367	
2725.99983736611	52108	29337	
2723.99983992965	52112	29306	
2721.99983751341	52124	29276	
2719.99984007695	52112	29245	
2717.99983766072	52092	29215	
2715.99984022426	52096	29185	
2713.99983780802	52092	29154	
2711.99984037156	52112	29124	
2709.99983795532	52076	29094	
2707.99984051886	52128	29063	
2705.99983810262	52096	29033	
2703.99983568639	52092	29003	
2701.99983824993	52128	28972	
2699.99983583369	52064	28942	
2697.99983839723	52112	28912	
2695.99983598099	52144	28882	
2693.99983854453	52080	28852	
2691.99983612829	52096	28821	
2689.99983869183	52112	28791	
2687.9998362756	52128	28761	
2685.99983883914	52076	28731	
2683.9998364229	52112	28701	
2681.99983898644	52124	28671	
2679.9998365702	52080	28640	
2677.99983913374	52108	28610	
2675.9998367175	52064	28580	
2673.99983928104	52096	28550	
2671.99984184458	52060	28520	
2669.99984440812	52064	28490	
2667.99984199189	52064	28460	
2665.99984455542	52080	28430	
2663.99984213919	52060	28400	
2661.99984470273	52124	28370	
2659.99984228649	52124	28340	
2657.99984485003	52108	28310	
2655.99984243379	52092	28280	
2653.99984499733	52108	28250	
2651.9998425811	52080	28220	
2649.99984514463	52076	28191	
2647.9998427284	52092	28161	
2645.99984529194	52080	28131	
2643.9998428757	52076	28101	
2641.99984543924	52080	28071	
2639.999843023	52092	28041	
2637.99984558654	52112	28011	
2635.99984317031	52108	27982	
2633.99984075407	52092	27952	
2631.99984331761	52096	27922	
2629.99984090137	52076	27892	
2627.99984346491	52076	27862	
2625.99984104867	52076	27833	
2623.99984361221	52108	27803	
2621.99984119598	52080	27773	
2619.99984375952	52112	27744	
2617.99984134328	52080	27714	
2615.99984390682	52076	27684	
2613.99984149058	52076	27655	
2611.99984405412	52096	27625	
2609.99984163788	52108	27595	
2607.99984420142	52064	27566	
2605.99984178519	52080	27536	
2603.99984434873	52096	27506	
2601.99984193249	52092	27477	
2599.99984449603	52096	27447	
2597.99984207979	52076	27418	
2595.99984464333	52108	27388	
2593.9998422271	52124	27359	
2591.99984479063	52124	27329	
2589.9998423744	52080	27300	
2587.99984991771	52108	27270	
2585.99984750148	52080	27241	
2583.99985006501	52080	27211	
2581.99984764878	52096	27182	
2579.99985021232	52124	27152	
2577.99984779608	52080	27123	
2575.99985035962	52080	27093	
2573.99984794338	52076	27064	
2571.99985050692	52112	27034	
2569.99984809069	52128	27005	
2567.99984567445	52124	26976	
2565.99984823799	52096	26946	
2563.99984582175	52092	26917	
2561.99984838529	52124	26888	
2559.99984596905	52112	26858	
2557.99984853259	52092	26829	
2555.99984611636	52092	26800	
2553.9998486799	52092	26770	
2551.99984626366	52064	26741	
2549.9998488272	52060	26712	
2547.99984641096	52096	26683	
2545.9998489745	52096	26653	
2543.99984655826	52096	26624	
2541.9998491218	52108	26595	
2539.99984670557	52128	26566	
2537.99984926911	52096	26536	
2535.99984685287	52112	26507	
2533.99984941641	52108	26478	
2531.99984700017	52108	26449	
2529.99984956371	52092	26420	
2527.99984714748	52092	26391	
2525.99984971101	52112	26361	
2523.99984729478	52112	26332	
2521.99984985832	52076	26303	
2519.99984744208	52108	26274	
2517.99985000562	52112	26245	
2515.99984758938	52092	26216	
2513.99985015292	52128	26187	
2511.99984773669	52096	26158	
2509.99985030022	52112	26129	
2507.99984788399	52092	26100	
2505.9998554273	52096	26071	
2503.99985301107	52096	26042	
2501.99985557461	52112	26013	
2499.99985315837	52096	25984	
2497.99985074213	52112	25955	
2495.99985330567	52060	25926	
2493.99985088943	52108	25897	
2491.99985345297	52092	25868	
2489.99985103674	52144	25839	
2487.99985360028	52128	25810	
2485.99985118404	52128	25781	
2483.99985374758	52124	25752	
2481.99985133134	52096	25723	
2479.99985389488	52092	25695	
2477.99985147864	52108	25666	
2475.99985404218	52124	25637	
2473.99985162595	52096	25608	
2471.99985418949	52124	25579	
2469.99985177325	52124	25550	
2467.99985433679	52128	25522	
2465.99985192055	52108	25493	
2463.99985448409	52112	25464	
2461.99985206786	52124	25435	
2459.99985463139	52080	25406	
2457.99985221516	52092	25378	
2455.9998547787	52124	25349	
2453.99985236246	52080	25320	
2451.999854926	52096	25291	
2449.99985250976	52108	25263	
2447.9998550733	52092	25234	
2445.99985265707	52096	25205	
2443.9998552206	52112	25177	
2441.99985280437	52128	25148	
2439.99985536791	52112	25119	
2437.99985295167	52092	25091	
2435.99985551521	52112	25062	
2433.99985309897	52124	25033	
2431.99985068274	52144	25005	
2429.99985324628	52108	24976	
2427.99985083004	52128	24948	
2425.99985339358	52080	24919	
2423.99985097734	52092	24890	
2421.99985852066	52096	24862	
2419.99985610442	52080	24833	
2417.99985866796	52096	24805	
2415.99985625172	52092	24776	
2413.99985881526	52064	24748	
2411.99985639902	52124	24719	
2409.99985896256	52092	24691	
2407.99985654633	52124	24662	
2405.99985910987	52096	24634	
2403.99985669363	52124	24605	
2401.99985925717	52080	24577	
2399.99985684093	52096	24548	
2397.99985940447	52128	24520	
2395.99985698824	52112	24491	
2393.99985955177	52048	24463	
2391.99985713554	52108	24434	
2389.99985969908	52076	24406	
2387.99985728284	52092	24378	
2385.99985984638	52108	24349	
2383.99985743014	52092	24321	
2381.99985999368	52076	24292	
2379.99985757745	52092	24264	
2377.99986014098	52096	24236	
2375.99985772475	52080	24207	
2373.99986028829	52124	24179	
2371.99985787205	52080	24151	
2369.99986043559	52112	24122	
2367.99985801935	52080	24094	
2365.99985560312	52076	24066	
2363.99985816666	52108	24037	
2361.99985575042	52108	24009	
2359.99985831396	52108	23981	
2357.99985589772	52112	23953	
2355.99985846126	52128	23924	
2353.99985604502	52076	23896	
2351.99985860856	52096	23868	
2349.99985619233	52092	23840	
2347.99985875587	52096	23812	
2345.99985633963	52080	23783	
2343.99985890317	52092	23755	
2341.99985648693	52128	23727	
2339.99985905047	52060	23699	
2337.99986161401	52124	23671	
2335.99986417755	52108	23642	
2333.99986176131	52108	23614	
2331.99986432485	52076	23586	
2329.99986190862	52044	23558	
2327.99986447215	52124	23530	
2325.99986205592	52112	23502	
2323.99986461946	52108	23474	
2321.99986220322	52112	23446	
2319.99986476676	52124	23417	
2317.99986235052	52092	23389	
2315.99986491406	52076	23361	
2313.99986249783	52080	23333	
2311.99986506136	52124	23305	
2309.99986264513	52112	23277	
2307.99986520867	52108	23249	
2305.99986279243	52064	23221	
2303.99986535597	52124	23193	
2301.99986293973	52128	23165	
2299.99986550327	52096	23137	
2297.99986308704	52140	23109	
2295.9998606708	52108	23081	
2293.99986323434	52112	23053	
2291.9998608181	52140	23025	
2289.99986338164	52112	22997	
2287.9998609654	52096	22969	
2285.99986352894	52092	22941	
2283.99986111271	52080	22913	
2281.99986367625	52092	22886	
2279.99986126001	52108	22858	
2277.99986382355	52112	22830	
2275.99986140731	52112	22802	
2273.99986397085	52112	22774	
2271.99986155461	52096	22746	
2269.99986411815	52096	22718	
2267.99986170192	52096	22690	
2265.99986426546	52124	22663	
2263.99986184922	52096	22635	
2261.99986441276	52080	22607	
2259.99986199652	52108	22579	
2257.99986456006	52112	22551	
2255.99986214382	52048	22523	
2253.99986968714	52112	22496	
2251.9998672709	52156	22468	
2249.99986983444	52108	22440	
2247.99986741821	52080	22412	
2245.99986998174	52108	22384	
2243.99986756551	52112	22357	
2241.99987012905	52144	22329	
2239.99986771281	52156	22301	
2237.99987027635	52140	22273	
2235.99986786011	52108	22246	
2233.99987042365	52096	22218	
2231.99986800742	52108	22190	
2229.99986559118	52092	22163	
2227.99986815472	52076	22135	
2225.99986573848	52112	22107	
2223.99986830202	52124	22080	
2221.99986588578	52156	22052	
2219.99986844932	52092	22024	
2217.99986603309	52060	21997	
2215.99986859663	52080	21969	
2213.99986618039	52124	21941	
2211.99986874393	52112	21914	
2209.99986632769	52096	21886	
2207.99986889123	52140	21858	
2205.99986647499	52140	21831	
2203.99986903853	52144	21803	
2201.9998666223	52112	21776	
2199.99986918584	52108	21748	
2197.9998667696	52112	21721	
2195.99986933314	52108	21693	
2193.9998669169	52092	21665	
2191.99986948044	52096	21638	
2189.9998670642	52096	21610	
2187.99986962774	52092	21583	
2185.99986721151	52076	21555	
2183.99986977505	52092	21528	
2181.99986735881	52096	21500	
2179.99986992235	52124	21473	
2177.99986750611	52064	21445	
2175.99987006965	52108	21418	
2173.99986765342	52064	21390	
2171.99987519673	52108	21363	
2169.99987278049	52108	21335	
2167.99987534403	52092	21308	
2165.9998729278	52144	21280	
2163.99987549133	52124	21253	
2161.9998730751	52140	21226	
2159.99987065886	52108	21198	
2157.9998732224	52112	21171	
2155.99987080616	52076	21143	
2153.9998733697	52108	21116	
2151.99987095347	52108	21088	
2149.99987351701	52076	21061	
2147.99987110077	52092	21034	
2145.99987366431	52092	21006	
2143.99987124807	52092	20979	
2141.99987381161	52076	20952	
2139.99987139537	52128	20924	
2137.99987395891	52112	20897	
2135.99987154268	52108	20870	
2133.99987410622	52112	20842	
2131.99987168998	52096	20815	
2129.99987425352	52080	20788	
2127.99987183728	52144	20760	
2125.99987440082	52124	20733	
2123.99987198458	52128	20706	
2121.99987454812	52108	20678	
2119.99987213189	52108	20651	
2117.99987469543	52080	20624	
2115.99987227919	52140	20597	
2113.99987484273	52112	20569	
2111.99987242649	52124	20542	
2109.99987499003	52108	20515	
2107.9998725738	52124	20488	
2105.99987513733	52112	20460	
2103.9998727211	52096	20433	
2101.99987528464	52124	20406	
2099.9998728684	52144	20379	
2097.99987543194	52108	20352	
2095.9998730157	52108	20324	
2093.99987059947	52092	20297	
2091.99987316301	52112	20270	
2089.99987074677	52112	20243	
2087.99987829008	52144	20216	
2085.99987587385	52096	20189	
2083.99987843739	52080	20161	
2081.99987602115	52144	20134	
2079.99987858469	52112	20107	
2077.99987616845	52108	20080	
2075.99987873199	52124	20053	
2073.99987631575	52080	20026	
2071.99987887929	52144	19999	
2069.99987646306	52128	19972	
2067.9998790266	52144	19944	
2065.99987661036	52108	19917	
2063.9998791739	52108	19890	
2061.99987675766	52096	19863	
2059.9998793212	52108	19836	
2057.99987690496	52076	19809	
2055.9998794685	52096	19782	
2053.99987705227	52092	19755	
2051.99987961581	52108	19728	
2049.99987719957	52108	19701	
2047.99987976311	52096	19674	
2045.99987734687	52092	19647	
2043.99987991041	52076	19620	
2041.99987749418	52108	19593	
2039.99988005771	52060	19566	
2037.99987764148	52108	19539	
2035.99988020502	52108	19512	
2033.99987778878	52140	19485	
2031.99988035232	52112	19458	
2029.99987793608	52096	19431	
2027.99987551985	52124	19404	
2025.99987808339	52096	19377	
2023.99987566715	52080	19350	
2021.99987823069	52080	19323	
2019.99987581445	52080	19296	
2017.99987837799	52112	19269	
2015.99987596175	52112	19242	
2013.99987852529	52140	19215	
2011.99987610906	52080	19189	
2009.9998786726	52092	19162	
2007.99987625636	52096	19135	
2005.9998788199	52144	19108	
2003.99988138344	52112	19081	
2001.99988394698	52108	19054	
1999.99988153074	52128	19027	
1997.99988409428	52108	19000	
1995.99988167804	52124	18974	
1993.99988424158	52076	18947	
1991.99988182535	52080	18920	
1989.99988438888	52128	18893	
1987.99988197265	52112	18866	
1985.99988453619	52112	18839	
1983.99988211995	52108	18813	
1981.99988468349	52108	18786	
1979.99988226725	52092	18759	
1977.99988483079	52096	18732	
1975.99988241456	52112	18705	
