Graphite%SampleName
Probe8%ProbeName
20000%MaxDepth
1%step_size_nm
40%StiffnessPRC_nN_per_nm
76.9866%PRC_ADCValue_per_nm
1500%TriggerForce_nN
5000%LoopDelay_uS
2048%NumberOfSamplingPoints
%
%
%
%
%
%
%
%
%
%
%
8500.0000005%XL
6500.0000005%YL

2837.99983324164	52124	37680	
2838.99983195987	52128	37692	
2839.99983565788	52144	37704	
2840.99982939633	52124	37716	
2841.99982811456	52124	37727	
2842.99982683279	52140	37739	
2843.9998305308	52124	37751	
2844.99982924903	52124	37763	
2845.99982796726	52140	37775	
2846.99982668549	52128	37787	
2847.99983038349	52112	37799	
2848.99982910173	52112	37811	
2849.99982781996	52112	37823	
2850.99982653819	52144	37835	
2851.99983023619	52144	37847	
2852.99982895442	52144	37859	
2853.99982767265	52156	37871	
2854.99982639088	52108	37882	
2855.99983008889	52128	37894	
2856.99982880712	52112	37906	
2857.99982752535	52124	37918	
2858.99982624358	52128	37930	
2859.99982994159	52108	37942	
2860.99982865982	52112	37954	
2861.99982737805	52128	37966	
2862.99982609628	52128	37978	
2863.99982979428	52096	37990	
2864.99982851251	52112	38002	
2865.99982723075	52112	38014	
2866.99982594898	52144	38026	
2867.99982964698	52124	38037	
2868.99982836521	52128	38049	
2869.99982708344	52140	38061	
2870.99982580167	52112	38073	
2871.99982949968	52140	38085	
2872.99982821791	52144	38097	
2873.99982693614	52156	38109	
2874.99983063415	52128	38121	
2875.99982935238	52140	38133	
2876.99982807061	52144	38145	
2877.99982678884	52112	38157	
2878.99983048684	52128	38168	
2879.99982920507	52112	38180	
2880.9998279233	52112	38192	
2881.99982664154	52128	38204	
2882.99983033954	52080	38216	
2883.99982905777	52128	38228	
2884.999827776	52140	38240	
2885.99982649423	52128	38252	
2886.99983019224	52108	38264	
2887.99982891047	52124	38276	
2888.9998276287	52112	38288	
2889.99982634693	52112	38299	
2890.99983004494	52140	38311	
2891.99982876317	52124	38323	
2892.9998274814	52128	38335	
2893.99982619963	52096	38347	
2894.99982989763	52140	38359	
2895.99982861586	52128	38371	
2896.99982733409	52108	38383	
2897.99982605232	52096	38395	
2898.99982975033	52128	38407	
2899.99982846856	52176	38419	
2900.99982718679	52128	38430	
2901.99982590502	52128	38442	
2902.99982960303	52140	38454	
2903.99982832126	52128	38466	
2904.99982703949	52140	38478	
2905.99982575772	52124	38490	
2906.99982945573	52080	38502	
2907.99982817396	52124	38514	
2908.99982689219	52128	38526	
2909.99983059019	52140	38538	
2910.99982930842	52156	38549	
2911.99982802665	52124	38561	
2912.99982674488	52124	38573	
2913.99983044289	52124	38585	
2914.99982916112	52108	38597	
2915.99982787935	52108	38609	
2916.99982659758	52156	38621	
2917.99983029559	52140	38633	
2918.99982901382	52128	38645	
2919.99982773205	52128	38657	
2920.99982645028	52096	38668	
2921.99983014829	52108	38680	
2922.99982886652	52140	38692	
2923.99982758475	52124	38704	
2924.9998213232	52124	38716	
2925.99982502121	52124	38728	
2926.99982373944	52140	38740	
2927.99982245767	52124	38752	
2928.9998211759	52112	38764	
2929.9998248739	52080	38775	
2930.99982359213	52096	38787	
2931.99982231037	52080	38799	
2932.9998210286	52108	38811	
2933.9998247266	52112	38823	
2934.99982344483	52124	38835	
2935.99982216306	52112	38847	
2936.99982088129	52064	38859	
2937.9998245793	52128	38871	
2938.99982329753	52108	38883	
2939.99982201576	52112	38894	
2940.99982073399	52128	38906	
2941.999824432	52112	38918	
2942.99982315023	52096	38930	
2943.99982186846	52108	38942	
2944.99982556646	52128	38954	
2945.99982428469	52080	38966	
2946.99982300292	52124	38978	
2947.99982172116	52108	38990	
2948.99982541916	52140	39001	
2949.99982413739	52124	39013	
2950.99982285562	52128	39025	
2951.99982157385	52112	39037	
2952.99982527186	52156	39049	
2953.99982399009	52112	39061	
2954.99982270832	52112	39073	
2955.99982142655	52124	39085	
2956.99982512456	52144	39096	
2957.99982384279	52092	39108	
2958.99982256102	52140	39120	
2959.99982127925	52156	39132	
2960.99982497725	52112	39144	
2961.99982369548	52124	39156	
2962.99982241371	52140	39168	
2963.99982113194	52140	39180	
2964.99982482995	52112	39192	
2965.99982354818	52096	39203	
2966.99982226641	52128	39215	
2967.99982098464	52128	39227	
2968.99982468265	52124	39239	
2969.99982340088	52112	39251	
2970.99982211911	52124	39263	
2971.99982083734	52156	39275	
2972.99982453535	52112	39287	
2973.99982325358	52124	39298	
2974.99982197181	52128	39310	
2975.99982566981	52156	39322	
2976.99982438804	52156	39334	
2977.99982310627	52140	39346	
2978.9998218245	52128	39358	
2979.99982552251	52108	39370	
2980.99982424074	52128	39382	
2981.99982295897	52160	39393	
2982.9998216772	52108	39405	
2983.99982537521	52124	39417	
2984.99982409344	52128	39429	
2985.99982281167	52140	39441	
2986.9998215299	52124	39453	
2987.99982522791	52160	39465	
2988.99982394614	52108	39477	
2989.99982266437	52156	39488	
2990.9998213826	52096	39500	
2991.9998250806	52124	39512	
2992.99982379883	52144	39524	
2993.99982251706	52096	39536	
2994.99982123529	52160	39548	
2995.9998249333	52092	39560	
2996.99982365153	52112	39571	
2997.99982236976	52108	39583	
2998.99982108799	52128	39595	
2999.999824786	52096	39607	
3000.99982350423	52108	39619	
3001.99982222246	52112	39631	
3002.99982094069	52124	39643	
3003.99982463869	52096	39655	
3004.99982335693	52112	39666	
3005.99982207516	52144	39678	
3006.99982079339	52160	39690	
3007.99981951162	52108	39702	
3008.99981822985	52124	39714	
3009.99981694808	52112	39726	
3010.99982064608	52124	39738	
3011.99981936431	52124	39749	
3012.99981808254	52128	39761	
3013.99981680078	52112	39773	
3014.99982049878	52128	39785	
3015.99981921701	52112	39797	
3016.99981793524	52128	39809	
3017.99981665347	52112	39821	
3018.99982035148	52124	39832	
3019.99981906971	52156	39844	
3020.99981778794	52144	39856	
3021.99981650617	52112	39868	
3022.99982020418	52112	39880	
3023.99981892241	52172	39892	
3024.99981764064	52140	39904	
3025.99981635887	52124	39915	
3026.99982005687	52128	39927	
3027.9998187751	52092	39939	
3028.99981749333	52144	39951	
3029.99981621156	52112	39963	
3030.99981990957	52112	39975	
3031.9998186278	52124	39987	
3032.99981734603	52128	39998	
3033.99981606426	52144	40010	
3034.99981976227	52108	40022	
3035.9998184805	52144	40034	
3036.99981719873	52144	40046	
3037.99981591696	52124	40058	
3038.99981961497	52144	40070	
3039.9998183332	52092	40081	
3040.99981705143	52124	40093	
3041.99981576966	52156	40105	
3042.99981946766	52124	40117	
3043.99981818589	52112	40129	
3044.99981690412	52140	40141	
3045.99982060213	52128	40153	
3046.99981932036	52156	40164	
3047.99981803859	52112	40176	
3048.99981675682	52124	40188	
3049.99982045483	52108	40200	
3050.99981917306	52128	40212	
3051.99981789129	52128	40224	
3052.99981660952	52112	40236	
3053.99982030753	52140	40247	
3054.99981902576	52112	40259	
3055.99981774399	52108	40271	
3056.99981646222	52140	40283	
3057.99982016022	52080	40295	
3058.99981887845	52140	40307	
3059.99981759668	52112	40318	
3060.99981631491	52140	40330	
3061.99982001292	52144	40342	
3062.99981873115	52144	40354	
3063.99981744938	52112	40366	
3064.99981616761	52092	40378	
3065.99981986562	52108	40390	
3066.99981858385	52112	40401	
3067.99981730208	52156	40413	
3068.99981602031	52140	40425	
3069.99981971831	52144	40437	
3070.99981843655	52144	40449	
3071.99981715478	52172	40461	
3072.99981587301	52156	40472	
3073.99981957101	52112	40484	
3074.99981828924	52128	40496	
3075.99981700747	52096	40508	
3076.99982070548	52112	40520	
3077.99981942371	52124	40532	
3078.99981814194	52124	40543	
3079.99981686017	52108	40555	
3080.99982055818	52144	40567	
3081.99981927641	52144	40579	
3082.99981799464	52128	40591	
3083.99981671287	52124	40603	
3084.99982041087	52140	40615	
3085.9998191291	52112	40626	
3086.99981784734	52124	40638	
3087.99981656557	52144	40650	
3088.99982026357	52112	40662	
3089.9998189818	52112	40674	
3090.99981770003	52140	40686	
3091.99981143849	52108	40697	
3092.99981513649	52124	40709	
3093.99981385472	52124	40721	
3094.99981257295	52096	40733	
3095.99981129118	52112	40745	
3096.99981498919	52128	40757	
3097.99981370742	52140	40768	
3098.99981242565	52124	40780	
3099.99981114388	52128	40792	
3100.99981484189	52124	40804	
3101.99981356012	52108	40816	
3102.99981227835	52124	40828	
3103.99981099658	52096	40839	
3104.99981469459	52096	40851	
3105.99981341282	52140	40863	
3106.99981213105	52112	40875	
3107.99981084928	52124	40887	
3108.99981454728	52112	40899	
3109.99981326551	52108	40910	
3110.99981198374	52124	40922	
3111.99981568175	52092	40934	
3112.99981439998	52144	40946	
3113.99981311821	52160	40958	
3114.99981183644	52140	40969	
3115.99981553445	52112	40981	
3116.99981425268	52080	40993	
3117.99981297091	52128	41005	
3118.99981168914	52124	41017	
3119.99981538715	52092	41029	
3120.99981410538	52128	41040	
3121.99981282361	52096	41052	
3122.99981154184	52092	41064	
3123.99981523984	52124	41076	
3124.99981395807	52096	41088	
3125.9998126763	52108	41100	
3126.99981139453	52108	41111	
3127.99981509254	52140	41123	
3128.99981381077	52108	41135	
3129.999812529	52096	41147	
3130.99981124723	52128	41159	
3131.99981494524	52124	41170	
3132.99981366347	52140	41182	
3133.9998123817	52156	41194	
3134.99981109993	52144	41206	
3135.99981479794	52092	41218	
3136.99981351617	52124	41230	
3137.9998122344	52128	41241	
3138.99981095263	52112	41253	
3139.99981465063	52124	41265	
3140.99981336886	52096	41277	
3141.99981208709	52096	41289	
3142.99981080532	52108	41301	
3143.99981450333	52156	41312	
3144.99981322156	52124	41324	
3145.99981193979	52096	41336	
3146.9998156378	52128	41348	
3147.99981435603	52160	41360	
3148.99981307426	52140	41371	
3149.99981179249	52144	41383	
3150.99981549049	52128	41395	
3151.99981420872	52108	41407	
3152.99981292696	52140	41419	
3153.99981164519	52128	41430	
3154.99981534319	52128	41442	
3155.99981406142	52144	41454	
3156.99981277965	52124	41466	
3157.99981149788	52128	41478	
3158.99981519589	52160	41490	
3159.99981391412	52092	41501	
3160.99981263235	52112	41513	
3161.99981135058	52128	41525	
3162.99981504859	52096	41537	
3163.99981376682	52144	41549	
3164.99981248505	52140	41560	
3165.99981120328	52108	41572	
3166.99981490128	52140	41584	
3167.99981361951	52112	41596	
3168.99981233775	52096	41608	
3169.99981105598	52140	41619	
3170.99981475398	52124	41631	
3171.99981347221	52112	41643	
3172.99981219044	52144	41655	
3173.99981090867	52128	41667	
3174.9998096269	52112	41679	
3175.99980834513	52144	41690	
3176.99980706336	52124	41702	
3177.99981076137	52128	41714	
3178.9998094796	52112	41726	
3179.99980819783	52112	41738	
3180.99980691606	52096	41749	
3181.99981061407	52096	41761	
3182.9998093323	52128	41773	
3183.99980805053	52140	41785	
3184.99980676876	52108	41797	
3185.99981046677	52124	41808	
3186.999809185	52124	41820	
3187.99980790323	52124	41832	
3188.99980662146	52108	41844	
3189.99981031946	52112	41856	
3190.99980903769	52112	41867	
3191.99980775592	52092	41879	
3192.99980647415	52144	41891	
3193.99981017216	52112	41903	
3194.99980889039	52140	41915	
3195.99980760862	52144	41926	
3196.99980632685	52112	41938	
3197.99981002486	52112	41950	
3198.99980874309	52140	41962	
3199.99980746132	52124	41974	
3200.99980617955	52108	41985	
3201.99980987756	52080	41997	
3202.99980859579	52112	42009	
3203.99980731402	52108	42021	
3204.99980603225	52124	42033	
3205.99980973025	52108	42044	
3206.99980844848	52124	42056	
3207.99980716671	52128	42068	
3208.99980588494	52124	42080	
3209.99980958295	52092	42092	
3210.99980830118	52096	42103	
3211.99980701941	52092	42115	
3212.99981071742	52156	42127	
3213.99980943565	52064	42139	
3214.99980815388	52144	42151	
3215.99980687211	52080	42162	
3216.99981057011	52124	42174	
3217.99980928834	52108	42186	
3218.99980800658	52096	42198	
3219.99980672481	52128	42210	
3220.99981042281	52128	42221	
3221.99980914104	52112	42233	
3222.99980785927	52092	42245	
3223.9998065775	52156	42257	
3224.99981027551	52128	42269	
3225.99980899374	52108	42280	
3226.99980771197	52124	42292	
3227.9998064302	52092	42304	
3228.99981012821	52108	42316	
3229.99980884644	52128	42327	
3230.99980756467	52092	42339	
3231.9998062829	52108	42351	
3232.9998099809	52108	42363	
3233.99980869913	52124	42375	
3234.99980741737	52124	42386	
3235.9998061356	52076	42398	
3236.9998098336	52140	42410	
3237.99980855183	52096	42422	
3238.99980727006	52124	42434	
3239.99980598829	52144	42445	
3240.9998096863	52096	42457	
3241.99980840453	52124	42469	
3242.99980712276	52128	42481	
3243.99980584099	52112	42493	
3244.999809539	52108	42504	
3245.99980825723	52112	42516	
3246.99980697546	52108	42528	
3247.99981067346	52124	42540	
3248.99980939169	52092	42551	
3249.99980810992	52064	42563	
3250.99980682815	52112	42575	
3251.99981052616	52124	42587	
3252.99980924439	52112	42599	
3253.99980796262	52096	42610	
3254.99980668085	52096	42622	
3255.99981037886	52108	42634	
3256.99980909709	52128	42646	
3257.99980781532	52108	42658	
3258.99980155377	52112	42669	
3259.99980525178	52076	42681	
3260.99980397001	52096	42693	
3261.99980268824	52112	42705	
3262.99980140647	52108	42716	
3263.99980510448	52108	42728	
3264.99980382271	52108	42740	
3265.99980254094	52112	42752	
3266.99980125917	52096	42764	
3267.99980495718	52108	42775	
3268.99980367541	52124	42787	
3269.99980239364	52144	42799	
3270.99980111187	52140	42811	
3271.99980480987	52092	42822	
3272.9998035281	52108	42834	
3273.99980224633	52108	42846	
3274.99980096456	52128	42858	
3275.99980466257	52096	42870	
3276.9998033808	52140	42881	
3277.99980209903	52096	42893	
3278.99980081726	52124	42905	
3279.99980451527	52124	42917	
3280.9998032335	52108	42928	
3281.99980195173	52096	42940	
3282.99980564973	52128	42952	
3283.99980436796	52124	42964	
3284.99980308619	52080	42976	
3285.99980180443	52076	42987	
3286.99980550243	52092	42999	
3287.99980422066	52096	43011	
3288.99980293889	52092	43023	
3289.99980165712	52108	43034	
3290.99980535513	52128	43046	
3291.99980407336	52112	43058	
3292.99980279159	52112	43070	
3293.99980150982	52096	43081	
3294.99980520783	52112	43093	
3295.99980392606	52128	43105	
3296.99980264429	52144	43117	
3297.99980136252	52124	43129	
3298.99980506052	52128	43140	
3299.99980377875	52124	43152	
3300.99980249698	52080	43164	
3301.99980121522	52112	43176	
3302.99980491322	52112	43187	
3303.99980363145	52144	43199	
3304.99980234968	52108	43211	
3305.99980106791	52112	43223	
3306.99980476592	52108	43234	
3307.99980348415	52108	43246	
3308.99980220238	52140	43258	
3309.99980092061	52156	43270	
3310.99980461862	52108	43282	
3311.99980333685	52140	43293	
3312.99980205508	52092	43305	
3313.99980575308	52096	43317	
3314.99980447131	52124	43329	
3315.99980318954	52108	43340	
3316.99980190777	52092	43352	
3317.99980560578	52108	43364	
3318.99980432401	52112	43376	
3319.99980304224	52140	43387	
3320.99980176047	52108	43399	
3321.99980545848	52128	43411	
3322.99980417671	52076	43423	
3323.99980289494	52108	43434	
3324.99980161317	52096	43446	
3325.99980531118	52080	43458	
3326.99980402941	52128	43470	
3327.99980274764	52080	43482	
3328.99980146587	52108	43493	
3329.99980516387	52140	43505	
3330.9998038821	52092	43517	
3331.99980260033	52080	43529	
3332.99980131856	52096	43540	
3333.99980501657	52048	43552	
3334.9998037348	52092	43564	
3335.99980245303	52096	43576	
3336.99980117126	52092	43587	
3337.99980486927	52064	43599	
3338.9998035875	52108	43611	
3339.99980230573	52076	43623	
3340.99980102396	52096	43634	
3341.99979974219	52108	43646	
3342.99979846042	52076	43658	
3343.99979717865	52108	43670	
3344.99979589688	52092	43681	
3345.99979959489	52096	43693	
3346.99979831312	52096	43705	
3347.99979703135	52112	43717	
3348.99980072935	52096	43728	
3349.99979944758	52108	43740	
3350.99979816581	52124	43752	
3351.99979688405	52112	43764	
3352.99980058205	52080	43775	
3353.99979930028	52108	43787	
3354.99979801851	52096	43799	
3355.99979673674	52096	43811	
3356.99980043475	52108	43822	
3357.99979915298	52096	43834	
3358.99979787121	52096	43846	
3359.99979658944	52076	43858	
3360.99980028745	52112	43869	
3361.99979900568	52096	43881	
3362.99979772391	52076	43893	
3363.99979644214	52092	43905	
3364.99980014014	52124	43916	
3365.99979885837	52124	43928	
3366.9997975766	52108	43940	
3367.99979629484	52096	43952	
3368.99979999284	52076	43963	
3369.99979871107	52092	43975	
3370.9997974293	52096	43987	
3371.99979614753	52124	43999	
3372.99979984554	52092	44010	
3373.99979856377	52112	44022	
3374.999797282	52080	44034	
3375.99979600023	52080	44046	
3376.99979969824	52096	44057	
3377.99979841647	52112	44069	
3378.9997971347	52108	44081	
3379.99979585293	52096	44093	
3380.99979955093	52064	44104	
3381.99979826916	52108	44116	
3382.99979698739	52112	44128	
3383.9998006854	52112	44140	
3384.99979940363	52108	44151	
3385.99979812186	52080	44163	
3386.99979684009	52096	44175	
3387.9998005381	52096	44187	
3388.99979925633	52124	44198	
3389.99979797456	52092	44210	
3390.99979669279	52112	44222	
3391.9998003908	52108	44234	
3392.99979910903	52076	44245	
3393.99979782726	52112	44257	
3394.99979654549	52124	44269	
3395.99980024349	52096	44281	
3396.99979896172	52112	44292	
3397.99979767995	52112	44304	
3398.99979639818	52124	44316	
3399.99980009619	52080	44328	
3400.99979881442	52108	44339	
3401.99979753265	52096	44351	
3402.99979625088	52092	44363	
3403.99979994889	52092	44375	
3404.99979866712	52112	44386	
3405.99979738535	52080	44398	
3406.99979610358	52092	44410	
3407.99979980159	52096	44421	
3408.99979851982	52112	44433	
3409.99979723805	52080	44445	
3410.99979595628	52080	44457	
3411.99979965428	52108	44468	
3412.99979837251	52124	44480	
3413.99979709074	52076	44492	
3414.99980078875	52080	44504	
3415.99979950698	52112	44515	
3416.99979822521	52124	44527	
3417.99979694344	52108	44539	
3418.99980064145	52092	44551	
3419.99979935968	52092	44562	
3420.99979807791	52080	44574	
3421.99979679614	52112	44586	
3422.99980049414	52112	44598	
3423.99979921237	52112	44609	
3424.99979793061	52140	44621	
3425.99979166906	52064	44633	
3426.99979536707	52064	44644	
3427.9997940853	52108	44656	
3428.99979280353	52096	44668	
3429.99979152176	52140	44680	
3430.99979521976	52108	44691	
3431.99979393799	52092	44703	
3432.99979265622	52076	44715	
3433.99979137446	52140	44727	
3434.99979507246	52108	44738	
3435.99979379069	52096	44750	
3436.99979250892	52064	44762	
3437.99979122715	52128	44774	
3438.99979492516	52092	44785	
3439.99979364339	52108	44797	
3440.99979236162	52124	44809	
3441.99979107985	52112	44820	
3442.99979477786	52144	44832	
3443.99979349609	52112	44844	
3444.99979221432	52080	44856	
3445.99979093255	52080	44867	
3446.99979463055	52064	44879	
3447.99979334878	52108	44891	
3448.99979206701	52076	44903	
3449.99979576502	52064	44914	
3450.99979448325	52064	44926	
3451.99979320148	52112	44938	
3452.99979191971	52124	44949	
3453.99979561772	52076	44961	
3454.99979433595	52064	44973	
3455.99979305418	52080	44985	
3456.99979177241	52108	44996	
3457.99979547042	52048	45008	
3458.99979418865	52096	45020	
3459.99979290688	52108	45032	
3460.99979162511	52092	45043	
3461.99979532311	52124	45055	
3462.99979404134	52112	45067	
3463.99979275957	52076	45078	
3464.9997914778	52096	45090	
3465.99979517581	52096	45102	
3466.99979389404	52112	45114	
3467.99979261227	52096	45125	
3468.9997913305	52096	45137	
3469.99979502851	52112	45149	
3470.99979374674	52096	45160	
3471.99979246497	52124	45172	
3472.9997911832	52092	45184	
3473.99979488121	52112	45196	
3474.99979359944	52112	45207	
3475.99979231767	52140	45219	
3476.9997910359	52096	45231	
3477.9997947339	52108	45243	
3478.99979345213	52096	45254	
3479.99979217036	52108	45266	
3480.99979088859	52140	45278	
3481.9997945866	52092	45289	
3482.99979330483	52096	45301	
3483.99979202306	52096	45313	
3484.99979572107	52112	45325	
3485.9997944393	52124	45336	
3486.99979315753	52060	45348	
3487.99979187576	52108	45360	
3488.99979557376	52140	45371	
3489.99979429199	52140	45383	
3490.99979301023	52112	45395	
3491.99979172846	52112	45407	
3492.99979542646	52128	45418	
3493.99979414469	52092	45430	
3494.99979286292	52064	45442	
3495.99979158115	52096	45453	
3496.99979527916	52096	45465	
3497.99979399739	52080	45477	
3498.99979271562	52092	45489	
3499.99979143385	52124	45500	
3500.99979513186	52124	45512	
3501.99979385009	52112	45524	
3502.99979256832	52092	45535	
3503.99979128655	52092	45547	
3504.99979498455	52092	45559	
3505.99979370278	52076	45571	
3506.99979242102	52092	45582	
3507.99979113925	52124	45594	
3508.99978985748	52096	45606	
3509.99978857571	52096	45617	
3510.99978729394	52096	45629	
3511.99978601217	52076	45641	
3512.99978971017	52096	45653	
3513.9997884284	52108	45664	
3514.99978714663	52108	45676	
3515.99979084464	52124	45688	
3516.99978956287	52096	45699	
3517.9997882811	52124	45711	
3518.99978699933	52128	45723	
3519.99979069734	52076	45735	
3520.99978941557	52124	45746	
3521.9997881338	52108	45758	
3522.99978685203	52144	45770	
3523.99979055004	52080	45781	
3524.99978926827	52112	45793	
3525.9997879865	52112	45805	
3526.99978670473	52096	45816	
3527.99979040273	52096	45828	
3528.99978912096	52096	45840	
3529.99978783919	52140	45852	
3530.99978655742	52092	45863	
3531.99979025543	52096	45875	
3532.99978897366	52080	45887	
3533.99978769189	52124	45898	
3534.99978641012	52096	45910	
3535.99979010813	52124	45922	
3536.99978882636	52112	45934	
3537.99978754459	52112	45945	
3538.99978626282	52112	45957	
3539.99978996083	52076	45969	
3540.99978867906	52112	45980	
3541.99978739729	52112	45992	
3542.99978611552	52108	46004	
3543.99978981352	52064	46015	
3544.99978853175	52128	46027	
3545.99978724998	52124	46039	
3546.99978596821	52096	46051	
3547.99978966622	52160	46062	
3548.99978838445	52076	46074	
3549.99978710268	52108	46086	
3550.99979080069	52108	46097	
3551.99978951892	52108	46109	
3552.99978823715	52108	46121	
3553.99978695538	52080	46132	
3554.99979065338	52096	46144	
3555.99978937162	52124	46156	
3556.99978808985	52076	46168	
3557.99978680808	52092	46179	
3558.99979050608	52112	46191	
3559.99978922431	52092	46203	
3560.99978794254	52096	46214	
3561.99978666077	52108	46226	
3562.99979035878	52096	46238	
3563.99978907701	52096	46249	
3564.99978779524	52064	46261	
3565.99978651347	52092	46273	
3566.99979021148	52108	46285	
3567.99978892971	52064	46296	
3568.99978764794	52128	46308	
3569.99978636617	52096	46320	
3570.99979006417	52108	46331	
3571.9997887824	52080	46343	
3572.99978750064	52092	46355	
3573.99978621887	52124	46366	
3574.99978991687	52092	46378	
3575.9997886351	52112	46390	
3576.99978735333	52096	46401	
3577.99978607156	52060	46413	
3578.99978976957	52108	46425	
3579.9997884878	52092	46437	
3580.99978720603	52092	46448	
3581.99978592426	52092	46460	
3582.99978962227	52092	46472	
3583.9997883405	52080	46483	
3584.99978705873	52096	46495	
3585.99979075673	52108	46507	
3586.99978947496	52092	46518	
3587.99978819319	52124	46530	
3588.99978691143	52092	46542	
3589.99979060943	52060	46553	
3590.99978932766	52064	46565	
3591.99978804589	52096	46577	
3592.99978178435	52092	46589	
3593.99978548235	52112	46600	
3594.99978420058	52076	46612	
3595.99978291881	52128	46624	
3596.99978163704	52092	46635	
3597.99978533505	52112	46647	
3598.99978405328	52108	46659	
3599.99978277151	52108	46670	
3600.99978148974	52080	46682	
3601.99978518775	52108	46694	
3602.99978390598	52128	46705	
3603.99978262421	52092	46717	
3604.99978134244	52112	46729	
3605.99978504045	52096	46741	
3606.99978375868	52092	46752	
3607.99978247691	52112	46764	
3608.99978119514	52108	46776	
3609.99978489314	52112	46787	
3610.99978361137	52080	46799	
3611.9997823296	52096	46811	
3612.99978104783	52092	46822	
3613.99978474584	52096	46834	
3614.99978346407	52124	46846	
3615.9997821823	52096	46857	
3616.99978090053	52080	46869	
3617.99978459854	52112	46881	
3618.99978331677	52092	46892	
3619.999782035	52112	46904	
3620.999785733	52124	46916	
3621.99978445124	52096	46927	
3622.99978316947	52112	46939	
3623.9997818877	52144	46951	
3624.9997855857	52108	46963	
3625.99978430393	52108	46974	
3626.99978302216	52112	46986	
3627.99978174039	52092	46998	
3628.9997854384	52112	47009	
3629.99978415663	52124	47021	
3630.99978287486	52108	47033	
3631.99978159309	52096	47044	
3632.9997852911	52092	47056	
3633.99978400933	52128	47068	
3634.99978272756	52080	47079	
3635.99978144579	52028	47091	
3636.99978514379	52108	47103	
3637.99978386202	52092	47114	
3638.99978258026	52064	47126	
3639.99978129849	52060	47138	
3640.99978499649	52124	47149	
3641.99978371472	52112	47161	
3642.99978243295	52112	47173	
3643.99978115118	52080	47184	
3644.99978484919	52080	47196	
3645.99978356742	52112	47208	
3646.99978228565	52092	47219	
3647.99978100388	52092	47231	
3648.99978470189	52108	47243	
3649.99978342012	52128	47254	
3650.99978213835	52112	47266	
3651.99978583635	52128	47278	
3652.99978455458	52096	47290	
3653.99978327281	52128	47301	
3654.99978199105	52092	47313	
3655.99978568905	52076	47325	
3656.99978440728	52092	47336	
3657.99978312551	52080	47348	
3658.99978184374	52080	47360	
3659.99978554175	52112	47371	
3660.99978425998	52096	47383	
3661.99978297821	52092	47395	
3662.99978169644	52096	47406	
3663.99978539445	52048	47418	
3664.99978411268	52144	47430	
3665.99978283091	52096	47441	
3666.99978154914	52092	47453	
3667.99978524714	52140	47465	
3668.99978396537	52128	47476	
3669.9997826836	52108	47488	
3670.99978140183	52080	47500	
3671.99978509984	52096	47511	
3672.99978381807	52112	47523	
3673.9997825363	52108	47535	
3674.99978125453	52096	47546	
3675.99978495254	52092	47558	
3676.99977869099	52096	47570	
3677.99977740922	52096	47581	
3678.99977612745	52096	47593	
3679.99977982546	52124	47605	
3680.99977854369	52096	47616	
3681.99977726192	52112	47628	
3682.99977598015	52092	47640	
3683.99977967816	52108	47651	
3684.99977839639	52076	47663	
3685.99977711462	52080	47675	
3686.99978081262	52096	47686	
3687.99977953086	52124	47698	
3688.99977824909	52092	47710	
3689.99977696732	52096	47721	
3690.99978066532	52108	47733	
3691.99977938355	52080	47745	
3692.99977810178	52076	47756	
3693.99977682001	52080	47768	
3694.99978051802	52096	47780	
3695.99977923625	52080	47791	
3696.99977795448	52096	47803	
3697.99977667271	52112	47815	
3698.99978037072	52096	47826	
3699.99977908895	52064	47838	
3700.99977780718	52060	47850	
3701.99977652541	52060	47861	
3702.99978022341	52076	47873	
3703.99977894164	52092	47885	
3704.99977765988	52076	47896	
3705.99977637811	52064	47908	
3706.99978007611	52096	47920	
3707.99977879434	52060	47931	
3708.99977751257	52092	47943	
3709.9997762308	52092	47955	
3710.99977992881	52092	47966	
3711.99977864704	52076	47978	
3712.99977736527	52096	47990	
3713.9997760835	52108	48001	
3714.99977978151	52064	48013	
3715.99977849974	52080	48025	
3716.99977721797	52064	48036	
3717.9997759362	52076	48048	
3718.9997796342	52124	48060	
3719.99977835243	52080	48071	
3720.99977707067	52064	48083	
3721.99978076867	52076	48095	
3722.9997794869	52092	48106	
3723.99977820513	52124	48118	
3724.99977692336	52064	48130	
3725.99978062137	52092	48141	
3726.9997793396	52108	48153	
3727.99977805783	52108	48165	
3728.99977677606	52080	48176	
3729.99978047407	52048	48188	
3730.9997791923	52092	48199	
3731.99977791053	52064	48211	
3732.99977662876	52112	48223	
3733.99978032676	52108	48234	
3734.99977904499	52092	48246	
3735.99977776322	52096	48258	
3736.99977648145	52060	48269	
3737.99978017946	52128	48281	
3738.99977889769	52096	48293	
3739.99977761592	52092	48304	
3740.99977633415	52092	48316	
3741.99978003216	52080	48328	
3742.99977875039	52080	48339	
3743.99977746862	52092	48351	
3744.99977618685	52064	48363	
3745.99977988486	52112	48374	
3746.99977860309	52108	48386	
3747.99977732132	52080	48398	
3748.99977603955	52076	48409	
3749.99977973755	52076	48421	
3750.99977845578	52076	48433	
3751.99977717401	52096	48444	
3752.99978087202	52096	48456	
3753.99977959025	52076	48468	
3754.99977830848	52080	48479	
3755.99977702671	52092	48491	
3756.99978072472	52096	48503	
3757.99977944295	52112	48514	
3758.99977816118	52112	48526	
3759.99977189963	52112	48537	
3760.99977559764	52096	48549	
3761.99977431587	52092	48561	
3762.9997730341	52064	48572	
3763.99977175233	52080	48584	
3764.99977545034	52064	48596	
3765.99977416857	52092	48607	
3766.9997728868	52092	48619	
3767.99977160503	52060	48631	
3768.99977530303	52076	48642	
3769.99977402126	52108	48654	
3770.99977273949	52080	48666	
3771.99977145773	52060	48677	
3772.99977515573	52092	48689	
3773.99977387396	52112	48701	
3774.99977259219	52092	48712	
3775.99977131042	52128	48724	
3776.99977500843	52080	48735	
3777.99977372666	52092	48747	
3778.99977244489	52108	48759	
3779.99977116312	52060	48770	
3780.99977486113	52064	48782	
3781.99977357936	52092	48794	
3782.99977229759	52112	48805	
3783.99977101582	52064	48817	
3784.99977471382	52080	48829	
3785.99977343205	52076	48840	
3786.99977215028	52096	48852	
3787.99977584829	52060	48864	
3788.99977456652	52064	48875	
3789.99977328475	52080	48887	
3790.99977200298	52064	48899	
3791.99977570099	52112	48910	
3792.99977441922	52048	48922	
3793.99977313745	52076	48933	
3794.99977185568	52080	48945	
3795.99977555369	52060	48957	
3796.99977427192	52096	48968	
3797.99977299015	52076	48980	
3798.99977170838	52076	48992	
3799.99977540638	52064	49003	
3800.99977412461	52092	49015	
3801.99977284284	52076	49027	
3802.99977156107	52032	49038	
3803.99977525908	52048	49050	
3804.99977397731	52064	49062	
3805.99977269554	52048	49073	
3806.99977141377	52092	49085	
3807.99977511178	52060	49096	
3808.99977383001	52092	49108	
3809.99977254824	52044	49120	
3810.99977126647	52092	49131	
3811.99977496448	52064	49143	
3812.99977368271	52048	49155	
3813.99977240094	52064	49166	
3814.99977111917	52080	49178	
3815.99977481717	52076	49190	
3816.9997735354	52080	49201	
3817.99977225363	52076	49213	
3818.99977097186	52032	49224	
3819.99977466987	52028	49236	
3820.9997733881	52080	49248	
3821.99977210633	52028	49259	
3822.99977580434	51772	49271	
3823.99977452257	51728	49283	
3824.9997732408	51888	49294	
3825.99977195903	51568	49306	
3826.99977565703	51840	49318	
3827.99977437527	52352	49329	
3828.9997730935	51964	49341	
3829.99977181173	51808	49352	
3830.99977550973	52544	49364	
3831.99977422796	52540	49376	
3832.99977294619	52080	49387	
3833.99977166442	52592	49399	
3834.99977536243	52620	49411	
3835.99977408066	53052	49422	
3836.99977279889	52476	49434	
3837.99977151712	53024	49446	
3838.99977521513	53180	49457	
3839.99977393336	52688	49469	
3840.99977265159	53200	49480	
3841.99977136982	53516	49492	
3842.99977506782	53360	49504	
3843.99976880628	53244	49515	
3844.99976752451	53420	49527	
3845.99976624274	53996	49539	
3846.99976994075	53200	49550	
3847.99976865898	54012	49562	
3848.99976737721	53856	49573	
3849.99976609544	53616	49585	
3850.99976979344	54012	49597	
3851.99976851167	54064	49608	
3852.9997672299	54412	49620	
3853.99977092791	54160	49632	
3854.99976964614	54748	49643	
3855.99976836437	54688	49655	
3856.9997670826	54364	49667	
3857.99977078061	54588	49678	
3858.99976949884	55024	49690	
3859.99976821707	55004	49701	
3860.9997669353	54848	49713	
3861.99977063331	55292	49725	
3860.9997669353	55296	49706	
3859.99976821707	54800	49687	
3858.99976949884	54864	49668	
3857.99977078061	55296	49650	
3856.9997670826	54896	49631	
3855.99976836437	54380	49612	
3854.99976964614	54832	49594	
3853.99977092791	54780	49575	
3852.9997672299	54412	49556	
3851.99976851167	54416	49538	
3850.99976979344	54960	49519	
3849.99976609544	54320	49500	
3848.99976737721	53904	49481	
3847.99976865898	54592	49463	
3846.99976994075	54156	49444	
3845.99976624274	53920	49425	
3844.99976752451	54080	49407	
3843.99976880628	54092	49388	
3842.99977506782	53932	49369	
3841.99977136982	53372	49351	
3840.99977265159	53872	49332	
3839.99977393336	53804	49313	
3838.99977521513	53264	49295	
3837.99977151712	53456	49276	
3836.99977279889	53468	49257	
3835.99977408066	53040	49239	
3834.99977536243	53212	49220	
3833.99977166442	53308	49201	
3832.99977294619	53084	49183	
3831.99977422796	52860	49164	
3830.99977550973	53152	49145	
3829.99977181173	52752	49127	
3828.9997730935	52620	49108	
3827.99977437527	52688	49089	
3826.99977565703	52636	49071	
3825.99977195903	52112	49052	
3824.9997732408	52336	49034	
3823.99977452257	52780	49015	
3822.99977580434	52096	48996	
3821.99977210633	52144	48978	
3820.9997733881	51856	48959	
3819.99977466987	52240	48940	
3818.99977097186	51968	48922	
3817.99977225363	51392	48903	
3816.9997735354	51872	48885	
3815.99977481717	51980	48866	
3814.99977111917	51872	48847	
3813.99977240094	51980	48829	
3812.99977368271	51808	48810	
3811.99977496448	51916	48792	
3810.99977126647	51868	48773	
3809.99977254824	51792	48755	
3808.99977383001	52028	48736	
3807.99977511178	52000	48717	
3806.99977141377	51884	48699	
3805.99977269554	52108	48680	
3804.99977397731	52080	48662	
3803.99977525908	52064	48643	
3802.99977156107	52076	48624	
3801.99977284284	52064	48606	
3800.99977412461	52048	48587	
3799.99977540638	52076	48569	
3798.99977170838	52092	48550	
3797.99977299015	52080	48532	
3796.99977427192	52076	48513	
3795.99977555369	52080	48495	
3794.99977185568	52076	48476	
3793.99977313745	52044	48458	
3792.99977441922	52080	48439	
3791.99977570099	52096	48420	
3790.99977200298	52080	48402	
3789.99977328475	52080	48383	
3788.99977456652	52096	48365	
3787.99977584829	52032	48346	
3786.99977215028	52096	48328	
3785.99977343205	52076	48309	
3784.99977471382	52064	48291	
3783.99977101582	52064	48272	
3782.99977229759	52016	48254	
3781.99977357936	52076	48235	
3780.99977486113	52080	48217	
3779.99977116312	52092	48198	
3778.99977244489	52064	48180	
3777.99977372666	52080	48161	
3776.99977500843	52092	48143	
3775.99977131042	52060	48124	
3774.99977259219	52076	48106	
3773.99977387396	52064	48087	
3772.99977515573	52048	48069	
3771.99977145773	52080	48050	
3770.99977273949	52064	48032	
3769.99977402126	52076	48013	
3768.99977530303	52080	47995	
3767.99977160503	52092	47976	
3766.9997728868	52092	47958	
3765.99977416857	52092	47940	
3764.99977545034	52080	47921	
3763.99977175233	52080	47903	
3762.9997730341	52080	47884	
3761.99977431587	52048	47866	
3760.99977559764	52060	47847	
3759.99977189963	52080	47829	
3758.99977816118	52112	47810	
3757.99977944295	52076	47792	
3756.99978072472	52080	47773	
3755.99977702671	52064	47755	
3754.99977830848	52080	47737	
3753.99977959025	52092	47718	
3752.99978087202	52076	47700	
3751.99977717401	52076	47681	
3750.99977845578	52092	47663	
3749.99977973755	52080	47645	
3748.99977603955	52080	47626	
3747.99977732132	52076	47608	
3746.99977860309	52064	47589	
3745.99977988486	52092	47571	
3744.99977618685	52092	47552	
3743.99977746862	52080	47534	
3742.99977875039	52080	47516	
3741.99978003216	52060	47497	
3740.99977633415	52092	47479	
3739.99977761592	52076	47460	
3738.99977889769	52096	47442	
3737.99978017946	52060	47424	
3736.99977648145	52092	47405	
3735.99977776322	52064	47387	
3734.99977904499	52108	47369	
3733.99978032676	52108	47350	
3732.99977662876	52060	47332	
3731.99977791053	52044	47313	
3730.9997791923	52076	47295	
3729.99978047407	52080	47277	
3728.99977677606	52092	47258	
3727.99977805783	52080	47240	
3726.9997793396	52064	47222	
3725.99978062137	52092	47203	
3724.99977692336	52092	47185	
3723.99977820513	52080	47167	
3722.9997794869	52064	47148	
3721.99978076867	52108	47130	
3720.99977707067	52096	47112	
3719.99977835243	52092	47093	
3718.9997796342	52080	47075	
3717.9997759362	52064	47057	
3716.99977721797	52112	47038	
3715.99977849974	52092	47020	
3714.99977978151	52064	47002	
3713.9997760835	52092	46983	
3712.99977736527	52060	46965	
3711.99977864704	52108	46947	
3710.99977992881	52080	46928	
3709.9997762308	52076	46910	
3708.99977751257	52064	46892	
3707.99977879434	52060	46873	
3706.99978007611	52092	46855	
3705.99977637811	52060	46837	
3704.99977765988	52108	46818	
3703.99977894164	52124	46800	
3702.99978022341	52064	46782	
3701.99977652541	52080	46764	
3700.99977780718	52076	46745	
3699.99977908895	52096	46727	
3698.99978037072	52096	46709	
3697.99977667271	52092	46690	
3696.99977795448	52044	46672	
3695.99977923625	52048	46654	
3694.99978051802	52128	46636	
3693.99977682001	52048	46617	
3692.99977810178	52128	46599	
3691.99977938355	52108	46581	
3690.99978066532	52064	46562	
3689.99977696732	52092	46544	
3688.99977824909	52092	46526	
3687.99977953086	52108	46508	
3686.99978081262	52096	46489	
3685.99977711462	52092	46471	
3684.99977839639	52044	46453	
3683.99977967816	52080	46435	
3682.99977598015	52108	46416	
3681.99977726192	52108	46398	
3680.99977854369	52080	46380	
3679.99977982546	52080	46362	
3678.99977612745	52096	46344	
3677.99977740922	52096	46325	
3676.99977869099	52080	46307	
3675.99978495254	52080	46289	
3674.99978125453	52080	46271	
3673.9997825363	52112	46252	
3672.99978381807	52092	46234	
3671.99978509984	52064	46216	
3670.99978140183	52080	46198	
3669.9997826836	52092	46180	
3668.99978396537	52096	46161	
3667.99978524714	52080	46143	
3666.99978154914	52112	46125	
3665.99978283091	52096	46107	
3664.99978411268	52108	46089	
3663.99978539445	52108	46070	
3662.99978169644	52124	46052	
3661.99978297821	52064	46034	
3660.99978425998	52080	46016	
3659.99978554175	52108	45998	
3658.99978184374	52076	45979	
3657.99978312551	52108	45961	
3656.99978440728	52108	45943	
3655.99978568905	52128	45925	
3654.99978199105	52108	45907	
3653.99978327281	52064	45889	
3652.99978455458	52060	45870	
3651.99978583635	52112	45852	
3650.99978213835	52096	45834	
3649.99978342012	52092	45816	
3648.99978470189	52064	45798	
3647.99978100388	52108	45780	
3646.99978228565	52060	45761	
3645.99978356742	52108	45743	
3644.99978484919	52092	45725	
3643.99978115118	52108	45707	
3642.99978243295	52076	45689	
3641.99978371472	52076	45671	
3640.99978499649	52108	45653	
3639.99978129849	52108	45634	
3638.99978258026	52124	45616	
3637.99978386202	52096	45598	
3636.99978514379	52076	45580	
3635.99978144579	52108	45562	
3634.99978272756	52080	45544	
3633.99978400933	52092	45526	
3632.9997852911	52096	45508	
3631.99978159309	52076	45490	
3630.99978287486	52080	45471	
3629.99978415663	52076	45453	
3628.9997854384	52060	45435	
3627.99978174039	52060	45417	
3626.99978302216	52092	45399	
3625.99978430393	52124	45381	
3624.9997855857	52112	45363	
3623.9997818877	52080	45345	
3622.99978316947	52112	45327	
3621.99978445124	52076	45309	
3620.999785733	52124	45290	
3619.999782035	52092	45272	
3618.99978331677	52128	45254	
3617.99978459854	52064	45236	
3616.99978090053	52092	45218	
3615.9997821823	52080	45200	
3614.99978346407	52124	45182	
3613.99978474584	52076	45164	
3612.99978104783	52064	45146	
3611.9997823296	52108	45128	
3610.99978361137	52108	45110	
3609.99978489314	52108	45092	
3608.99978119514	52048	45074	
3607.99978247691	52112	45056	
3606.99978375868	52064	45037	
3605.99978504045	52112	45019	
3604.99978134244	52096	45001	
3603.99978262421	52092	44983	
3602.99978390598	52128	44965	
3601.99978518775	52108	44947	
3600.99978148974	52108	44929	
3599.99978277151	52096	44911	
3598.99978405328	52092	44893	
3597.99978533505	52060	44875	
3596.99978163704	52108	44857	
3595.99978291881	52092	44839	
3594.99978420058	52080	44821	
3593.99978548235	52080	44803	
3592.99978178435	52048	44785	
3591.99978804589	52124	44767	
3590.99978932766	52096	44749	
3589.99979060943	52092	44731	
3588.99978691143	52140	44713	
3587.99978819319	52112	44695	
3586.99978947496	52092	44677	
3585.99979075673	52044	44659	
3584.99978705873	52048	44641	
3583.9997883405	52076	44623	
3582.99978962227	52080	44605	
3581.99978592426	52064	44587	
3580.99978720603	52108	44569	
3579.9997884878	52108	44551	
3578.99978976957	52064	44533	
3577.99978607156	52080	44515	
3576.99978735333	52064	44497	
3575.9997886351	52080	44479	
3574.99978991687	52112	44461	
3573.99978621887	52032	44443	
3572.99978750064	52108	44425	
3571.9997887824	52076	44407	
3570.99979006417	52096	44389	
3569.99978636617	52140	44371	
3568.99978764794	52076	44353	
3567.99978892971	52108	44335	
3566.99979021148	52092	44317	
3565.99978651347	52096	44300	
3564.99978779524	52080	44282	
3563.99978907701	52096	44264	
3562.99979035878	52092	44246	
3561.99978666077	52092	44228	
3560.99978794254	52124	44210	
3559.99978922431	52108	44192	
3558.99979050608	52112	44174	
3557.99978680808	52080	44156	
3556.99978808985	52092	44138	
3555.99978937162	52060	44120	
3554.99979065338	52076	44102	
3553.99978695538	52080	44084	
3552.99978823715	52096	44066	
3551.99978951892	52080	44048	
3550.99979080069	52112	44031	
3549.99978710268	52112	44013	
3548.99978838445	52080	43995	
3547.99978966622	52060	43977	
3546.99978596821	52080	43959	
3545.99978724998	52092	43941	
3544.99978853175	52124	43923	
3543.99978981352	52096	43905	
3542.99978611552	52092	43887	
3541.99978739729	52076	43869	
3540.99978867906	52112	43852	
3539.99978996083	52076	43834	
3538.99978626282	52128	43816	
3537.99978754459	52112	43798	
3536.99978882636	52092	43780	
3535.99979010813	52112	43762	
3534.99978641012	52108	43744	
3533.99978769189	52112	43726	
3532.99978897366	52092	43708	
3531.99979025543	52092	43691	
3530.99978655742	52080	43673	
3529.99978783919	52076	43655	
3528.99978912096	52112	43637	
3527.99979040273	52064	43619	
3526.99978670473	52076	43601	
3525.9997879865	52108	43583	
3524.99978926827	52124	43566	
3523.99979055004	52112	43548	
3522.99978685203	52096	43530	
3521.9997881338	52096	43512	
3520.99978941557	52096	43494	
3519.99979069734	52096	43476	
3518.99978699933	52080	43458	
3517.9997882811	52076	43441	
3516.99978956287	52112	43423	
3515.99979084464	52092	43405	
3514.99978714663	52076	43387	
3513.9997884284	52092	43369	
3512.99978971017	52108	43352	
3511.99978601217	52060	43334	
3510.99978729394	52080	43316	
3509.99978857571	52096	43298	
3508.99978985748	52076	43280	
3507.99979113925	52092	43262	
3506.99979242102	52124	43245	
3505.99979370278	52092	43227	
3504.99979498455	52140	43209	
3503.99979128655	52092	43191	
3502.99979256832	52092	43173	
3501.99979385009	52076	43156	
3500.99979513186	52064	43138	
3499.99979143385	52064	43120	
3498.99979271562	52096	43102	
3497.99979399739	52080	43084	
3496.99979527916	52092	43067	
3495.99979158115	52064	43049	
3494.99979286292	52144	43031	
3493.99979414469	52112	43013	
3492.99979542646	52108	42995	
3491.99979172846	52080	42978	
3490.99979301023	52092	42960	
3489.99979429199	52076	42942	
3488.99979557376	52096	42924	
3487.99979187576	52096	42907	
3486.99979315753	52048	42889	
3485.9997944393	52064	42871	
3484.99979572107	52108	42853	
3483.99979202306	52092	42836	
3482.99979330483	52108	42818	
3481.9997945866	52076	42800	
3480.99979088859	52096	42782	
3479.99979217036	52076	42765	
3478.99979345213	52060	42747	
3477.9997947339	52060	42729	
3476.9997910359	52060	42711	
3475.99979231767	52108	42694	
3474.99979359944	52092	42676	
3473.99979488121	52096	42658	
3472.9997911832	52080	42640	
3471.99979246497	52080	42623	
3470.99979374674	52092	42605	
3469.99979502851	52108	42587	
3468.9997913305	52076	42569	
3467.99979261227	52080	42552	
3466.99979389404	52096	42534	
3465.99979517581	52080	42516	
3464.9997914778	52096	42499	
3463.99979275957	52092	42481	
3462.99979404134	52092	42463	
3461.99979532311	52108	42445	
3460.99979162511	52096	42428	
3459.99979290688	52092	42410	
3458.99979418865	52060	42392	
3457.99979547042	52112	42375	
3456.99979177241	52124	42357	
3455.99979305418	52156	42339	
3454.99979433595	52096	42322	
3453.99979561772	52108	42304	
3452.99979191971	52076	42286	
3451.99979320148	52092	42268	
3450.99979448325	52124	42251	
3449.99979576502	52080	42233	
3448.99979206701	52128	42215	
3447.99979334878	52124	42198	
3446.99979463055	52092	42180	
3445.99979093255	52140	42162	
3444.99979221432	52140	42145	
3443.99979349609	52124	42127	
3442.99979477786	52092	42109	
3441.99979107985	52112	42092	
3440.99979236162	52140	42074	
3439.99979364339	52080	42056	
3438.99979492516	52124	42039	
3437.99979122715	52112	42021	
3436.99979250892	52064	42003	
3435.99979379069	52092	41986	
3434.99979507246	52108	41968	
3433.99979137446	52080	41950	
3432.99979265622	52112	41933	
3431.99979393799	52092	41915	
3430.99979521976	52096	41898	
3429.99979152176	52140	41880	
3428.99979280353	52096	41862	
3427.9997940853	52080	41845	
3426.99979536707	52080	41827	
3425.99979166906	52112	41809	
3424.99979793061	52092	41792	
3423.99979921237	52112	41774	
3422.99980049414	52124	41756	
3421.99979679614	52096	41739	
3420.99979807791	52092	41721	
3419.99979935968	52112	41704	
3418.99980064145	52112	41686	
3417.99979694344	52064	41668	
3416.99979822521	52096	41651	
3415.99979950698	52096	41633	
3414.99980078875	52112	41616	
3413.99979709074	52124	41598	
3412.99979837251	52080	41580	
3411.99979965428	52092	41563	
3410.99979595628	52096	41545	
3409.99979723805	52096	41528	
3408.99979851982	52112	41510	
3407.99979980159	52108	41492	
3406.99979610358	52096	41475	
3405.99979738535	52096	41457	
3404.99979866712	52076	41440	
3403.99979994889	52124	41422	
3402.99979625088	52060	41404	
3401.99979753265	52064	41387	
3400.99979881442	52096	41369	
3399.99980009619	52128	41352	
3398.99979639818	52096	41334	
3397.99979767995	52128	41317	
3396.99979896172	52096	41299	
3395.99980024349	52108	41282	
3394.99979654549	52112	41264	
3393.99979782726	52108	41246	
3392.99979910903	52108	41229	
3391.9998003908	52092	41211	
3390.99979669279	52108	41194	
3389.99979797456	52124	41176	
3388.99979925633	52092	41159	
3387.9998005381	52096	41141	
3386.99979684009	52128	41124	
3385.99979812186	52108	41106	
3384.99979940363	52096	41088	
3383.9998006854	52080	41071	
3382.99979698739	52076	41053	
3381.99979826916	52080	41036	
3380.99979955093	52108	41018	
3379.99979585293	52092	41001	
3378.9997971347	52140	40983	
3377.99979841647	52096	40966	
3376.99979969824	52112	40948	
3375.99979600023	52060	40931	
3374.999797282	52140	40913	
3373.99979856377	52096	40896	
3372.99979984554	52156	40878	
3371.99979614753	52108	40861	
3370.9997974293	52064	40843	
3369.99979871107	52124	40826	
3368.99979999284	52112	40808	
3367.99979629484	52076	40791	
3366.9997975766	52128	40773	
3365.99979885837	52096	40756	
3364.99980014014	52128	40738	
3363.99979644214	52112	40721	
3362.99979772391	52140	40703	
3361.99979900568	52124	40686	
3360.99980028745	52144	40668	
3359.99979658944	52112	40651	
3358.99979787121	52108	40633	
3357.99979915298	52128	40616	
3356.99980043475	52096	40598	
3355.99979673674	52128	40581	
3354.99979801851	52096	40563	
3353.99979930028	52124	40546	
3352.99980058205	52156	40528	
3351.99979688405	52096	40511	
3350.99979816581	52112	40493	
3349.99979944758	52108	40476	
3348.99980072935	52108	40458	
3347.99979703135	52064	40441	
3346.99979831312	52108	40423	
3345.99979959489	52092	40406	
3344.99979589688	52112	40389	
3343.99979717865	52112	40371	
3342.99979846042	52092	40354	
3341.99979974219	52124	40336	
3340.99980102396	52080	40319	
3339.99980230573	52128	40301	
3338.9998035875	52092	40284	
3337.99980486927	52108	40266	
3336.99980117126	52092	40249	
3335.99980245303	52112	40232	
3334.9998037348	52108	40214	
3333.99980501657	52128	40197	
3332.99980131856	52112	40179	
3331.99980260033	52128	40162	
3330.9998038821	52128	40144	
3329.99980516387	52108	40127	
3328.99980146587	52108	40110	
3327.99980274764	52160	40092	
3326.99980402941	52096	40075	
3325.99980531118	52092	40057	
3324.99980161317	52156	40040	
3323.99980289494	52064	40023	
3322.99980417671	52096	40005	
3321.99980545848	52076	39988	
3320.99980176047	52096	39970	
3319.99980304224	52096	39953	
3318.99980432401	52124	39935	
3317.99980560578	52096	39918	
3316.99980190777	52092	39901	
3315.99980318954	52096	39883	
3314.99980447131	52124	39866	
3313.99980575308	52092	39849	
3312.99980205508	52092	39831	
3311.99980333685	52096	39814	
3310.99980461862	52096	39796	
3309.99980092061	52092	39779	
3308.99980220238	52092	39762	
3307.99980348415	52124	39744	
3306.99980476592	52076	39727	
3305.99980106791	52112	39709	
3304.99980234968	52108	39692	
3303.99980363145	52112	39675	
3302.99980491322	52124	39657	
3301.99980121522	52096	39640	
3300.99980249698	52112	39623	
3299.99980377875	52092	39605	
3298.99980506052	52108	39588	
3297.99980136252	52128	39571	
3296.99980264429	52096	39553	
3295.99980392606	52096	39536	
3294.99980520783	52112	39518	
3293.99980150982	52108	39501	
3292.99980279159	52080	39484	
3291.99980407336	52108	39466	
3290.99980535513	52108	39449	
3289.99980165712	52128	39432	
3288.99980293889	52124	39414	
3287.99980422066	52112	39397	
3286.99980550243	52144	39380	
3285.99980180443	52112	39362	
3284.99980308619	52096	39345	
3283.99980436796	52096	39328	
3282.99980564973	52092	39310	
3281.99980195173	52124	39293	
3280.9998032335	52092	39276	
3279.99980451527	52128	39258	
3278.99980081726	52092	39241	
3277.99980209903	52108	39224	
3276.9998033808	52128	39206	
3275.99980466257	52124	39189	
3274.99980096456	52124	39172	
3273.99980224633	52096	39155	
3272.9998035281	52128	39137	
3271.99980480987	52124	39120	
3270.99980111187	52092	39103	
3269.99980239364	52092	39085	
3268.99980367541	52112	39068	
3267.99980495718	52124	39051	
3266.99980125917	52124	39033	
3265.99980254094	52112	39016	
3264.99980382271	52092	38999	
3263.99980510448	52128	38982	
3262.99980140647	52108	38964	
3261.99980268824	52112	38947	
3260.99980397001	52124	38930	
3259.99980525178	52156	38912	
3258.99980155377	52124	38895	
3257.99980781532	52092	38878	
3256.99980909709	52092	38861	
3255.99981037886	52140	38843	
3254.99980668085	52108	38826	
3253.99980796262	52112	38809	
3252.99980924439	52080	38792	
3251.99981052616	52080	38774	
3250.99980682815	52124	38757	
3249.99980810992	52096	38740	
3248.99980939169	52112	38722	
3247.99981067346	52112	38705	
3246.99980697546	52112	38688	
3245.99980825723	52128	38671	
3244.999809539	52112	38653	
3243.99980584099	52112	38636	
3242.99980712276	52108	38619	
3241.99980840453	52108	38602	
3240.9998096863	52108	38584	
3239.99980598829	52124	38567	
3238.99980727006	52092	38550	
3237.99980855183	52096	38533	
3236.9998098336	52080	38516	
3235.9998061356	52080	38498	
3234.99980741737	52124	38481	
3233.99980869913	52080	38464	
3232.9998099809	52128	38447	
3231.9998062829	52076	38429	
3230.99980756467	52124	38412	
3229.99980884644	52140	38395	
3228.99981012821	52112	38378	
3227.9998064302	52112	38360	
3226.99980771197	52096	38343	
3225.99980899374	52128	38326	
3224.99981027551	52124	38309	
3223.9998065775	52080	38292	
3222.99980785927	52124	38274	
3221.99980914104	52096	38257	
3220.99981042281	52124	38240	
3219.99980672481	52124	38223	
3218.99980800658	52108	38206	
3217.99980928834	52096	38188	
3216.99981057011	52140	38171	
3215.99980687211	52124	38154	
3214.99980815388	52080	38137	
3213.99980943565	52080	38120	
3212.99981071742	52092	38102	
3211.99980701941	52108	38085	
3210.99980830118	52092	38068	
3209.99980958295	52092	38051	
3208.99980588494	52112	38034	
3207.99980716671	52092	38017	
3206.99980844848	52080	37999	
3205.99980973025	52112	37982	
3204.99980603225	52092	37965	
3203.99980731402	52108	37948	
3202.99980859579	52108	37931	
3201.99980987756	52112	37914	
3200.99980617955	52112	37896	
3199.99980746132	52076	37879	
3198.99980874309	52048	37862	
3197.99981002486	52076	37845	
3196.99980632685	52080	37828	
3195.99980760862	52108	37811	
3194.99980889039	52096	37793	
3193.99981017216	52092	37776	
3192.99980647415	52080	37759	
3191.99980775592	52112	37742	
3190.99980903769	52112	37725	
3189.99981031946	52080	37708	
3188.99980662146	52160	37691	
3187.99980790323	52108	37673	
3186.999809185	52128	37656	
3185.99981046677	52124	37639	
3184.99980676876	52064	37622	
3183.99980805053	52080	37605	
3182.9998093323	52080	37588	
3181.99981061407	52080	37571	
3180.99980691606	52108	37553	
3179.99980819783	52108	37536	
3178.9998094796	52096	37519	
3177.99981076137	52112	37502	
3176.99980706336	52092	37485	
3175.99980834513	52112	37468	
3174.9998096269	52112	37451	
3173.99981090867	52124	37434	
3172.99981219044	52092	37417	
3171.99981347221	52108	37399	
3170.99981475398	52108	37382	
3169.99981105598	52128	37365	
3168.99981233775	52112	37348	
3167.99981361951	52092	37331	
3166.99981490128	52112	37314	
3165.99981120328	52112	37297	
3164.99981248505	52140	37280	
3163.99981376682	52140	37263	
3162.99981504859	52124	37246	
3161.99981135058	52108	37228	
3160.99981263235	52112	37211	
3159.99981391412	52112	37194	
3158.99981519589	52112	37177	
3157.99981149788	52112	37160	
3156.99981277965	52144	37143	
3155.99981406142	52096	37126	
3154.99981534319	52156	37109	
3153.99981164519	52124	37092	
3152.99981292696	52108	37075	
3151.99981420872	52140	37058	
3150.99981549049	52140	37041	
3149.99981179249	52124	37023	
3148.99981307426	52112	37006	
3147.99981435603	52092	36989	
3146.9998156378	52124	36972	
3145.99981193979	52128	36955	
3144.99981322156	52140	36938	
3143.99981450333	52144	36921	
3142.99981080532	52144	36904	
3141.99981208709	52144	36887	
3140.99981336886	52128	36870	
3139.99981465063	52128	36853	
3138.99981095263	52096	36836	
3137.9998122344	52092	36819	
3136.99981351617	52144	36802	
3135.99981479794	52128	36785	
3134.99981109993	52112	36768	
3133.9998123817	52124	36751	
3132.99981366347	52108	36734	
3131.99981494524	52108	36717	
3130.99981124723	52112	36700	
3129.999812529	52140	36683	
3128.99981381077	52112	36665	
3127.99981509254	52076	36648	
3126.99981139453	52144	36631	
3125.9998126763	52144	36614	
3124.99981395807	52108	36597	
3123.99981523984	52108	36580	
3122.99981154184	52140	36563	
3121.99981282361	52144	36546	
3120.99981410538	52096	36529	
3119.99981538715	52128	36512	
3118.99981168914	52128	36495	
3117.99981297091	52144	36478	
3116.99981425268	52144	36461	
3115.99981553445	52128	36444	
3114.99981183644	52144	36427	
3113.99981311821	52092	36410	
3112.99981439998	52144	36393	
3111.99981568175	52112	36376	
3110.99981198374	52112	36359	
3109.99981326551	52144	36342	
3108.99981454728	52144	36325	
3107.99981084928	52172	36308	
3106.99981213105	52140	36291	
3105.99981341282	52108	36274	
3104.99981469459	52124	36257	
3103.99981099658	52140	36240	
3102.99981227835	52112	36223	
3101.99981356012	52156	36206	
3100.99981484189	52112	36189	
3099.99981114388	52112	36172	
3098.99981242565	52108	36156	
3097.99981370742	52144	36139	
3096.99981498919	52108	36122	
3095.99981129118	52124	36105	
3094.99981257295	52140	36088	
3093.99981385472	52112	36071	
3092.99981513649	52112	36054	
3091.99981143849	52096	36037	
3090.99981770003	52128	36020	
3089.9998189818	52144	36003	
3088.99982026357	52160	35986	
3087.99981656557	52108	35969	
3086.99981784734	52144	35952	
3085.9998191291	52124	35935	
3084.99982041087	52128	35918	
3083.99981671287	52124	35901	
3082.99981799464	52128	35884	
3081.99981927641	52096	35867	
3080.99982055818	52096	35850	
3079.99981686017	52108	35833	
3078.99981814194	52128	35816	
3077.99981942371	52140	35799	
3076.99982070548	52176	35783	
3075.99981700747	52128	35766	
3074.99981828924	52112	35749	
3073.99981957101	52124	35732	
3072.99981587301	52124	35715	
3071.99981715478	52092	35698	
3070.99981843655	52112	35681	
3069.99981971831	52156	35664	
3068.99981602031	52096	35647	
3067.99981730208	52124	35630	
3066.99981858385	52128	35613	
3065.99981986562	52140	35596	
3064.99981616761	52080	35580	
3063.99981744938	52144	35563	
3062.99981873115	52124	35546	
3061.99982001292	52112	35529	
3060.99981631491	52140	35512	
3059.99981759668	52112	35495	
3058.99981887845	52124	35478	
3057.99982016022	52128	35461	
3056.99981646222	52096	35444	
3055.99981774399	52112	35427	
3054.99981902576	52108	35410	
3053.99982030753	52128	35394	
3052.99981660952	52176	35377	
3051.99981789129	52128	35360	
3050.99981917306	52140	35343	
3049.99982045483	52124	35326	
3048.99981675682	52128	35309	
3047.99981803859	52128	35292	
3046.99981932036	52128	35275	
3045.99982060213	52124	35259	
3044.99981690412	52080	35242	
3043.99981818589	52096	35225	
3042.99981946766	52140	35208	
3041.99981576966	52144	35191	
3040.99981705143	52112	35174	
3039.9998183332	52128	35157	
3038.99981961497	52096	35140	
3037.99981591696	52124	35124	
3036.99981719873	52112	35107	
3035.9998184805	52092	35090	
3034.99981976227	52124	35073	
3033.99981606426	52112	35056	
3032.99981734603	52108	35039	
3031.9998186278	52112	35022	
3030.99981990957	52112	35006	
3029.99981621156	52112	34989	
3028.99981749333	52140	34972	
3027.9998187751	52112	34955	
3026.99982005687	52112	34938	
3025.99981635887	52096	34921	
3024.99981764064	52144	34905	
3023.99981892241	52112	34888	
3022.99982020418	52124	34871	
3021.99981650617	52108	34854	
3020.99981778794	52124	34837	
3019.99981906971	52096	34820	
3018.99982035148	52060	34804	
3017.99981665347	52112	34787	
3016.99981793524	52112	34770	
3015.99981921701	52080	34753	
3014.99982049878	52108	34736	
3013.99981680078	52096	34719	
3012.99981808254	52124	34703	
3011.99981936431	52108	34686	
3010.99982064608	52124	34669	
3009.99981694808	52140	34652	
3008.99981822985	52080	34635	
3007.99981951162	52108	34619	
3006.99982079339	52124	34602	
3005.99982207516	52156	34585	
3004.99982335693	52112	34568	
3003.99982463869	52140	34551	
3002.99982094069	52172	34534	
3001.99982222246	52124	34518	
3000.99982350423	52124	34501	
2999.999824786	52112	34484	
2998.99982108799	52140	34467	
2997.99982236976	52096	34450	
2996.99982365153	52112	34434	
2995.9998249333	52140	34417	
2994.99982123529	52124	34400	
2993.99982251706	52112	34383	
2992.99982379883	52124	34367	
2991.9998250806	52112	34350	
2990.9998213826	52108	34333	
2989.99982266437	52112	34316	
2988.99982394614	52128	34299	
2987.99982522791	52076	34283	
2986.9998215299	52144	34266	
2985.99982281167	52140	34249	
2984.99982409344	52176	34232	
2983.99982537521	52124	34216	
2982.9998216772	52096	34199	
2981.99982295897	52108	34182	
2980.99982424074	52124	34165	
2979.99982552251	52124	34149	
2978.9998218245	52140	34132	
2977.99982310627	52124	34115	
2976.99982438804	52124	34098	
2975.99982566981	52144	34081	
2974.99982197181	52140	34065	
2973.99982325358	52144	34048	
2972.99982453535	52112	34031	
2971.99982083734	52128	34014	
2970.99982211911	52124	33998	
2969.99982340088	52108	33981	
2968.99982468265	52128	33964	
2967.99982098464	52160	33948	
2966.99982226641	52112	33931	
2965.99982354818	52160	33914	
2964.99982482995	52124	33897	
2963.99982113194	52112	33881	
2962.99982241371	52144	33864	
2961.99982369548	52124	33847	
2960.99982497725	52096	33830	
2959.99982127925	52140	33814	
2958.99982256102	52128	33797	
2957.99982384279	52156	33780	
2956.99982512456	52144	33763	
2955.99982142655	52156	33747	
2954.99982270832	52080	33730	
2953.99982399009	52160	33713	
2952.99982527186	52128	33697	
2951.99982157385	52160	33680	
2950.99982285562	52092	33663	
2949.99982413739	52124	33646	
2948.99982541916	52128	33630	
2947.99982172116	52156	33613	
2946.99982300292	52112	33596	
2945.99982428469	52112	33580	
2944.99982556646	52128	33563	
2943.99982186846	52128	33546	
2942.99982315023	52144	33530	
2941.999824432	52140	33513	
2940.99982073399	52128	33496	
2939.99982201576	52140	33479	
2938.99982329753	52128	33463	
2937.9998245793	52124	33446	
2936.99982088129	52112	33429	
2935.99982216306	52112	33413	
2934.99982344483	52112	33396	
2933.9998247266	52128	33379	
2932.9998210286	52096	33363	
2931.99982231037	52112	33346	
2930.99982359213	52112	33329	
2929.9998248739	52144	33313	
2928.9998211759	52092	33296	
2927.99982245767	52144	33279	
2926.99982373944	52108	33263	
2925.99982502121	52124	33246	
2924.9998213232	52124	33229	
2923.99982758475	52112	33213	
2922.99982886652	52140	33196	
2921.99983014829	52140	33179	
2920.99982645028	52108	33163	
2919.99982773205	52128	33146	
2918.99982901382	52124	33129	
2917.99983029559	52124	33113	
2916.99982659758	52096	33096	
2915.99982787935	52092	33079	
2914.99982916112	52124	33063	
2913.99983044289	52160	33046	
2912.99982674488	52112	33029	
2911.99982802665	52144	33013	
2910.99982930842	52112	32996	
2909.99983059019	52128	32979	
2908.99982689219	52096	32963	
2907.99982817396	52112	32946	
2906.99982945573	52076	32929	
2905.99982575772	52112	32913	
2904.99982703949	52112	32896	
2903.99982832126	52156	32880	
2902.99982960303	52112	32863	
2901.99982590502	52140	32846	
2900.99982718679	52124	32830	
2899.99982846856	52176	32813	
2898.99982975033	52160	32796	
2897.99982605232	52140	32780	
2896.99982733409	52144	32763	
2895.99982861586	52140	32747	
2894.99982989763	52124	32730	
2893.99982619963	52128	32713	
2892.9998274814	52160	32697	
2891.99982876317	52156	32680	
2890.99983004494	52172	32664	
2889.99982634693	52156	32647	
2888.9998276287	52108	32630	
2887.99982891047	52140	32614	
2886.99983019224	52128	32597	
2885.99982649423	52144	32580	
2884.999827776	52140	32564	
2883.99982905777	52160	32547	
2882.99983033954	52144	32531	
2881.99982664154	52156	32514	
2880.9998279233	52124	32497	
2879.99982920507	52108	32481	
2878.99983048684	52144	32464	
2877.99982678884	52108	32448	
2876.99982807061	52140	32431	
2875.99982935238	52124	32415	
2874.99983063415	52112	32398	
2873.99982693614	52108	32381	
2872.99982821791	52144	32365	
2871.99982949968	52156	32348	
2870.99982580167	52156	32332	
2869.99982708344	52108	32315	
2868.99982836521	52112	32298	
2867.99982964698	52112	32282	
2866.99982594898	52124	32265	
2865.99982723075	52112	32249	
2864.99982851251	52112	32232	
2863.99982979428	52124	32216	
2862.99982609628	52144	32199	
2861.99982737805	52140	32182	
2860.99982865982	52140	32166	
2859.99982994159	52156	32149	
2858.99982624358	52144	32133	
2857.99982752535	52112	32116	
2856.99982880712	52156	32100	
2855.99983008889	52124	32083	
2854.99982639088	52144	32067	
2853.99982767265	52096	32050	
2852.99982895442	52156	32034	
2851.99983023619	52080	32017	
2850.99982653819	52108	32001	
2849.99982781996	52128	31984	
2848.99982910173	52144	31968	
2847.99983038349	52112	31951	
2846.99982668549	52172	31935	
2845.99982796726	52160	31918	
2844.99982924903	52128	31902	
2843.9998305308	52160	31885	
2842.99982683279	52128	31869	
2841.99982811456	52108	31852	
2840.99982939633	52160	31836	
2839.99983565788	52172	31819	
